7.245441e+14 4.000024e+07 4.000026e+07 4.000039e+07 4.000150e+07 4.000378e+07 4.000598e+07 4.000747e+07 4.000831e+07 4.000874e+07 4.000893e+07 4.000898e+07 4.000894e+07 4.000886e+07
7.013171e+14 4.000025e+07 4.000027e+07 4.000041e+07 4.000153e+07 4.000382e+07 4.000601e+07 4.000749e+07 4.000832e+07 4.000875e+07 4.000893e+07 4.000898e+07 4.000894e+07 4.000886e+07
6.823586e+14 4.000026e+07 4.000028e+07 4.000042e+07 4.000156e+07 4.000386e+07 4.000604e+07 4.000750e+07 4.000833e+07 4.000875e+07 4.000893e+07 4.000898e+07 4.000894e+07 4.000886e+07
6.640552e+14 4.000028e+07 4.000029e+07 4.000044e+07 4.000159e+07 4.000390e+07 4.000607e+07 4.000752e+07 4.000834e+07 4.000876e+07 4.000893e+07 4.000898e+07 4.000894e+07 4.000886e+07
6.462342e+14 4.000029e+07 4.000030e+07 4.000045e+07 4.000163e+07 4.000394e+07 4.000610e+07 4.000754e+07 4.000835e+07 4.000876e+07 4.000894e+07 4.000898e+07 4.000894e+07 4.000886e+07
6.289740e+14 4.000030e+07 4.000031e+07 4.000047e+07 4.000166e+07 4.000398e+07 4.000613e+07 4.000756e+07 4.000836e+07 4.000877e+07 4.000894e+07 4.000897e+07 4.000894e+07 4.000886e+07
6.121788e+14 4.000031e+07 4.000032e+07 4.000048e+07 4.000169e+07 4.000402e+07 4.000616e+07 4.000758e+07 4.000837e+07 4.000877e+07 4.000894e+07 4.000897e+07 4.000894e+07 4.000886e+07
5.958386e+14 4.000032e+07 4.000034e+07 4.000050e+07 4.000172e+07 4.000406e+07 4.000619e+07 4.000760e+07 4.000838e+07 4.000878e+07 4.000894e+07 4.000897e+07 4.000893e+07 4.000885e+07
5.799842e+14 4.000033e+07 4.000035e+07 4.000052e+07 4.000176e+07 4.000410e+07 4.000622e+07 4.000761e+07 4.000839e+07 4.000878e+07 4.000894e+07 4.000897e+07 4.000893e+07 4.000885e+07
5.644592e+14 4.000035e+07 4.000036e+07 4.000053e+07 4.000179e+07 4.000414e+07 4.000626e+07 4.000763e+07 4.000840e+07 4.000879e+07 4.000894e+07 4.000897e+07 4.000893e+07 4.000885e+07
5.494363e+14 4.000036e+07 4.000038e+07 4.000055e+07 4.000183e+07 4.000419e+07 4.000629e+07 4.000765e+07 4.000841e+07 4.000879e+07 4.000895e+07 4.000897e+07 4.000893e+07 4.000885e+07
5.347454e+14 4.000037e+07 4.000039e+07 4.000057e+07 4.000186e+07 4.000423e+07 4.000632e+07 4.000767e+07 4.000842e+07 4.000880e+07 4.000895e+07 4.000897e+07 4.000893e+07 4.000885e+07
5.205357e+14 4.000039e+07 4.000040e+07 4.000059e+07 4.000190e+07 4.000427e+07 4.000635e+07 4.000769e+07 4.000843e+07 4.000880e+07 4.000895e+07 4.000897e+07 4.000893e+07 4.000885e+07
5.066051e+14 4.000040e+07 4.000042e+07 4.000060e+07 4.000193e+07 4.000431e+07 4.000638e+07 4.000771e+07 4.000844e+07 4.000880e+07 4.000895e+07 4.000897e+07 4.000893e+07 4.000884e+07
4.931811e+14 4.000041e+07 4.000043e+07 4.000062e+07 4.000197e+07 4.000436e+07 4.000641e+07 4.000773e+07 4.000845e+07 4.000881e+07 4.000895e+07 4.000897e+07 4.000893e+07 4.000884e+07
4.799515e+14 4.000043e+07 4.000045e+07 4.000064e+07 4.000201e+07 4.000440e+07 4.000644e+07 4.000775e+07 4.000846e+07 4.000881e+07 4.000895e+07 4.000897e+07 4.000893e+07 4.000884e+07
4.671729e+14 4.000044e+07 4.000046e+07 4.000066e+07 4.000204e+07 4.000444e+07 4.000648e+07 4.000776e+07 4.000847e+07 4.000882e+07 4.000895e+07 4.000897e+07 4.000892e+07 4.000884e+07
4.547555e+14 4.000046e+07 4.000048e+07 4.000068e+07 4.000208e+07 4.000449e+07 4.000651e+07 4.000778e+07 4.000848e+07 4.000882e+07 4.000896e+07 4.000897e+07 4.000892e+07 4.000884e+07
4.425772e+14 4.000047e+07 4.000049e+07 4.000070e+07 4.000212e+07 4.000453e+07 4.000654e+07 4.000780e+07 4.000849e+07 4.000883e+07 4.000896e+07 4.000897e+07 4.000892e+07 4.000884e+07
4.308132e+14 4.000049e+07 4.000051e+07 4.000072e+07 4.000215e+07 4.000457e+07 4.000657e+07 4.000782e+07 4.000850e+07 4.000883e+07 4.000896e+07 4.000897e+07 4.000892e+07 4.000883e+07
4.193441e+14 4.000050e+07 4.000052e+07 4.000074e+07 4.000219e+07 4.000462e+07 4.000660e+07 4.000784e+07 4.000851e+07 4.000884e+07 4.000896e+07 4.000897e+07 4.000892e+07 4.000883e+07
4.081176e+14 4.000052e+07 4.000054e+07 4.000076e+07 4.000223e+07 4.000466e+07 4.000663e+07 4.000786e+07 4.000852e+07 4.000884e+07 4.000896e+07 4.000897e+07 4.000892e+07 4.000883e+07
3.972654e+14 4.000053e+07 4.000056e+07 4.000078e+07 4.000227e+07 4.000470e+07 4.000667e+07 4.000788e+07 4.000853e+07 4.000884e+07 4.000896e+07 4.000897e+07 4.000892e+07 4.000883e+07
3.867082e+14 4.000055e+07 4.000057e+07 4.000080e+07 4.000231e+07 4.000475e+07 4.000670e+07 4.000789e+07 4.000854e+07 4.000885e+07 4.000897e+07 4.000897e+07 4.000892e+07 4.000883e+07
3.763432e+14 4.000057e+07 4.000059e+07 4.000082e+07 4.000235e+07 4.000479e+07 4.000673e+07 4.000791e+07 4.000855e+07 4.000885e+07 4.000897e+07 4.000897e+07 4.000891e+07 4.000882e+07
3.663193e+14 4.000058e+07 4.000061e+07 4.000084e+07 4.000239e+07 4.000484e+07 4.000676e+07 4.000793e+07 4.000856e+07 4.000886e+07 4.000897e+07 4.000897e+07 4.000891e+07 4.000882e+07
3.566146e+14 4.000060e+07 4.000062e+07 4.000086e+07 4.000243e+07 4.000488e+07 4.000679e+07 4.000795e+07 4.000857e+07 4.000886e+07 4.000897e+07 4.000897e+07 4.000891e+07 4.000882e+07
3.470587e+14 4.000062e+07 4.000064e+07 4.000089e+07 4.000247e+07 4.000493e+07 4.000682e+07 4.000797e+07 4.000858e+07 4.000887e+07 4.000897e+07 4.000897e+07 4.000891e+07 4.000882e+07
3.377903e+14 4.000064e+07 4.000066e+07 4.000091e+07 4.000251e+07 4.000497e+07 4.000685e+07 4.000799e+07 4.000859e+07 4.000887e+07 4.000897e+07 4.000897e+07 4.000891e+07 4.000882e+07
3.288245e+14 4.000065e+07 4.000068e+07 4.000093e+07 4.000255e+07 4.000501e+07 4.000689e+07 4.000800e+07 4.000860e+07 4.000888e+07 4.000897e+07 4.000897e+07 4.000891e+07 4.000882e+07
3.200717e+14 4.000067e+07 4.000070e+07 4.000095e+07 4.000259e+07 4.000506e+07 4.000692e+07 4.000802e+07 4.000861e+07 4.000888e+07 4.000897e+07 4.000897e+07 4.000891e+07 4.000881e+07
3.114925e+14 4.000069e+07 4.000071e+07 4.000098e+07 4.000263e+07 4.000510e+07 4.000695e+07 4.000804e+07 4.000862e+07 4.000888e+07 4.000898e+07 4.000897e+07 4.000891e+07 4.000881e+07
3.031732e+14 4.000071e+07 4.000073e+07 4.000100e+07 4.000267e+07 4.000515e+07 4.000698e+07 4.000806e+07 4.000862e+07 4.000889e+07 4.000898e+07 4.000897e+07 4.000890e+07 4.000881e+07
2.951313e+14 4.000072e+07 4.000075e+07 4.000102e+07 4.000271e+07 4.000519e+07 4.000701e+07 4.000808e+07 4.000863e+07 4.000889e+07 4.000898e+07 4.000897e+07 4.000890e+07 4.000881e+07
2.872644e+14 4.000074e+07 4.000077e+07 4.000105e+07 4.000275e+07 4.000524e+07 4.000704e+07 4.000809e+07 4.000864e+07 4.000890e+07 4.000898e+07 4.000897e+07 4.000890e+07 4.000881e+07
2.796077e+14 4.000076e+07 4.000079e+07 4.000107e+07 4.000279e+07 4.000528e+07 4.000707e+07 4.000811e+07 4.000865e+07 4.000890e+07 4.000898e+07 4.000897e+07 4.000890e+07 4.000880e+07
2.721546e+14 4.000078e+07 4.000081e+07 4.000109e+07 4.000284e+07 4.000533e+07 4.000710e+07 4.000813e+07 4.000866e+07 4.000890e+07 4.000898e+07 4.000897e+07 4.000890e+07 4.000880e+07
2.649001e+14 4.000080e+07 4.000083e+07 4.000112e+07 4.000288e+07 4.000537e+07 4.000714e+07 4.000815e+07 4.000867e+07 4.000891e+07 4.000898e+07 4.000897e+07 4.000890e+07 4.000880e+07
2.578390e+14 4.000082e+07 4.000085e+07 4.000114e+07 4.000292e+07 4.000542e+07 4.000717e+07 4.000817e+07 4.000868e+07 4.000891e+07 4.000898e+07 4.000897e+07 4.000890e+07 4.000880e+07
2.509660e+14 4.000084e+07 4.000087e+07 4.000116e+07 4.000296e+07 4.000546e+07 4.000720e+07 4.000818e+07 4.000869e+07 4.000892e+07 4.000899e+07 4.000897e+07 4.000889e+07 4.000880e+07
2.442761e+14 4.000086e+07 4.000089e+07 4.000119e+07 4.000300e+07 4.000550e+07 4.000723e+07 4.000820e+07 4.000870e+07 4.000892e+07 4.000899e+07 4.000896e+07 4.000889e+07 4.000879e+07
2.377645e+14 4.000088e+07 4.000091e+07 4.000121e+07 4.000305e+07 4.000555e+07 4.000726e+07 4.000822e+07 4.000871e+07 4.000893e+07 4.000899e+07 4.000896e+07 4.000889e+07 4.000879e+07
2.314265e+14 4.000090e+07 4.000093e+07 4.000124e+07 4.000309e+07 4.000560e+07 4.000729e+07 4.000824e+07 4.000872e+07 4.000893e+07 4.000899e+07 4.000896e+07 4.000889e+07 4.000879e+07
2.252572e+14 4.000092e+07 4.000095e+07 4.000126e+07 4.000314e+07 4.000564e+07 4.000732e+07 4.000826e+07 4.000873e+07 4.000893e+07 4.000899e+07 4.000896e+07 4.000889e+07 4.000879e+07
2.192524e+14 4.000094e+07 4.000097e+07 4.000129e+07 4.000318e+07 4.000569e+07 4.000735e+07 4.000827e+07 4.000874e+07 4.000894e+07 4.000899e+07 4.000896e+07 4.000889e+07 4.000879e+07
2.134070e+14 4.000096e+07 4.000099e+07 4.000131e+07 4.000322e+07 4.000573e+07 4.000738e+07 4.000829e+07 4.000875e+07 4.000894e+07 4.000899e+07 4.000896e+07 4.000889e+07 4.000878e+07
2.077178e+14 4.000098e+07 4.000101e+07 4.000134e+07 4.000327e+07 4.000578e+07 4.000742e+07 4.000831e+07 4.000875e+07 4.000895e+07 4.000899e+07 4.000896e+07 4.000889e+07 4.000878e+07
2.021801e+14 4.000100e+07 4.000103e+07 4.000136e+07 4.000331e+07 4.000582e+07 4.000745e+07 4.000833e+07 4.000876e+07 4.000895e+07 4.000899e+07 4.000896e+07 4.000888e+07 4.000878e+07
1.967898e+14 4.000102e+07 4.000105e+07 4.000139e+07 4.000335e+07 4.000587e+07 4.000748e+07 4.000834e+07 4.000877e+07 4.000895e+07 4.000900e+07 4.000896e+07 4.000888e+07 4.000878e+07
1.915434e+14 4.000104e+07 4.000107e+07 4.000141e+07 4.000340e+07 4.000591e+07 4.000751e+07 4.000836e+07 4.000878e+07 4.000896e+07 4.000900e+07 4.000896e+07 4.000888e+07 4.000878e+07
1.864367e+14 4.000106e+07 4.000109e+07 4.000144e+07 4.000344e+07 4.000596e+07 4.000754e+07 4.000838e+07 4.000879e+07 4.000896e+07 4.000900e+07 4.000896e+07 4.000888e+07 4.000878e+07
1.814663e+14 4.000108e+07 4.000111e+07 4.000147e+07 4.000348e+07 4.000600e+07 4.000757e+07 4.000840e+07 4.000880e+07 4.000897e+07 4.000900e+07 4.000896e+07 4.000888e+07 4.000877e+07
1.766298e+14 4.000110e+07 4.000114e+07 4.000149e+07 4.000353e+07 4.000605e+07 4.000760e+07 4.000842e+07 4.000881e+07 4.000897e+07 4.000900e+07 4.000896e+07 4.000888e+07 4.000877e+07
1.719216e+14 4.000112e+07 4.000116e+07 4.000152e+07 4.000357e+07 4.000609e+07 4.000763e+07 4.000843e+07 4.000882e+07 4.000897e+07 4.000900e+07 4.000896e+07 4.000888e+07 4.000877e+07
1.673408e+14 4.000114e+07 4.000118e+07 4.000154e+07 4.000362e+07 4.000614e+07 4.000766e+07 4.000845e+07 4.000883e+07 4.000898e+07 4.000900e+07 4.000896e+07 4.000887e+07 4.000877e+07
1.628842e+14 4.000116e+07 4.000120e+07 4.000157e+07 4.000366e+07 4.000619e+07 4.000769e+07 4.000847e+07 4.000884e+07 4.000898e+07 4.000900e+07 4.000896e+07 4.000887e+07 4.000877e+07
1.585487e+14 4.000119e+07 4.000122e+07 4.000160e+07 4.000371e+07 4.000623e+07 4.000772e+07 4.000849e+07 4.000885e+07 4.000899e+07 4.000900e+07 4.000896e+07 4.000887e+07 4.000876e+07
1.543301e+14 4.000121e+07 4.000125e+07 4.000162e+07 4.000375e+07 4.000628e+07 4.000776e+07 4.000850e+07 4.000885e+07 4.000899e+07 4.000901e+07 4.000896e+07 4.000887e+07 4.000876e+07
1.502235e+14 4.000123e+07 4.000127e+07 4.000165e+07 4.000379e+07 4.000632e+07 4.000778e+07 4.000852e+07 4.000886e+07 4.000899e+07 4.000901e+07 4.000896e+07 4.000887e+07 4.000876e+07
1.462285e+14 4.000182e+07 4.000188e+07 4.000239e+07 4.000504e+07 4.000758e+07 4.000864e+07 4.000901e+07 4.000911e+07 4.000910e+07 4.000904e+07 4.000894e+07 4.000883e+07 4.000870e+07
1.423365e+14 4.000237e+07 4.000244e+07 4.000307e+07 4.000618e+07 4.000874e+07 4.000942e+07 4.000946e+07 4.000934e+07 4.000920e+07 4.000906e+07 4.000893e+07 4.000879e+07 4.000865e+07
1.385426e+14 4.000287e+07 4.000295e+07 4.000369e+07 4.000723e+07 4.000979e+07 4.001014e+07 4.000986e+07 4.000955e+07 4.000929e+07 4.000909e+07 4.000891e+07 4.000876e+07 4.000861e+07
1.348461e+14 4.000333e+07 4.000342e+07 4.000426e+07 4.000818e+07 4.001075e+07 4.001079e+07 4.001023e+07 4.000974e+07 4.000938e+07 4.000911e+07 4.000890e+07 4.000872e+07 4.000857e+07
1.312397e+14 4.000376e+07 4.000385e+07 4.000478e+07 4.000905e+07 4.001164e+07 4.001139e+07 4.001057e+07 4.000991e+07 4.000945e+07 4.000913e+07 4.000889e+07 4.000870e+07 4.000853e+07
1.277287e+14 4.000415e+07 4.000426e+07 4.000527e+07 4.000988e+07 4.001247e+07 4.001195e+07 4.001089e+07 4.001008e+07 4.000953e+07 4.000915e+07 4.000888e+07 4.000867e+07 4.000849e+07
1.243120e+14 4.000454e+07 4.000466e+07 4.000575e+07 4.001068e+07 4.001327e+07 4.001249e+07 4.001120e+07 4.001024e+07 4.000959e+07 4.000917e+07 4.000887e+07 4.000864e+07 4.000846e+07
1.209901e+14 4.000492e+07 4.000505e+07 4.000622e+07 4.001146e+07 4.001406e+07 4.001302e+07 4.001151e+07 4.001039e+07 4.000966e+07 4.000919e+07 4.000886e+07 4.000862e+07 4.000842e+07
1.177582e+14 4.000530e+07 4.000544e+07 4.000669e+07 4.001224e+07 4.001484e+07 4.001355e+07 4.001180e+07 4.001054e+07 4.000973e+07 4.000920e+07 4.000885e+07 4.000859e+07 4.000839e+07
1.146161e+14 4.000568e+07 4.000583e+07 4.000716e+07 4.001302e+07 4.001561e+07 4.001407e+07 4.001210e+07 4.001069e+07 4.000979e+07 4.000922e+07 4.000884e+07 4.000857e+07 4.000835e+07
1.115600e+14 4.000607e+07 4.000622e+07 4.000763e+07 4.001380e+07 4.001640e+07 4.001460e+07 4.001240e+07 4.001085e+07 4.000986e+07 4.000924e+07 4.000883e+07 4.000854e+07 4.000832e+07
1.085863e+14 4.000646e+07 4.000662e+07 4.000811e+07 4.001460e+07 4.001719e+07 4.001513e+07 4.001270e+07 4.001100e+07 4.000993e+07 4.000926e+07 4.000882e+07 4.000851e+07 4.000828e+07
1.056925e+14 4.000686e+07 4.000703e+07 4.000860e+07 4.001541e+07 4.001800e+07 4.001567e+07 4.001301e+07 4.001116e+07 4.001000e+07 4.000928e+07 4.000881e+07 4.000849e+07 4.000825e+07
1.028761e+14 4.000726e+07 4.000744e+07 4.000910e+07 4.001623e+07 4.001881e+07 4.001622e+07 4.001332e+07 4.001132e+07 4.001007e+07 4.000929e+07 4.000880e+07 4.000846e+07 4.000821e+07
1.001348e+14 4.000767e+07 4.000786e+07 4.000961e+07 4.001706e+07 4.001964e+07 4.001678e+07 4.001364e+07 4.001148e+07 4.001014e+07 4.000931e+07 4.000879e+07 4.000843e+07 4.000818e+07
9.746542e+13 4.000809e+07 4.000829e+07 4.001012e+07 4.001790e+07 4.002046e+07 4.001733e+07 4.001395e+07 4.001164e+07 4.001021e+07 4.000933e+07 4.000878e+07 4.000841e+07 4.000814e+07
9.486240e+13 4.000851e+07 4.000872e+07 4.001063e+07 4.001874e+07 4.002130e+07 4.001789e+07 4.001427e+07 4.001180e+07 4.001028e+07 4.000935e+07 4.000876e+07 4.000838e+07 4.000810e+07
9.233368e+13 4.000894e+07 4.000916e+07 4.001116e+07 4.001961e+07 4.002215e+07 4.001846e+07 4.001459e+07 4.001196e+07 4.001035e+07 4.000937e+07 4.000875e+07 4.000835e+07 4.000806e+07
8.989929e+13 4.000938e+07 4.000960e+07 4.001170e+07 4.002048e+07 4.002301e+07 4.001903e+07 4.001491e+07 4.001213e+07 4.001042e+07 4.000938e+07 4.000874e+07 4.000832e+07 4.000803e+07
8.747668e+13 4.000981e+07 4.001005e+07 4.001224e+07 4.002135e+07 4.002386e+07 4.001960e+07 4.001524e+07 4.001229e+07 4.001049e+07 4.000940e+07 4.000873e+07 4.000829e+07 4.000799e+07
8.514485e+13 4.001026e+07 4.001051e+07 4.001278e+07 4.002224e+07 4.002473e+07 4.002018e+07 4.001556e+07 4.001246e+07 4.001056e+07 4.000942e+07 4.000872e+07 4.000826e+07 4.000795e+07
8.289547e+13 4.001072e+07 4.001098e+07 4.001334e+07 4.002315e+07 4.002561e+07 4.002077e+07 4.001590e+07 4.001263e+07 4.001063e+07 4.000944e+07 4.000870e+07 4.000823e+07 4.000791e+07
8.066600e+13 4.001118e+07 4.001145e+07 4.001390e+07 4.002405e+07 4.002649e+07 4.002135e+07 4.001623e+07 4.001280e+07 4.001071e+07 4.000946e+07 4.000869e+07 4.000820e+07 4.000787e+07
7.851572e+13 4.001164e+07 4.001192e+07 4.001447e+07 4.002497e+07 4.002737e+07 4.002194e+07 4.001656e+07 4.001296e+07 4.001078e+07 4.000947e+07 4.000868e+07 4.000817e+07 4.000783e+07
7.642275e+13 4.001212e+07 4.001241e+07 4.001506e+07 4.002591e+07 4.002829e+07 4.002254e+07 4.001690e+07 4.001314e+07 4.001085e+07 4.000949e+07 4.000867e+07 4.000814e+07 4.000779e+07
7.439557e+13 4.001261e+07 4.001291e+07 4.001565e+07 4.002686e+07 4.002920e+07 4.002315e+07 4.001724e+07 4.001331e+07 4.001093e+07 4.000951e+07 4.000865e+07 4.000811e+07 4.000775e+07
7.240271e+13 4.001310e+07 4.001341e+07 4.001624e+07 4.002781e+07 4.003011e+07 4.002376e+07 4.001759e+07 4.001348e+07 4.001100e+07 4.000953e+07 4.000864e+07 4.000808e+07 4.000771e+07
7.047269e+13 4.001360e+07 4.001392e+07 4.001686e+07 4.002878e+07 4.003105e+07 4.002438e+07 4.001793e+07 4.001366e+07 4.001108e+07 4.000955e+07 4.000862e+07 4.000805e+07 4.000766e+07
6.860469e+13 4.001412e+07 4.001446e+07 4.001749e+07 4.002979e+07 4.003201e+07 4.002501e+07 4.001829e+07 4.001384e+07 4.001115e+07 4.000957e+07 4.000861e+07 4.000801e+07 4.000762e+07
6.676564e+13 4.001465e+07 4.001499e+07 4.001813e+07 4.003080e+07 4.003298e+07 4.002565e+07 4.001865e+07 4.001402e+07 4.001123e+07 4.000958e+07 4.000859e+07 4.000798e+07 4.000758e+07
6.498589e+13 4.001518e+07 4.001554e+07 4.001878e+07 4.003183e+07 4.003396e+07 4.002629e+07 4.001901e+07 4.001421e+07 4.001131e+07 4.000960e+07 4.000858e+07 4.000795e+07 4.000753e+07
6.325358e+13 4.001574e+07 4.001611e+07 4.001945e+07 4.003289e+07 4.003496e+07 4.002696e+07 4.001939e+07 4.001439e+07 4.001139e+07 4.000962e+07 4.000856e+07 4.000791e+07 4.000748e+07
6.158219e+13 4.001631e+07 4.001669e+07 4.002014e+07 4.003397e+07 4.003599e+07 4.002763e+07 4.001977e+07 4.001459e+07 4.001147e+07 4.000964e+07 4.000855e+07 4.000787e+07 4.000744e+07
5.992628e+13 4.001689e+07 4.001728e+07 4.002085e+07 4.003508e+07 4.003703e+07 4.002832e+07 4.002015e+07 4.001478e+07 4.001155e+07 4.000966e+07 4.000853e+07 4.000784e+07 4.000739e+07
5.832884e+13 4.001749e+07 4.001789e+07 4.002157e+07 4.003621e+07 4.003810e+07 4.002902e+07 4.002054e+07 4.001498e+07 4.001164e+07 4.000968e+07 4.000851e+07 4.000780e+07 4.000734e+07
5.677399e+13 4.001811e+07 4.001853e+07 4.002232e+07 4.003738e+07 4.003920e+07 4.002974e+07 4.002094e+07 4.001518e+07 4.001172e+07 4.000970e+07 4.000850e+07 4.000776e+07 4.000729e+07
5.526552e+13 4.001875e+07 4.001918e+07 4.002309e+07 4.003858e+07 4.004032e+07 4.003047e+07 4.002136e+07 4.001539e+07 4.001181e+07 4.000972e+07 4.000848e+07 4.000772e+07 4.000724e+07
5.378752e+13 4.001941e+07 4.001985e+07 4.002388e+07 4.003980e+07 4.004146e+07 4.003122e+07 4.002177e+07 4.001560e+07 4.001190e+07 4.000974e+07 4.000846e+07 4.000768e+07 4.000719e+07
5.235373e+13 4.002009e+07 4.002055e+07 4.002470e+07 4.004107e+07 4.004264e+07 4.003198e+07 4.002220e+07 4.001581e+07 4.001199e+07 4.000976e+07 4.000844e+07 4.000764e+07 4.000713e+07
5.095815e+13 4.002079e+07 4.002127e+07 4.002555e+07 4.004238e+07 4.004385e+07 4.003277e+07 4.002264e+07 4.001604e+07 4.001209e+07 4.000978e+07 4.000842e+07 4.000759e+07 4.000707e+07
4.960062e+13 4.002152e+07 4.002201e+07 4.002643e+07 4.004372e+07 4.004510e+07 4.003358e+07 4.002310e+07 4.001626e+07 4.001218e+07 4.000980e+07 4.000840e+07 4.000755e+07 4.000702e+07
4.827761e+13 4.002227e+07 4.002278e+07 4.002733e+07 4.004511e+07 4.004637e+07 4.003441e+07 4.002356e+07 4.001649e+07 4.001228e+07 4.000982e+07 4.000838e+07 4.000750e+07 4.000696e+07
4.699069e+13 4.002306e+07 4.002357e+07 4.002827e+07 4.004654e+07 4.004768e+07 4.003526e+07 4.002403e+07 4.001673e+07 4.001238e+07 4.000984e+07 4.000835e+07 4.000746e+07 4.000689e+07
4.573868e+13 4.002387e+07 4.002440e+07 4.002924e+07 4.004802e+07 4.004904e+07 4.003614e+07 4.002452e+07 4.001698e+07 4.001248e+07 4.000986e+07 4.000833e+07 4.000741e+07 4.000683e+07
4.451886e+13 4.002471e+07 4.002526e+07 4.003025e+07 4.004954e+07 4.005043e+07 4.003704e+07 4.002502e+07 4.001723e+07 4.001259e+07 4.000989e+07 4.000830e+07 4.000736e+07 4.000677e+07
4.333213e+13 4.002558e+07 4.002614e+07 4.003129e+07 4.005111e+07 4.005186e+07 4.003796e+07 4.002554e+07 4.001748e+07 4.001269e+07 4.000991e+07 4.000828e+07 4.000730e+07 4.000670e+07
4.217704e+13 4.002648e+07 4.002707e+07 4.003237e+07 4.005274e+07 4.005334e+07 4.003891e+07 4.002606e+07 4.001775e+07 4.001280e+07 4.000993e+07 4.000825e+07 4.000725e+07 4.000663e+07
4.105370e+13 4.002743e+07 4.002803e+07 4.003350e+07 4.005443e+07 4.005486e+07 4.003989e+07 4.002661e+07 4.001802e+07 4.001292e+07 4.000995e+07 4.000822e+07 4.000719e+07 4.000655e+07
3.995841e+13 4.002840e+07 4.002902e+07 4.003466e+07 4.005618e+07 4.005643e+07 4.004090e+07 4.002717e+07 4.001830e+07 4.001303e+07 4.000998e+07 4.000819e+07 4.000713e+07 4.000648e+07
3.889326e+13 4.002942e+07 4.003006e+07 4.003587e+07 4.005798e+07 4.005804e+07 4.004194e+07 4.002774e+07 4.001859e+07 4.001315e+07 4.001000e+07 4.000816e+07 4.000707e+07 4.000640e+07
3.785649e+13 4.003047e+07 4.003114e+07 4.003713e+07 4.005985e+07 4.005971e+07 4.004300e+07 4.002833e+07 4.001888e+07 4.001327e+07 4.001002e+07 4.000813e+07 4.000701e+07 4.000632e+07
3.684836e+13 4.003157e+07 4.003226e+07 4.003844e+07 4.006178e+07 4.006143e+07 4.004410e+07 4.002894e+07 4.001918e+07 4.001340e+07 4.001005e+07 4.000810e+07 4.000695e+07 4.000624e+07
3.586514e+13 4.003271e+07 4.003342e+07 4.003979e+07 4.006378e+07 4.006320e+07 4.004523e+07 4.002957e+07 4.001949e+07 4.001352e+07 4.001007e+07 4.000807e+07 4.000688e+07 4.000615e+07
3.490909e+13 4.003390e+07 4.003463e+07 4.004120e+07 4.006585e+07 4.006503e+07 4.004639e+07 4.003021e+07 4.001981e+07 4.001365e+07 4.001010e+07 4.000803e+07 4.000681e+07 4.000607e+07
3.397853e+13 4.003514e+07 4.003589e+07 4.004267e+07 4.006799e+07 4.006691e+07 4.004759e+07 4.003087e+07 4.002014e+07 4.001379e+07 4.001012e+07 4.000799e+07 4.000674e+07 4.000597e+07
3.307332e+13 4.003643e+07 4.003720e+07 4.004419e+07 4.007021e+07 4.006885e+07 4.004882e+07 4.003155e+07 4.002047e+07 4.001392e+07 4.001014e+07 4.000795e+07 4.000666e+07 4.000588e+07
3.219117e+13 4.003776e+07 4.003856e+07 4.004578e+07 4.007250e+07 4.007085e+07 4.005009e+07 4.003224e+07 4.002082e+07 4.001407e+07 4.001017e+07 4.000791e+07 4.000658e+07 4.000578e+07
3.133306e+13 4.003916e+07 4.003998e+07 4.004742e+07 4.007488e+07 4.007291e+07 4.005139e+07 4.003296e+07 4.002117e+07 4.001421e+07 4.001019e+07 4.000787e+07 4.000650e+07 4.000568e+07
3.049782e+13 4.004061e+07 4.004146e+07 4.004913e+07 4.007734e+07 4.007504e+07 4.005273e+07 4.003369e+07 4.002154e+07 4.001436e+07 4.001022e+07 4.000782e+07 4.000642e+07 4.000557e+07
2.968492e+13 4.004211e+07 4.004299e+07 4.005091e+07 4.007988e+07 4.007723e+07 4.005410e+07 4.003445e+07 4.002191e+07 4.001451e+07 4.001024e+07 4.000778e+07 4.000633e+07 4.000547e+07
2.889356e+13 4.004368e+07 4.004458e+07 4.005275e+07 4.008251e+07 4.007948e+07 4.005551e+07 4.003522e+07 4.002229e+07 4.001466e+07 4.001027e+07 4.000773e+07 4.000624e+07 4.000535e+07
2.812335e+13 4.004531e+07 4.004624e+07 4.005467e+07 4.008523e+07 4.008180e+07 4.005697e+07 4.003602e+07 4.002268e+07 4.001482e+07 4.001029e+07 4.000768e+07 4.000615e+07 4.000524e+07
2.737425e+13 4.004701e+07 4.004797e+07 4.005666e+07 4.008805e+07 4.008418e+07 4.005846e+07 4.003683e+07 4.002308e+07 4.001498e+07 4.001031e+07 4.000763e+07 4.000606e+07 4.000512e+07
2.664398e+13 4.004877e+07 4.004977e+07 4.005873e+07 4.009096e+07 4.008664e+07 4.005999e+07 4.003767e+07 4.002349e+07 4.001514e+07 4.001034e+07 4.000757e+07 4.000596e+07 4.000499e+07
2.593375e+13 4.005060e+07 4.005163e+07 4.006088e+07 4.009396e+07 4.008916e+07 4.006156e+07 4.003852e+07 4.002391e+07 4.001530e+07 4.001036e+07 4.000751e+07 4.000586e+07 4.000487e+07
2.524244e+13 4.005251e+07 4.005357e+07 4.006311e+07 4.009707e+07 4.009176e+07 4.006317e+07 4.003940e+07 4.002434e+07 4.001547e+07 4.001038e+07 4.000746e+07 4.000575e+07 4.000473e+07
2.457033e+13 4.005449e+07 4.005559e+07 4.006543e+07 4.010028e+07 4.009443e+07 4.006482e+07 4.004030e+07 4.002477e+07 4.001565e+07 4.001041e+07 4.000739e+07 4.000564e+07 4.000460e+07
2.391462e+13 4.005655e+07 4.005768e+07 4.006783e+07 4.010359e+07 4.009716e+07 4.006651e+07 4.004122e+07 4.002522e+07 4.001582e+07 4.001043e+07 4.000733e+07 4.000553e+07 4.000446e+07
2.327713e+13 4.005869e+07 4.005985e+07 4.007032e+07 4.010701e+07 4.009997e+07 4.006824e+07 4.004215e+07 4.002568e+07 4.001600e+07 4.001045e+07 4.000726e+07 4.000541e+07 4.000431e+07
2.265691e+13 4.006091e+07 4.006212e+07 4.007291e+07 4.011055e+07 4.010287e+07 4.007001e+07 4.004312e+07 4.002614e+07 4.001618e+07 4.001047e+07 4.000719e+07 4.000529e+07 4.000416e+07
2.205269e+13 4.006322e+07 4.006446e+07 4.007559e+07 4.011418e+07 4.010583e+07 4.007183e+07 4.004410e+07 4.002662e+07 4.001637e+07 4.001049e+07 4.000712e+07 4.000516e+07 4.000401e+07
2.146484e+13 4.006561e+07 4.006689e+07 4.007837e+07 4.011793e+07 4.010886e+07 4.007368e+07 4.004509e+07 4.002710e+07 4.001655e+07 4.001051e+07 4.000704e+07 4.000503e+07 4.000385e+07
2.089266e+13 4.006810e+07 4.006942e+07 4.008125e+07 4.012180e+07 4.011197e+07 4.007557e+07 4.004612e+07 4.002760e+07 4.001674e+07 4.001052e+07 4.000696e+07 4.000490e+07 4.000369e+07
2.033705e+13 4.007068e+07 4.007204e+07 4.008424e+07 4.012579e+07 4.011516e+07 4.007751e+07 4.004716e+07 4.002810e+07 4.001693e+07 4.001054e+07 4.000688e+07 4.000476e+07 4.000352e+07
1.979365e+13 4.007335e+07 4.007475e+07 4.008733e+07 4.012989e+07 4.011842e+07 4.007948e+07 4.004822e+07 4.002861e+07 4.001713e+07 4.001056e+07 4.000679e+07 4.000462e+07 4.000334e+07
1.926602e+13 4.007612e+07 4.007757e+07 4.009053e+07 4.013412e+07 4.012175e+07 4.008150e+07 4.004930e+07 4.002913e+07 4.001732e+07 4.001057e+07 4.000671e+07 4.000447e+07 4.000316e+07
1.875273e+13 4.007900e+07 4.008050e+07 4.009386e+07 4.013848e+07 4.012518e+07 4.008356e+07 4.005040e+07 4.002966e+07 4.001752e+07 4.001058e+07 4.000661e+07 4.000432e+07 4.000298e+07
1.825257e+13 4.008198e+07 4.008352e+07 4.009729e+07 4.014295e+07 4.012866e+07 4.008565e+07 4.005152e+07 4.003019e+07 4.001772e+07 4.001059e+07 4.000652e+07 4.000417e+07 4.000279e+07
1.776602e+13 4.008506e+07 4.008665e+07 4.010083e+07 4.014754e+07 4.013222e+07 4.008778e+07 4.005265e+07 4.003073e+07 4.001792e+07 4.001060e+07 4.000642e+07 4.000401e+07 4.000260e+07
1.729244e+13 4.008826e+07 4.008990e+07 4.010451e+07 4.015227e+07 4.013587e+07 4.008995e+07 4.005381e+07 4.003128e+07 4.001812e+07 4.001061e+07 4.000631e+07 4.000384e+07 4.000240e+07
1.683277e+13 4.009158e+07 4.009326e+07 4.010831e+07 4.015714e+07 4.013959e+07 4.009216e+07 4.005499e+07 4.003184e+07 4.001833e+07 4.001061e+07 4.000621e+07 4.000367e+07 4.000219e+07
1.638281e+13 4.009500e+07 4.009673e+07 4.011222e+07 4.016211e+07 4.014337e+07 4.009441e+07 4.005617e+07 4.003240e+07 4.001853e+07 4.001061e+07 4.000610e+07 4.000350e+07 4.000198e+07
1.594610e+13 4.009854e+07 4.010033e+07 4.011628e+07 4.016723e+07 4.014723e+07 4.009669e+07 4.005738e+07 4.003297e+07 4.001874e+07 4.001061e+07 4.000598e+07 4.000332e+07 4.000176e+07
1.552181e+13 4.010221e+07 4.010405e+07 4.012047e+07 4.017249e+07 4.015118e+07 4.009901e+07 4.005861e+07 4.003355e+07 4.001895e+07 4.001061e+07 4.000586e+07 4.000313e+07 4.000154e+07
1.510729e+13 4.010600e+07 4.010790e+07 4.012479e+07 4.017787e+07 4.015519e+07 4.010136e+07 4.005985e+07 4.003413e+07 4.001915e+07 4.001061e+07 4.000574e+07 4.000294e+07 4.000131e+07
1.470458e+13 4.010991e+07 4.011186e+07 4.012924e+07 4.018338e+07 4.015926e+07 4.010374e+07 4.006110e+07 4.003472e+07 4.001936e+07 4.001060e+07 4.000561e+07 4.000274e+07 4.000108e+07
1.431260e+13 4.011396e+07 4.011597e+07 4.013386e+07 4.018905e+07 4.016342e+07 4.010616e+07 4.006237e+07 4.003531e+07 4.001957e+07 4.001059e+07 4.000548e+07 4.000254e+07 4.000084e+07
1.393172e+13 4.011815e+07 4.012021e+07 4.013861e+07 4.019485e+07 4.016764e+07 4.010861e+07 4.006365e+07 4.003591e+07 4.001977e+07 4.001058e+07 4.000534e+07 4.000234e+07 4.000060e+07
1.355972e+13 4.012245e+07 4.012457e+07 4.014348e+07 4.020075e+07 4.017192e+07 4.011108e+07 4.006494e+07 4.003651e+07 4.001998e+07 4.001056e+07 4.000520e+07 4.000213e+07 4.000035e+07
1.319826e+13 4.012691e+07 4.012909e+07 4.014853e+07 4.020683e+07 4.017628e+07 4.011359e+07 4.006625e+07 4.003711e+07 4.002018e+07 4.001054e+07 4.000505e+07 4.000191e+07 4.000009e+07
1.284814e+13 4.013151e+07 4.013376e+07 4.015374e+07 4.021304e+07 4.018071e+07 4.011613e+07 4.006757e+07 4.003772e+07 4.002039e+07 4.001052e+07 4.000490e+07 4.000168e+07 3.999982e+07
1.250400e+13 4.013624e+07 4.013855e+07 4.015908e+07 4.021937e+07 4.018518e+07 4.011869e+07 4.006889e+07 4.003833e+07 4.002059e+07 4.001049e+07 4.000474e+07 4.000146e+07 3.999956e+07
1.217068e+13 4.014112e+07 4.014350e+07 4.016458e+07 4.022584e+07 4.018972e+07 4.012128e+07 4.007023e+07 4.003894e+07 4.002079e+07 4.001046e+07 4.000458e+07 4.000122e+07 3.999928e+07
1.184668e+13 4.014618e+07 4.014862e+07 4.017027e+07 4.023248e+07 4.019435e+07 4.012390e+07 4.007158e+07 4.003956e+07 4.002099e+07 4.001042e+07 4.000442e+07 4.000098e+07 3.999900e+07
1.153047e+13 4.015136e+07 4.015387e+07 4.017610e+07 4.023923e+07 4.019901e+07 4.012653e+07 4.007294e+07 4.004017e+07 4.002118e+07 4.001038e+07 4.000425e+07 4.000074e+07 3.999871e+07
1.122311e+13 4.015668e+07 4.015926e+07 4.018208e+07 4.024609e+07 4.020371e+07 4.012918e+07 4.007429e+07 4.004079e+07 4.002138e+07 4.001034e+07 4.000407e+07 4.000049e+07 3.999842e+07
1.092394e+13 4.016220e+07 4.016484e+07 4.018826e+07 4.025313e+07 4.020851e+07 4.013186e+07 4.007567e+07 4.004141e+07 4.002157e+07 4.001029e+07 4.000389e+07 4.000023e+07 3.999812e+07
1.063354e+13 4.016787e+07 4.017058e+07 4.019460e+07 4.026030e+07 4.021334e+07 4.013456e+07 4.007704e+07 4.004202e+07 4.002176e+07 4.001024e+07 4.000370e+07 3.999996e+07 3.999781e+07
1.034931e+13 4.017366e+07 4.017645e+07 4.020108e+07 4.026757e+07 4.021820e+07 4.013726e+07 4.007841e+07 4.004264e+07 4.002194e+07 4.001018e+07 4.000351e+07 3.999970e+07 3.999750e+07
1.007343e+13 4.017965e+07 4.018251e+07 4.020777e+07 4.027500e+07 4.022314e+07 4.013998e+07 4.007980e+07 4.004325e+07 4.002212e+07 4.001012e+07 4.000331e+07 3.999942e+07 3.999719e+07
9.806516e+12 4.018582e+07 4.018875e+07 4.021464e+07 4.028258e+07 4.022813e+07 4.014273e+07 4.008119e+07 4.004387e+07 4.002230e+07 4.001006e+07 4.000310e+07 3.999914e+07 3.999686e+07
9.543542e+12 4.019212e+07 4.019512e+07 4.022165e+07 4.029025e+07 4.023314e+07 4.014548e+07 4.008257e+07 4.004448e+07 4.002248e+07 4.000998e+07 4.000290e+07 3.999885e+07 3.999653e+07
9.289143e+12 4.019858e+07 4.020166e+07 4.022885e+07 4.029805e+07 4.023819e+07 4.014824e+07 4.008396e+07 4.004509e+07 4.002264e+07 4.000991e+07 4.000268e+07 3.999856e+07 3.999620e+07
9.042007e+12 4.020526e+07 4.020842e+07 4.023626e+07 4.030604e+07 4.024332e+07 4.015103e+07 4.008535e+07 4.004570e+07 4.002281e+07 4.000983e+07 4.000246e+07 3.999826e+07 3.999585e+07
8.800509e+12 4.021208e+07 4.021531e+07 4.024382e+07 4.031410e+07 4.024846e+07 4.015381e+07 4.008674e+07 4.004630e+07 4.002297e+07 4.000974e+07 4.000223e+07 3.999796e+07 3.999551e+07
8.565917e+12 4.021905e+07 4.022235e+07 4.025153e+07 4.032226e+07 4.025362e+07 4.015659e+07 4.008813e+07 4.004690e+07 4.002313e+07 4.000965e+07 4.000200e+07 3.999765e+07 3.999515e+07
8.337578e+12 4.022625e+07 4.022963e+07 4.025950e+07 4.033062e+07 4.025886e+07 4.015940e+07 4.008952e+07 4.004749e+07 4.002328e+07 4.000955e+07 4.000176e+07 3.999733e+07 3.999479e+07
8.115927e+12 4.023360e+07 4.023707e+07 4.026762e+07 4.033906e+07 4.026411e+07 4.016220e+07 4.009091e+07 4.004809e+07 4.002342e+07 4.000944e+07 4.000152e+07 3.999701e+07 3.999442e+07
7.898999e+12 4.024109e+07 4.024463e+07 4.027587e+07 4.034757e+07 4.026936e+07 4.016499e+07 4.009228e+07 4.004867e+07 4.002356e+07 4.000933e+07 4.000127e+07 3.999668e+07 3.999405e+07
7.688438e+12 4.024880e+07 4.025243e+07 4.028437e+07 4.035625e+07 4.027466e+07 4.016780e+07 4.009366e+07 4.004925e+07 4.002370e+07 4.000922e+07 4.000102e+07 3.999635e+07 3.999368e+07
7.485052e+12 4.025670e+07 4.026042e+07 4.029307e+07 4.036506e+07 4.028000e+07 4.017062e+07 4.009503e+07 4.004982e+07 4.002383e+07 4.000910e+07 4.000075e+07 3.999601e+07 3.999329e+07
7.284005e+12 4.026474e+07 4.026854e+07 4.030190e+07 4.037393e+07 4.028533e+07 4.017341e+07 4.009639e+07 4.005039e+07 4.002395e+07 4.000897e+07 4.000049e+07 3.999566e+07 3.999290e+07
7.089838e+12 4.027297e+07 4.027685e+07 4.031093e+07 4.038291e+07 4.029069e+07 4.017620e+07 4.009775e+07 4.005095e+07 4.002406e+07 4.000884e+07 4.000021e+07 3.999531e+07 3.999251e+07
6.901326e+12 4.028144e+07 4.028541e+07 4.032021e+07 4.039206e+07 4.029609e+07 4.017901e+07 4.009911e+07 4.005151e+07 4.002417e+07 4.000870e+07 3.999993e+07 3.999495e+07 3.999211e+07
6.716893e+12 4.029005e+07 4.029410e+07 4.032963e+07 4.040126e+07 4.030148e+07 4.018179e+07 4.010045e+07 4.005205e+07 4.002427e+07 4.000855e+07 3.999965e+07 3.999459e+07 3.999170e+07
6.537843e+12 4.029880e+07 4.030294e+07 4.033920e+07 4.041052e+07 4.030685e+07 4.018455e+07 4.010177e+07 4.005259e+07 4.002437e+07 4.000840e+07 3.999936e+07 3.999422e+07 3.999129e+07
6.363566e+12 4.030782e+07 4.031205e+07 4.034905e+07 4.041996e+07 4.031229e+07 4.018733e+07 4.010310e+07 4.005312e+07 4.002446e+07 4.000824e+07 3.999906e+07 3.999385e+07 3.999087e+07
6.194527e+12 4.031701e+07 4.032132e+07 4.035906e+07 4.042946e+07 4.031771e+07 4.019009e+07 4.010441e+07 4.005364e+07 4.002454e+07 4.000807e+07 3.999876e+07 3.999347e+07 3.999045e+07
6.028825e+12 4.032631e+07 4.033071e+07 4.036919e+07 4.043899e+07 4.032310e+07 4.019282e+07 4.010570e+07 4.005415e+07 4.002461e+07 4.000790e+07 3.999845e+07 3.999308e+07 3.999002e+07
5.868117e+12 4.033586e+07 4.034035e+07 4.037958e+07 4.044867e+07 4.032852e+07 4.019556e+07 4.010699e+07 4.005465e+07 4.002467e+07 4.000772e+07 3.999814e+07 3.999269e+07 3.998959e+07
5.712843e+12 4.034563e+07 4.035021e+07 4.039019e+07 4.045846e+07 4.033396e+07 4.019828e+07 4.010827e+07 4.005514e+07 4.002473e+07 4.000754e+07 3.999781e+07 3.999229e+07 3.998914e+07
5.559438e+12 4.035552e+07 4.036018e+07 4.040091e+07 4.046825e+07 4.033935e+07 4.020097e+07 4.010953e+07 4.005562e+07 4.002478e+07 4.000735e+07 3.999749e+07 3.999189e+07 3.998870e+07
5.411242e+12 4.036558e+07 4.037034e+07 4.041182e+07 4.047812e+07 4.034474e+07 4.020364e+07 4.011077e+07 4.005609e+07 4.002482e+07 4.000715e+07 3.999716e+07 3.999149e+07 3.998825e+07
5.266999e+12 4.037594e+07 4.038079e+07 4.042303e+07 4.048816e+07 4.035017e+07 4.020632e+07 4.011201e+07 4.005655e+07 4.002485e+07 4.000694e+07 3.999682e+07 3.999107e+07 3.998780e+07
5.126596e+12 4.038642e+07 4.039135e+07 4.043435e+07 4.049820e+07 4.035555e+07 4.020897e+07 4.011322e+07 4.005700e+07 4.002488e+07 4.000673e+07 3.999647e+07 3.999065e+07 3.998734e+07
4.989938e+12 4.039699e+07 4.040202e+07 4.044576e+07 4.050822e+07 4.036088e+07 4.021156e+07 4.011441e+07 4.005743e+07 4.002489e+07 4.000651e+07 3.999613e+07 3.999023e+07 3.998688e+07
4.856923e+12 4.040786e+07 4.041298e+07 4.045749e+07 4.051842e+07 4.036624e+07 4.021417e+07 4.011559e+07 4.005786e+07 4.002490e+07 4.000629e+07 3.999577e+07 3.998980e+07 3.998640e+07
4.728631e+12 4.041893e+07 4.042414e+07 4.046940e+07 4.052867e+07 4.037159e+07 4.021675e+07 4.011676e+07 4.005827e+07 4.002490e+07 4.000605e+07 3.999541e+07 3.998937e+07 3.998593e+07
4.601436e+12 4.043009e+07 4.043539e+07 4.048140e+07 4.053890e+07 4.037688e+07 4.021929e+07 4.011791e+07 4.005867e+07 4.002489e+07 4.000582e+07 3.999504e+07 3.998893e+07 3.998545e+07
4.478777e+12 4.044145e+07 4.044684e+07 4.049361e+07 4.054919e+07 4.038215e+07 4.022181e+07 4.011903e+07 4.005906e+07 4.002487e+07 4.000557e+07 3.999467e+07 3.998849e+07 3.998497e+07
4.359455e+12 4.045312e+07 4.045860e+07 4.050612e+07 4.055964e+07 4.038746e+07 4.022432e+07 4.012015e+07 4.005944e+07 4.002484e+07 4.000532e+07 3.999429e+07 3.998804e+07 3.998448e+07
4.243181e+12 4.046487e+07 4.047045e+07 4.051871e+07 4.057004e+07 4.039269e+07 4.022679e+07 4.012124e+07 4.005980e+07 4.002481e+07 4.000506e+07 3.999391e+07 3.998759e+07 3.998399e+07
4.130072e+12 4.047669e+07 4.048236e+07 4.053136e+07 4.058038e+07 4.039784e+07 4.022921e+07 4.012231e+07 4.006015e+07 4.002476e+07 4.000480e+07 3.999352e+07 3.998713e+07 3.998350e+07
4.019978e+12 4.048883e+07 4.049459e+07 4.054434e+07 4.059088e+07 4.040303e+07 4.023163e+07 4.012336e+07 4.006049e+07 4.002471e+07 4.000452e+07 3.999313e+07 3.998667e+07 3.998300e+07
3.913809e+12 4.050117e+07 4.050703e+07 4.055751e+07 4.060143e+07 4.040820e+07 4.023403e+07 4.012440e+07 4.006082e+07 4.002464e+07 4.000425e+07 3.999273e+07 3.998620e+07 3.998249e+07
3.808516e+12 4.051358e+07 4.051952e+07 4.057074e+07 4.061191e+07 4.041328e+07 4.023637e+07 4.012541e+07 4.006113e+07 4.002457e+07 4.000396e+07 3.999233e+07 3.998573e+07 3.998198e+07
3.706994e+12 4.052615e+07 4.053219e+07 4.058412e+07 4.062242e+07 4.041833e+07 4.023868e+07 4.012640e+07 4.006142e+07 4.002449e+07 4.000367e+07 3.999192e+07 3.998526e+07 3.998148e+07
3.608178e+12 4.053905e+07 4.054518e+07 4.059784e+07 4.063306e+07 4.042340e+07 4.024099e+07 4.012737e+07 4.006171e+07 4.002440e+07 4.000337e+07 3.999150e+07 3.998478e+07 3.998096e+07
3.512434e+12 4.055205e+07 4.055828e+07 4.061165e+07 4.064366e+07 4.042840e+07 4.024325e+07 4.012833e+07 4.006198e+07 4.002430e+07 4.000307e+07 3.999108e+07 3.998429e+07 3.998044e+07
3.418378e+12 4.056508e+07 4.057140e+07 4.062547e+07 4.065417e+07 4.043331e+07 4.024546e+07 4.012925e+07 4.006224e+07 4.002420e+07 4.000276e+07 3.999066e+07 3.998381e+07 3.997992e+07
3.327255e+12 4.057837e+07 4.058478e+07 4.063955e+07 4.066475e+07 4.043821e+07 4.024765e+07 4.013016e+07 4.006249e+07 4.002408e+07 4.000244e+07 3.999024e+07 3.998332e+07 3.997939e+07
3.238646e+12 4.059198e+07 4.059848e+07 4.065394e+07 4.067546e+07 4.044312e+07 4.024983e+07 4.013105e+07 4.006272e+07 4.002396e+07 4.000212e+07 3.998980e+07 3.998282e+07 3.997886e+07
3.152233e+12 4.060561e+07 4.061220e+07 4.066834e+07 4.068606e+07 4.044794e+07 4.025195e+07 4.013192e+07 4.006294e+07 4.002382e+07 4.000179e+07 3.998936e+07 3.998232e+07 3.997832e+07
3.068205e+12 4.061926e+07 4.062595e+07 4.068275e+07 4.069655e+07 4.045267e+07 4.025402e+07 4.013275e+07 4.006314e+07 4.002368e+07 4.000146e+07 3.998892e+07 3.998183e+07 3.997779e+07
2.986417e+12 4.063324e+07 4.064002e+07 4.069747e+07 4.070716e+07 4.045741e+07 4.025608e+07 4.013358e+07 4.006334e+07 4.002353e+07 4.000112e+07 3.998848e+07 3.998132e+07 3.997725e+07
2.907130e+12 4.064749e+07 4.065435e+07 4.071246e+07 4.071785e+07 4.046213e+07 4.025812e+07 4.013439e+07 4.006352e+07 4.002337e+07 4.000077e+07 3.998802e+07 3.998080e+07 3.997671e+07
2.829323e+12 4.066173e+07 4.066869e+07 4.072743e+07 4.072841e+07 4.046676e+07 4.026010e+07 4.013517e+07 4.006368e+07 4.002320e+07 4.000042e+07 3.998757e+07 3.998029e+07 3.997616e+07
2.753903e+12 4.067602e+07 4.068307e+07 4.074242e+07 4.073887e+07 4.047130e+07 4.026204e+07 4.013592e+07 4.006383e+07 4.002303e+07 4.000006e+07 3.998711e+07 3.997978e+07 3.997562e+07
2.680493e+12 4.069063e+07 4.069777e+07 4.075773e+07 4.074944e+07 4.047584e+07 4.026396e+07 4.013666e+07 4.006397e+07 4.002284e+07 3.999970e+07 3.998665e+07 3.997926e+07 3.997507e+07
2.609337e+12 4.070551e+07 4.071274e+07 4.077330e+07 4.076007e+07 4.048037e+07 4.026586e+07 4.013738e+07 4.006410e+07 4.002265e+07 3.999932e+07 3.998617e+07 3.997873e+07 3.997451e+07
2.539492e+12 4.072036e+07 4.072768e+07 4.078881e+07 4.077055e+07 4.048479e+07 4.026770e+07 4.013807e+07 4.006421e+07 4.002245e+07 3.999895e+07 3.998570e+07 3.997821e+07 3.997395e+07
2.471797e+12 4.073522e+07 4.074263e+07 4.080432e+07 4.078092e+07 4.048913e+07 4.026950e+07 4.013874e+07 4.006431e+07 4.002224e+07 3.999857e+07 3.998523e+07 3.997768e+07 3.997340e+07
2.405907e+12 4.075041e+07 4.075791e+07 4.082015e+07 4.079139e+07 4.049346e+07 4.027128e+07 4.013939e+07 4.006440e+07 4.002202e+07 3.999819e+07 3.998475e+07 3.997715e+07 3.997284e+07
2.341804e+12 4.076592e+07 4.077351e+07 4.083627e+07 4.080194e+07 4.049779e+07 4.027304e+07 4.014003e+07 4.006447e+07 4.002179e+07 3.999779e+07 3.998426e+07 3.997661e+07 3.997227e+07
2.279350e+12 4.078138e+07 4.078906e+07 4.085233e+07 4.081233e+07 4.050202e+07 4.027475e+07 4.014064e+07 4.006453e+07 4.002156e+07 3.999740e+07 3.998378e+07 3.997607e+07 3.997170e+07
2.218590e+12 4.079678e+07 4.080454e+07 4.086830e+07 4.082256e+07 4.050613e+07 4.027640e+07 4.014122e+07 4.006458e+07 4.002132e+07 3.999700e+07 3.998329e+07 3.997554e+07 3.997114e+07
2.159450e+12 4.081250e+07 4.082035e+07 4.088457e+07 4.083287e+07 4.051025e+07 4.027803e+07 4.014178e+07 4.006462e+07 4.002107e+07 3.999659e+07 3.998280e+07 3.997500e+07 3.997057e+07
2.101886e+12 4.082853e+07 4.083647e+07 4.090115e+07 4.084326e+07 4.051435e+07 4.027965e+07 4.014234e+07 4.006464e+07 4.002081e+07 3.999618e+07 3.998230e+07 3.997444e+07 3.996999e+07
2.046329e+12 4.084463e+07 4.085265e+07 4.091776e+07 4.085356e+07 4.051838e+07 4.028123e+07 4.014286e+07 4.006465e+07 4.002055e+07 3.999576e+07 3.998179e+07 3.997389e+07 3.996941e+07
1.991321e+12 4.086063e+07 4.086874e+07 4.093425e+07 4.086368e+07 4.052230e+07 4.028275e+07 4.014337e+07 4.006465e+07 4.002028e+07 3.999534e+07 3.998129e+07 3.997335e+07 3.996884e+07
1.938239e+12 4.087681e+07 4.088500e+07 4.095089e+07 4.087378e+07 4.052618e+07 4.028424e+07 4.014385e+07 4.006464e+07 4.002000e+07 3.999492e+07 3.998079e+07 3.997280e+07 3.996826e+07
1.886572e+12 4.089329e+07 4.090158e+07 4.096782e+07 4.088394e+07 4.053004e+07 4.028571e+07 4.014432e+07 4.006462e+07 4.001971e+07 3.999449e+07 3.998027e+07 3.997224e+07 3.996768e+07
1.836382e+12 4.091006e+07 4.091843e+07 4.098501e+07 4.089416e+07 4.053389e+07 4.028716e+07 4.014477e+07 4.006458e+07 4.001942e+07 3.999404e+07 3.997975e+07 3.997167e+07 3.996709e+07
1.787334e+12 4.092673e+07 4.093519e+07 4.100208e+07 4.090418e+07 4.053763e+07 4.028856e+07 4.014520e+07 4.006453e+07 4.001911e+07 3.999360e+07 3.997923e+07 3.997111e+07 3.996650e+07
1.739689e+12 4.094332e+07 4.095185e+07 4.101902e+07 4.091403e+07 4.054127e+07 4.028991e+07 4.014560e+07 4.006447e+07 4.001881e+07 3.999316e+07 3.997872e+07 3.997055e+07 3.996592e+07
1.693315e+12 4.096020e+07 4.096882e+07 4.103623e+07 4.092394e+07 4.054489e+07 4.029123e+07 4.014598e+07 4.006440e+07 4.001850e+07 3.999272e+07 3.997820e+07 3.996999e+07 3.996533e+07
1.648177e+12 4.097739e+07 4.098609e+07 4.105373e+07 4.093390e+07 4.054850e+07 4.029254e+07 4.014636e+07 4.006432e+07 4.001817e+07 3.999226e+07 3.997766e+07 3.996941e+07 3.996474e+07
1.604474e+12 4.099479e+07 4.100358e+07 4.107141e+07 4.094386e+07 4.055207e+07 4.029383e+07 4.014671e+07 4.006423e+07 4.001784e+07 3.999180e+07 3.997713e+07 3.996884e+07 3.996414e+07
1.561478e+12 4.101208e+07 4.102095e+07 4.108895e+07 4.095363e+07 4.055554e+07 4.029506e+07 4.014704e+07 4.006412e+07 4.001750e+07 3.999133e+07 3.997659e+07 3.996826e+07 3.996354e+07
1.519854e+12 4.102939e+07 4.103834e+07 4.110646e+07 4.096328e+07 4.055893e+07 4.029625e+07 4.014735e+07 4.006401e+07 4.001716e+07 3.999087e+07 3.997606e+07 3.996769e+07 3.996295e+07
1.479340e+12 4.104707e+07 4.105610e+07 4.112432e+07 4.097303e+07 4.056233e+07 4.029743e+07 4.014765e+07 4.006388e+07 4.001681e+07 3.999040e+07 3.997552e+07 3.996711e+07 3.996235e+07
1.439906e+12 4.106512e+07 4.107424e+07 4.114252e+07 4.098285e+07 4.056571e+07 4.029860e+07 4.014793e+07 4.006374e+07 4.001645e+07 3.998991e+07 3.997497e+07 3.996652e+07 3.996173e+07
1.401525e+12 4.108356e+07 4.109276e+07 4.116107e+07 4.099276e+07 4.056910e+07 4.029975e+07 4.014820e+07 4.006359e+07 4.001608e+07 3.998941e+07 3.997440e+07 3.996592e+07 3.996111e+07
1.364163e+12 4.110192e+07 4.111120e+07 4.117951e+07 4.100250e+07 4.057238e+07 4.030085e+07 4.014845e+07 4.006343e+07 4.001570e+07 3.998892e+07 3.997384e+07 3.996532e+07 3.996049e+07
1.327799e+12 4.112009e+07 4.112945e+07 4.119771e+07 4.101202e+07 4.057557e+07 4.030191e+07 4.014867e+07 4.006326e+07 4.001532e+07 3.998843e+07 3.997328e+07 3.996473e+07 3.995988e+07
1.292404e+12 4.113855e+07 4.114799e+07 4.121617e+07 4.102157e+07 4.057873e+07 4.030294e+07 4.014888e+07 4.006308e+07 4.001493e+07 3.998793e+07 3.997272e+07 3.996413e+07 3.995926e+07
1.257953e+12 4.115730e+07 4.116682e+07 4.123488e+07 4.103115e+07 4.058187e+07 4.030396e+07 4.014908e+07 4.006289e+07 4.001454e+07 3.998742e+07 3.997215e+07 3.996352e+07 3.995864e+07
1.224420e+12 4.117635e+07 4.118595e+07 4.125384e+07 4.104075e+07 4.058498e+07 4.030495e+07 4.014925e+07 4.006268e+07 4.001413e+07 3.998690e+07 3.997157e+07 3.996291e+07 3.995801e+07
1.192079e+12 4.119551e+07 4.120520e+07 4.127288e+07 4.105030e+07 4.058804e+07 4.030591e+07 4.014942e+07 4.006247e+07 4.001372e+07 3.998638e+07 3.997099e+07 3.996230e+07 3.995737e+07
1.160012e+12 4.121447e+07 4.122423e+07 4.129167e+07 4.105962e+07 4.059100e+07 4.030683e+07 4.014956e+07 4.006225e+07 4.001331e+07 3.998586e+07 3.997042e+07 3.996169e+07 3.995675e+07
1.129090e+12 4.123338e+07 4.124322e+07 4.131037e+07 4.106880e+07 4.059388e+07 4.030771e+07 4.014968e+07 4.006202e+07 4.001289e+07 3.998535e+07 3.996984e+07 3.996109e+07 3.995612e+07
1.098993e+12 4.125257e+07 4.126249e+07 4.132930e+07 4.107799e+07 4.059674e+07 4.030857e+07 4.014979e+07 4.006178e+07 4.001247e+07 3.998482e+07 3.996926e+07 3.996047e+07 3.995550e+07
1.069697e+12 4.127204e+07 4.128203e+07 4.134845e+07 4.108721e+07 4.059958e+07 4.030941e+07 4.014988e+07 4.006152e+07 4.001204e+07 3.998429e+07 3.996868e+07 3.995986e+07 3.995486e+07
1.041183e+12 4.129178e+07 4.130185e+07 4.136784e+07 4.109643e+07 4.060238e+07 4.031023e+07 4.014996e+07 4.006126e+07 4.001159e+07 3.998375e+07 3.996808e+07 3.995923e+07 3.995422e+07
1.013553e+12 4.131173e+07 4.132187e+07 4.138738e+07 4.110563e+07 4.060515e+07 4.031102e+07 4.015002e+07 4.006099e+07 4.001114e+07 3.998320e+07 3.996748e+07 3.995860e+07 3.995357e+07
9.864135e+11 4.133139e+07 4.134161e+07 4.140659e+07 4.111458e+07 4.060781e+07 4.031177e+07 4.015007e+07 4.006071e+07 4.001070e+07 3.998267e+07 3.996689e+07 3.995798e+07 3.995294e+07
9.601190e+11 4.135084e+07 4.136114e+07 4.142555e+07 4.112332e+07 4.061038e+07 4.031248e+07 4.015010e+07 4.006043e+07 4.001025e+07 3.998213e+07 3.996631e+07 3.995737e+07 3.995231e+07
9.345254e+11 4.137055e+07 4.138092e+07 4.144470e+07 4.113206e+07 4.061293e+07 4.031317e+07 4.015011e+07 4.006013e+07 4.000980e+07 3.998159e+07 3.996572e+07 3.995675e+07 3.995168e+07
9.096141e+11 4.139051e+07 4.140096e+07 4.146407e+07 4.114081e+07 4.061545e+07 4.031383e+07 4.015011e+07 4.005983e+07 4.000934e+07 3.998104e+07 3.996512e+07 3.995613e+07 3.995104e+07
8.853668e+11 4.141074e+07 4.142126e+07 4.148363e+07 4.114956e+07 4.061793e+07 4.031448e+07 4.015010e+07 4.005951e+07 4.000886e+07 3.998049e+07 3.996452e+07 3.995550e+07 3.995040e+07
8.617659e+11 4.143124e+07 4.144183e+07 4.150340e+07 4.115831e+07 4.062040e+07 4.031510e+07 4.015007e+07 4.005919e+07 4.000838e+07 3.997992e+07 3.996391e+07 3.995486e+07 3.994974e+07
8.389448e+11 4.145187e+07 4.146253e+07 4.152325e+07 4.116700e+07 4.062281e+07 4.031570e+07 4.015003e+07 4.005885e+07 4.000790e+07 3.997935e+07 3.996329e+07 3.995423e+07 3.994909e+07
8.164347e+11 4.147209e+07 4.148283e+07 4.154265e+07 4.117542e+07 4.062512e+07 4.031626e+07 4.014997e+07 4.005852e+07 4.000742e+07 3.997880e+07 3.996269e+07 3.995360e+07 3.994845e+07
7.946713e+11 4.149202e+07 4.150283e+07 4.156172e+07 4.118360e+07 4.062734e+07 4.031679e+07 4.014990e+07 4.005818e+07 4.000694e+07 3.997825e+07 3.996210e+07 3.995299e+07 3.994782e+07
7.734880e+11 4.151219e+07 4.152306e+07 4.158096e+07 4.119178e+07 4.062954e+07 4.031729e+07 4.014982e+07 4.005783e+07 4.000646e+07 3.997769e+07 3.996151e+07 3.995236e+07 3.994719e+07
7.528694e+11 4.153259e+07 4.154353e+07 4.160037e+07 4.119995e+07 4.063170e+07 4.031778e+07 4.014972e+07 4.005748e+07 4.000597e+07 3.997713e+07 3.996090e+07 3.995174e+07 3.994655e+07
7.328004e+11 4.155322e+07 4.156423e+07 4.161996e+07 4.120812e+07 4.063384e+07 4.031824e+07 4.014961e+07 4.005711e+07 4.000547e+07 3.997656e+07 3.996029e+07 3.995111e+07 3.994591e+07
7.132664e+11 4.157410e+07 4.158518e+07 4.163972e+07 4.121627e+07 4.063595e+07 4.031869e+07 4.014948e+07 4.005673e+07 4.000497e+07 3.997598e+07 3.995968e+07 3.995047e+07 3.994526e+07
6.942531e+11 4.159523e+07 4.160637e+07 4.165965e+07 4.122441e+07 4.063803e+07 4.031911e+07 4.014934e+07 4.005635e+07 4.000445e+07 3.997540e+07 3.995905e+07 3.994982e+07 3.994460e+07
6.757007e+11 4.161665e+07 4.162786e+07 4.167980e+07 4.123256e+07 4.064009e+07 4.031952e+07 4.014919e+07 4.005595e+07 4.000393e+07 3.997480e+07 3.995842e+07 3.994917e+07 3.994394e+07
6.577335e+11 4.163871e+07 4.164999e+07 4.170050e+07 4.124084e+07 4.064215e+07 4.031991e+07 4.014902e+07 4.005553e+07 4.000339e+07 3.997419e+07 3.995777e+07 3.994850e+07 3.994326e+07
6.402005e+11 4.166134e+07 4.167270e+07 4.172166e+07 4.124923e+07 4.064421e+07 4.032029e+07 4.014883e+07 4.005510e+07 4.000283e+07 3.997357e+07 3.995711e+07 3.994782e+07 3.994256e+07
6.231349e+11 4.168421e+07 4.169564e+07 4.174298e+07 4.125759e+07 4.064624e+07 4.032064e+07 4.014863e+07 4.005466e+07 4.000226e+07 3.997293e+07 3.995644e+07 3.994713e+07 3.994186e+07
6.065242e+11 4.170732e+07 4.171882e+07 4.176445e+07 4.126592e+07 4.064822e+07 4.032097e+07 4.014841e+07 4.005420e+07 4.000169e+07 3.997229e+07 3.995576e+07 3.994643e+07 3.994115e+07
5.903563e+11 4.173067e+07 4.174224e+07 4.178607e+07 4.127422e+07 4.065018e+07 4.032127e+07 4.014818e+07 4.005374e+07 4.000110e+07 3.997165e+07 3.995508e+07 3.994573e+07 3.994044e+07
5.746193e+11 4.175426e+07 4.176590e+07 4.180784e+07 4.128249e+07 4.065209e+07 4.032155e+07 4.014793e+07 4.005326e+07 4.000051e+07 3.997099e+07 3.995439e+07 3.994502e+07 3.993972e+07
5.593019e+11 4.177810e+07 4.178980e+07 4.182977e+07 4.129072e+07 4.065397e+07 4.032181e+07 4.014767e+07 4.005277e+07 3.999991e+07 3.997033e+07 3.995370e+07 3.994431e+07 3.993899e+07
5.443928e+11 4.180218e+07 4.181395e+07 4.185184e+07 4.129893e+07 4.065582e+07 4.032205e+07 4.014739e+07 4.005228e+07 3.999930e+07 3.996966e+07 3.995300e+07 3.994359e+07 3.993826e+07
5.285283e+11 4.182901e+07 4.184086e+07 4.187634e+07 4.130794e+07 4.065781e+07 4.032228e+07 4.014707e+07 4.005172e+07 3.999862e+07 3.996892e+07 3.995222e+07 3.994279e+07 3.993745e+07
5.157562e+11 4.186210e+07 4.187404e+07 4.190644e+07 4.131886e+07 4.066018e+07 4.032253e+07 4.014665e+07 4.005102e+07 3.999778e+07 3.996800e+07 3.995126e+07 3.994180e+07 3.993646e+07
5.020078e+11 4.189904e+07 4.191107e+07 4.193985e+07 4.133080e+07 4.066270e+07 4.032275e+07 4.014616e+07 4.005022e+07 3.999684e+07 3.996698e+07 3.995019e+07 3.994071e+07 3.993535e+07
4.886260e+11 4.193637e+07 4.194850e+07 4.197342e+07 4.134260e+07 4.066513e+07 4.032292e+07 4.014563e+07 4.004941e+07 3.999588e+07 3.996594e+07 3.994911e+07 3.993961e+07 3.993423e+07
4.756008e+11 4.197410e+07 4.198632e+07 4.200716e+07 4.135426e+07 4.066747e+07 4.032304e+07 4.014507e+07 4.004858e+07 3.999491e+07 3.996489e+07 3.994802e+07 3.993850e+07 3.993311e+07
4.629229e+11 4.201223e+07 4.202454e+07 4.204106e+07 4.136578e+07 4.066971e+07 4.032310e+07 4.014448e+07 4.004772e+07 3.999392e+07 3.996384e+07 3.994692e+07 3.993738e+07 3.993198e+07
4.505573e+11 4.205084e+07 4.206323e+07 4.207518e+07 4.137718e+07 4.067186e+07 4.032311e+07 4.014386e+07 4.004684e+07 3.999292e+07 3.996276e+07 3.994581e+07 3.993625e+07 3.993084e+07
4.385718e+11 4.209841e+07 4.211090e+07 4.211695e+07 4.139090e+07 4.067437e+07 4.032306e+07 4.014307e+07 4.004575e+07 3.999168e+07 3.996145e+07 3.994445e+07 3.993486e+07 3.992944e+07
4.268809e+11 4.215212e+07 4.216471e+07 4.216379e+07 4.140599e+07 4.067702e+07 4.032293e+07 4.014213e+07 4.004450e+07 3.999027e+07 3.995996e+07 3.994292e+07 3.993330e+07 3.992786e+07
4.155017e+11 4.220351e+07 4.221618e+07 4.220838e+07 4.142020e+07 4.067946e+07 4.032275e+07 4.014122e+07 4.004330e+07 3.998893e+07 3.995854e+07 3.994146e+07 3.993182e+07 3.992636e+07
4.044258e+11 4.225260e+07 4.226535e+07 4.225088e+07 4.143364e+07 4.068174e+07 4.032257e+07 4.014034e+07 4.004214e+07 3.998764e+07 3.995718e+07 3.994006e+07 3.993040e+07 3.992493e+07
3.932530e+11 4.230123e+07 4.231405e+07 4.229290e+07 4.144686e+07 4.068396e+07 4.032237e+07 4.013946e+07 4.004100e+07 3.998637e+07 3.995584e+07 3.993868e+07 3.992900e+07 3.992352e+07
3.831519e+11 4.235314e+07 4.236604e+07 4.233770e+07 4.146091e+07 4.068631e+07 4.032215e+07 4.013852e+07 4.003977e+07 3.998501e+07 3.995441e+07 3.993721e+07 3.992751e+07 3.992202e+07
3.729383e+11 4.240889e+07 4.242186e+07 4.238574e+07 4.147593e+07 4.068881e+07 4.032190e+07 4.013750e+07 4.003846e+07 3.998355e+07 3.995287e+07 3.993563e+07 3.992590e+07 3.992040e+07
3.629970e+11 4.246635e+07 4.247940e+07 4.243519e+07 4.149134e+07 4.069135e+07 4.032163e+07 4.013645e+07 4.003711e+07 3.998205e+07 3.995129e+07 3.993401e+07 3.992426e+07 3.991874e+07
3.532304e+11 4.252631e+07 4.253943e+07 4.248671e+07 4.150734e+07 4.069398e+07 4.032135e+07 4.013535e+07 4.003569e+07 3.998048e+07 3.994964e+07 3.993232e+07 3.992254e+07 3.991701e+07
3.439024e+11 4.258940e+07 4.260260e+07 4.254084e+07 4.152410e+07 4.069671e+07 4.032103e+07 4.013419e+07 4.003420e+07 3.997883e+07 3.994791e+07 3.993054e+07 3.992073e+07 3.991519e+07
3.347351e+11 4.265503e+07 4.266828e+07 4.259704e+07 4.154144e+07 4.069953e+07 4.032069e+07 4.013297e+07 4.003265e+07 3.997712e+07 3.994611e+07 3.992869e+07 3.991886e+07 3.991330e+07
3.258122e+11 4.272267e+07 4.273598e+07 4.265487e+07 4.155922e+07 4.070239e+07 4.032033e+07 4.013171e+07 4.003105e+07 3.997535e+07 3.994425e+07 3.992678e+07 3.991692e+07 3.991135e+07
3.171313e+11 4.279215e+07 4.280551e+07 4.271416e+07 4.157737e+07 4.070530e+07 4.031994e+07 4.013042e+07 4.002940e+07 3.997353e+07 3.994235e+07 3.992483e+07 3.991494e+07 3.990935e+07
3.086736e+11 4.286341e+07 4.287681e+07 4.277485e+07 4.159590e+07 4.070824e+07 4.031953e+07 4.012908e+07 4.002771e+07 3.997167e+07 3.994040e+07 3.992283e+07 3.991291e+07 3.990731e+07
3.004454e+11 4.293677e+07 4.295020e+07 4.283720e+07 4.161486e+07 4.071124e+07 4.031909e+07 4.012771e+07 4.002597e+07 3.996976e+07 3.993839e+07 3.992077e+07 3.991083e+07 3.990521e+07
2.924611e+11 4.301212e+07 4.302556e+07 4.290111e+07 4.163422e+07 4.071427e+07 4.031863e+07 4.012628e+07 4.002419e+07 3.996780e+07 3.993633e+07 3.991866e+07 3.990869e+07 3.990305e+07
2.846411e+11 4.308876e+07 4.310218e+07 4.296596e+07 4.165379e+07 4.071732e+07 4.031814e+07 4.012483e+07 4.002237e+07 3.996580e+07 3.993424e+07 3.991652e+07 3.990652e+07 3.990087e+07
2.770535e+11 4.316691e+07 4.318031e+07 4.303194e+07 4.167362e+07 4.072039e+07 4.031763e+07 4.012335e+07 4.002051e+07 3.996376e+07 3.993211e+07 3.991433e+07 3.990431e+07 3.989864e+07
2.696682e+11 4.324739e+07 4.326073e+07 4.309974e+07 4.169391e+07 4.072351e+07 4.031710e+07 4.012181e+07 4.001859e+07 3.996167e+07 3.992992e+07 3.991209e+07 3.990203e+07 3.989635e+07
2.625221e+11 4.332953e+07 4.334279e+07 4.316875e+07 4.171450e+07 4.072665e+07 4.031653e+07 4.012024e+07 4.001664e+07 3.995953e+07 3.992768e+07 3.990980e+07 3.989971e+07 3.989401e+07
2.554829e+11 4.341288e+07 4.342602e+07 4.323861e+07 4.173526e+07 4.072979e+07 4.031594e+07 4.011864e+07 4.001466e+07 3.995736e+07 3.992542e+07 3.990748e+07 3.989737e+07 3.989165e+07
2.486726e+11 4.349818e+07 4.351117e+07 4.330991e+07 4.175637e+07 4.073296e+07 4.031532e+07 4.011700e+07 4.001263e+07 3.995515e+07 3.992310e+07 3.990511e+07 3.989497e+07 3.988923e+07
2.420438e+11 4.358594e+07 4.359875e+07 4.338308e+07 4.177795e+07 4.073618e+07 4.031467e+07 4.011530e+07 4.001054e+07 3.995287e+07 3.992073e+07 3.990268e+07 3.989250e+07 3.988675e+07
2.356001e+11 4.367522e+07 4.368779e+07 4.345731e+07 4.179976e+07 4.073941e+07 4.031399e+07 4.011357e+07 4.000841e+07 3.995055e+07 3.991830e+07 3.990020e+07 3.989000e+07 3.988423e+07
2.293117e+11 4.376587e+07 4.377815e+07 4.353245e+07 4.182177e+07 4.074265e+07 4.031328e+07 4.011180e+07 4.000624e+07 3.994819e+07 3.991585e+07 3.989769e+07 3.988745e+07 3.988167e+07
2.231990e+11 4.385896e+07 4.387090e+07 4.360939e+07 4.184422e+07 4.074593e+07 4.031254e+07 4.010998e+07 4.000401e+07 3.994577e+07 3.991333e+07 3.989511e+07 3.988484e+07 3.987904e+07
2.172598e+11 4.395457e+07 4.396609e+07 4.368817e+07 4.186712e+07 4.074924e+07 4.031175e+07 4.010810e+07 4.000173e+07 3.994329e+07 3.991074e+07 3.989247e+07 3.988217e+07 3.987635e+07
2.114581e+11 4.405195e+07 4.406298e+07 4.376815e+07 4.189027e+07 4.075257e+07 4.031094e+07 4.010618e+07 3.999940e+07 3.994076e+07 3.990811e+07 3.988978e+07 3.987945e+07 3.987361e+07
2.058213e+11 4.415120e+07 4.416166e+07 4.384940e+07 4.191369e+07 4.075591e+07 4.031009e+07 4.010422e+07 3.999702e+07 3.993818e+07 3.990543e+07 3.988704e+07 3.987668e+07 3.987082e+07
2.003348e+11 4.425322e+07 4.426301e+07 4.393262e+07 4.193761e+07 4.075929e+07 4.030920e+07 4.010220e+07 3.999457e+07 3.993554e+07 3.990267e+07 3.988423e+07 3.987383e+07 3.986796e+07
1.950139e+11 4.435775e+07 4.436675e+07 4.401761e+07 4.196192e+07 4.076270e+07 4.030828e+07 4.010012e+07 3.999206e+07 3.993283e+07 3.989986e+07 3.988135e+07 3.987092e+07 3.986503e+07
1.897967e+11 4.446407e+07 4.447218e+07 4.410374e+07 4.198646e+07 4.076611e+07 4.030731e+07 4.009800e+07 3.998952e+07 3.993007e+07 3.989699e+07 3.987843e+07 3.986797e+07 3.986206e+07
1.847373e+11 4.457216e+07 4.457924e+07 4.419099e+07 4.201121e+07 4.076952e+07 4.030631e+07 4.009584e+07 3.998692e+07 3.992728e+07 3.989409e+07 3.987547e+07 3.986497e+07 3.985904e+07
1.798128e+11 4.468250e+07 4.468841e+07 4.427971e+07 4.203629e+07 4.077294e+07 4.030528e+07 4.009363e+07 3.998428e+07 3.992442e+07 3.989113e+07 3.987245e+07 3.986192e+07 3.985597e+07
1.750290e+11 4.479457e+07 4.479914e+07 4.436945e+07 4.206156e+07 4.077636e+07 4.030420e+07 4.009137e+07 3.998158e+07 3.992152e+07 3.988812e+07 3.986938e+07 3.985882e+07 3.985285e+07
1.703542e+11 4.490865e+07 4.491171e+07 4.446042e+07 4.208706e+07 4.077978e+07 4.030309e+07 4.008907e+07 3.997884e+07 3.991857e+07 3.988506e+07 3.986626e+07 3.985566e+07 3.984967e+07
1.658131e+11 4.502557e+07 4.502691e+07 4.455325e+07 4.211299e+07 4.078323e+07 4.030192e+07 4.008670e+07 3.997602e+07 3.991555e+07 3.988192e+07 3.986306e+07 3.985243e+07 3.984642e+07
1.613932e+11 4.514565e+07 4.514502e+07 4.464815e+07 4.213941e+07 4.078671e+07 4.030070e+07 4.008425e+07 3.997313e+07 3.991244e+07 3.987870e+07 3.985978e+07 3.984911e+07 3.984309e+07
1.570909e+11 4.526821e+07 4.526536e+07 4.474461e+07 4.216613e+07 4.079019e+07 4.029944e+07 4.008175e+07 3.997018e+07 3.990927e+07 3.987542e+07 3.985644e+07 3.984574e+07 3.983969e+07
1.529034e+11 4.539321e+07 4.538787e+07 4.484257e+07 4.219316e+07 4.079367e+07 4.029813e+07 4.007920e+07 3.996716e+07 3.990604e+07 3.987208e+07 3.985303e+07 3.984230e+07 3.983623e+07
1.488275e+11 4.552151e+07 4.551335e+07 4.494262e+07 4.222065e+07 4.079718e+07 4.029676e+07 4.007656e+07 3.996407e+07 3.990273e+07 3.986865e+07 3.984954e+07 3.983877e+07 3.983269e+07
1.448677e+11 4.565293e+07 4.564160e+07 4.504459e+07 4.224858e+07 4.080071e+07 4.029534e+07 4.007386e+07 3.996090e+07 3.989934e+07 3.986514e+07 3.984597e+07 3.983516e+07 3.982906e+07
1.409988e+11 4.578690e+07 4.577204e+07 4.514808e+07 4.227678e+07 4.080423e+07 4.029386e+07 4.007109e+07 3.995766e+07 3.989587e+07 3.986156e+07 3.984233e+07 3.983149e+07 3.982536e+07
1.372402e+11 4.592372e+07 4.590489e+07 4.525320e+07 4.230532e+07 4.080776e+07 4.029233e+07 4.006825e+07 3.995434e+07 3.989234e+07 3.985791e+07 3.983861e+07 3.982774e+07 3.982159e+07
1.335818e+11 4.606406e+07 4.604078e+07 4.536045e+07 4.233432e+07 4.081130e+07 4.029073e+07 4.006534e+07 3.995095e+07 3.988872e+07 3.985417e+07 3.983481e+07 3.982389e+07 3.981773e+07
1.300296e+11 4.620740e+07 4.617918e+07 4.546941e+07 4.236366e+07 4.081485e+07 4.028908e+07 4.006234e+07 3.994747e+07 3.988501e+07 3.985035e+07 3.983092e+07 3.981997e+07 3.981378e+07
1.265551e+11 4.635337e+07 4.631965e+07 4.557976e+07 4.239323e+07 4.081838e+07 4.028736e+07 4.005928e+07 3.994392e+07 3.988124e+07 3.984646e+07 3.982696e+07 3.981597e+07 3.980977e+07
1.231815e+11 4.650265e+07 4.646283e+07 4.569194e+07 4.242317e+07 4.082191e+07 4.028558e+07 4.005615e+07 3.994030e+07 3.987738e+07 3.984248e+07 3.982291e+07 3.981189e+07 3.980567e+07
1.198979e+11 4.665570e+07 4.660908e+07 4.580624e+07 4.245356e+07 4.082545e+07 4.028373e+07 4.005292e+07 3.993657e+07 3.987343e+07 3.983840e+07 3.981877e+07 3.980771e+07 3.980147e+07
1.167025e+11 4.681141e+07 4.675730e+07 4.592187e+07 4.248420e+07 4.082896e+07 4.028182e+07 4.004962e+07 3.993278e+07 3.986940e+07 3.983425e+07 3.981455e+07 3.980345e+07 3.979719e+07
1.135910e+11 4.696970e+07 4.690734e+07 4.603870e+07 4.251505e+07 4.083246e+07 4.027984e+07 4.004625e+07 3.992890e+07 3.986529e+07 3.983002e+07 3.981026e+07 3.979912e+07 3.979284e+07
1.105630e+11 4.713180e+07 4.706033e+07 4.615757e+07 4.254632e+07 4.083595e+07 4.027778e+07 4.004279e+07 3.992493e+07 3.986109e+07 3.982569e+07 3.980586e+07 3.979469e+07 3.978838e+07
1.076229e+11 4.729747e+07 4.721596e+07 4.627823e+07 4.257793e+07 4.083943e+07 4.027565e+07 4.003923e+07 3.992088e+07 3.985679e+07 3.982127e+07 3.980137e+07 3.979016e+07 3.978383e+07
1.047471e+11 4.746596e+07 4.737344e+07 4.640005e+07 4.260968e+07 4.084288e+07 4.027346e+07 4.003561e+07 3.991674e+07 3.985242e+07 3.981678e+07 3.979681e+07 3.978556e+07 3.977921e+07
1.019549e+11 4.763762e+07 4.753309e+07 4.652329e+07 4.264166e+07 4.084630e+07 4.027119e+07 4.003191e+07 3.991253e+07 3.984797e+07 3.981220e+07 3.979217e+07 3.978088e+07 3.977451e+07
9.923711e+10 4.781301e+07 4.769560e+07 4.664855e+07 4.267403e+07 4.084970e+07 4.026884e+07 4.002811e+07 3.990821e+07 3.984341e+07 3.980752e+07 3.978741e+07 3.977609e+07 3.976970e+07
9.659747e+10 4.798975e+07 4.785993e+07 4.677502e+07 4.270661e+07 4.085307e+07 4.026641e+07 4.002422e+07 3.990381e+07 3.983877e+07 3.980275e+07 3.978257e+07 3.977121e+07 3.976480e+07
9.401697e+10 4.816712e+07 4.802564e+07 4.690233e+07 4.273931e+07 4.085639e+07 4.026391e+07 4.002027e+07 3.989933e+07 3.983405e+07 3.979791e+07 3.977766e+07 3.976626e+07 3.975983e+07
9.151079e+10 4.834606e+07 4.819362e+07 4.703121e+07 4.277230e+07 4.085967e+07 4.026133e+07 4.001621e+07 3.989476e+07 3.982923e+07 3.979296e+07 3.977265e+07 3.976121e+07 3.975475e+07
8.907392e+10 4.852682e+07 4.836410e+07 4.716188e+07 4.280560e+07 4.086293e+07 4.025865e+07 4.001205e+07 3.989007e+07 3.982431e+07 3.978791e+07 3.976753e+07 3.975605e+07 3.974957e+07
8.669707e+10 4.870819e+07 4.853590e+07 4.729335e+07 4.283893e+07 4.086613e+07 4.025590e+07 4.000781e+07 3.988531e+07 3.981930e+07 3.978278e+07 3.976233e+07 3.975081e+07 3.974431e+07
8.438602e+10 4.889022e+07 4.870906e+07 4.742569e+07 4.287232e+07 4.086927e+07 4.025307e+07 4.000349e+07 3.988046e+07 3.981422e+07 3.977756e+07 3.975704e+07 3.974549e+07 3.973897e+07
8.213657e+10 4.907408e+07 4.888462e+07 4.755981e+07 4.290602e+07 4.087238e+07 4.025014e+07 3.999906e+07 3.987550e+07 3.980901e+07 3.977223e+07 3.975164e+07 3.974005e+07 3.973350e+07
7.995570e+10 4.925888e+07 4.906172e+07 4.769494e+07 4.293987e+07 4.087542e+07 4.024712e+07 3.999454e+07 3.987045e+07 3.980371e+07 3.976681e+07 3.974615e+07 3.973451e+07 3.972795e+07
7.781596e+10 4.944391e+07 4.923965e+07 4.783054e+07 4.297370e+07 4.087840e+07 4.024402e+07 3.998994e+07 3.986532e+07 3.979834e+07 3.976131e+07 3.974058e+07 3.972891e+07 3.972232e+07
7.574165e+10 4.962991e+07 4.941906e+07 4.796728e+07 4.300764e+07 4.088131e+07 4.024083e+07 3.998524e+07 3.986010e+07 3.979288e+07 3.975572e+07 3.973492e+07 3.972321e+07 3.971660e+07
7.372263e+10 4.981760e+07 4.960064e+07 4.810553e+07 4.304185e+07 4.088417e+07 4.023754e+07 3.998043e+07 3.985475e+07 3.978729e+07 3.975000e+07 3.972913e+07 3.971738e+07 3.971075e+07
7.175771e+10 5.000529e+07 4.978269e+07 4.824400e+07 4.307601e+07 4.088694e+07 4.023416e+07 3.997553e+07 3.984933e+07 3.978162e+07 3.974420e+07 3.972326e+07 3.971147e+07 3.970482e+07
6.984462e+10 5.019279e+07 4.996506e+07 4.838259e+07 4.311009e+07 4.088963e+07 4.023070e+07 3.997055e+07 3.984382e+07 3.977587e+07 3.973833e+07 3.971732e+07 3.970550e+07 3.969882e+07
6.798279e+10 5.038181e+07 5.014930e+07 4.852252e+07 4.314438e+07 4.089226e+07 4.022712e+07 3.996545e+07 3.983819e+07 3.977000e+07 3.973233e+07 3.971125e+07 3.969939e+07 3.969269e+07
6.617797e+10 5.057156e+07 5.033463e+07 4.866326e+07 4.317872e+07 4.089480e+07 4.022345e+07 3.996025e+07 3.983246e+07 3.976402e+07 3.972623e+07 3.970508e+07 3.969318e+07 3.968646e+07
6.440671e+10 5.076088e+07 5.051990e+07 4.880399e+07 4.321289e+07 4.089724e+07 4.021969e+07 3.995497e+07 3.982666e+07 3.975798e+07 3.972006e+07 3.969884e+07 3.968690e+07 3.968016e+07
6.268984e+10 5.095057e+07 5.070582e+07 4.894513e+07 4.324706e+07 4.089960e+07 4.021583e+07 3.994960e+07 3.982076e+07 3.975184e+07 3.971379e+07 3.969251e+07 3.968053e+07 3.967377e+07
6.101874e+10 5.114165e+07 5.089337e+07 4.908743e+07 4.328137e+07 4.090187e+07 4.021185e+07 3.994409e+07 3.981472e+07 3.974556e+07 3.970739e+07 3.968604e+07 3.967402e+07 3.966725e+07
5.939388e+10 5.133226e+07 5.108071e+07 4.922965e+07 4.331549e+07 4.090403e+07 4.020778e+07 3.993850e+07 3.980861e+07 3.973921e+07 3.970091e+07 3.967949e+07 3.966744e+07 3.966064e+07
5.780899e+10 5.152208e+07 5.126748e+07 4.937154e+07 4.334936e+07 4.090609e+07 4.020362e+07 3.993283e+07 3.980241e+07 3.973278e+07 3.969436e+07 3.967287e+07 3.966078e+07 3.965396e+07
5.626799e+10 5.171289e+07 5.145542e+07 4.951424e+07 4.338329e+07 4.090805e+07 4.019934e+07 3.992703e+07 3.979609e+07 3.972622e+07 3.968768e+07 3.966612e+07 3.965399e+07 3.964715e+07
5.477360e+10 5.190421e+07 5.164401e+07 4.965731e+07 4.341718e+07 4.090991e+07 4.019494e+07 3.992112e+07 3.978966e+07 3.971955e+07 3.968088e+07 3.965926e+07 3.964709e+07 3.964023e+07
5.330814e+10 5.209474e+07 5.183194e+07 4.979977e+07 4.345081e+07 4.091164e+07 4.019046e+07 3.991513e+07 3.978315e+07 3.971281e+07 3.967402e+07 3.965233e+07 3.964013e+07 3.963324e+07
5.188713e+10 5.228515e+07 5.201984e+07 4.994208e+07 4.348429e+07 4.091326e+07 4.018587e+07 3.990903e+07 3.977655e+07 3.970597e+07 3.966706e+07 3.964531e+07 3.963307e+07 3.962616e+07
5.050399e+10 5.247655e+07 5.220882e+07 5.008509e+07 4.351779e+07 4.091476e+07 4.018115e+07 3.990280e+07 3.976980e+07 3.969899e+07 3.965996e+07 3.963814e+07 3.962586e+07 3.961894e+07
4.915988e+10 5.266715e+07 5.239706e+07 5.022747e+07 4.355099e+07 4.091614e+07 4.017633e+07 3.989649e+07 3.976298e+07 3.969194e+07 3.965279e+07 3.963090e+07 3.961859e+07 3.961164e+07
4.784734e+10 5.285671e+07 5.258431e+07 5.036890e+07 4.358385e+07 4.091739e+07 4.017142e+07 3.989010e+07 3.975609e+07 3.968482e+07 3.964555e+07 3.962360e+07 3.961125e+07 3.960428e+07
4.657189e+10 5.304685e+07 5.277217e+07 5.051061e+07 4.361664e+07 4.091851e+07 4.016639e+07 3.988359e+07 3.974907e+07 3.967757e+07 3.963819e+07 3.961617e+07 3.960378e+07 3.959680e+07
4.533486e+10 5.323708e+07 5.296012e+07 5.065227e+07 4.364927e+07 4.091950e+07 4.016123e+07 3.987694e+07 3.974192e+07 3.967020e+07 3.963070e+07 3.960862e+07 3.959620e+07 3.958919e+07
4.412208e+10 5.342601e+07 5.314677e+07 5.079270e+07 4.368149e+07 4.092035e+07 4.015597e+07 3.987023e+07 3.973471e+07 3.966276e+07 3.962314e+07 3.960100e+07 3.958854e+07 3.958152e+07
4.294594e+10 5.361427e+07 5.333274e+07 5.093240e+07 4.371343e+07 4.092106e+07 4.015061e+07 3.986341e+07 3.972741e+07 3.965524e+07 3.961550e+07 3.959330e+07 3.958080e+07 3.957376e+07
4.180114e+10 5.380322e+07 5.351934e+07 5.107236e+07 4.374527e+07 4.092164e+07 4.014511e+07 3.985645e+07 3.971995e+07 3.964756e+07 3.960771e+07 3.958545e+07 3.957292e+07 3.956586e+07
4.068893e+10 5.399114e+07 5.370492e+07 5.121125e+07 4.377671e+07 4.092206e+07 4.013950e+07 3.984940e+07 3.971241e+07 3.963980e+07 3.959984e+07 3.957751e+07 3.956495e+07 3.955787e+07
3.960229e+10 5.417761e+07 5.388899e+07 5.134867e+07 4.380770e+07 4.092234e+07 4.013380e+07 3.984227e+07 3.970481e+07 3.963198e+07 3.959191e+07 3.956952e+07 3.955693e+07 3.954983e+07
3.854662e+10 5.436429e+07 5.407322e+07 5.148590e+07 4.383850e+07 4.092247e+07 4.012796e+07 3.983502e+07 3.969708e+07 3.962403e+07 3.958385e+07 3.956140e+07 3.954877e+07 3.954165e+07
3.752287e+10 5.455081e+07 5.425720e+07 5.162265e+07 4.386903e+07 4.092244e+07 4.012199e+07 3.982763e+07 3.968921e+07 3.961596e+07 3.957567e+07 3.955315e+07 3.954049e+07 3.953335e+07
3.651896e+10 5.473576e+07 5.443961e+07 5.175784e+07 4.389905e+07 4.092226e+07 4.011592e+07 3.982016e+07 3.968128e+07 3.960782e+07 3.956742e+07 3.954485e+07 3.953215e+07 3.952499e+07
3.554549e+10 5.491975e+07 5.462099e+07 5.189192e+07 4.392868e+07 4.092192e+07 4.010975e+07 3.981261e+07 3.967326e+07 3.959959e+07 3.955908e+07 3.953645e+07 3.952373e+07 3.951655e+07
3.459797e+10 5.510412e+07 5.480268e+07 5.202584e+07 4.395811e+07 4.092141e+07 4.010342e+07 3.980489e+07 3.966509e+07 3.959121e+07 3.955060e+07 3.952791e+07 3.951515e+07 3.950796e+07
3.367737e+10 5.528709e+07 5.498290e+07 5.215819e+07 4.398705e+07 4.092075e+07 4.009698e+07 3.979709e+07 3.965683e+07 3.958275e+07 3.954203e+07 3.951929e+07 3.950649e+07 3.949928e+07
3.277802e+10 5.546829e+07 5.516127e+07 5.228877e+07 4.401543e+07 4.091992e+07 4.009046e+07 3.978922e+07 3.964851e+07 3.957423e+07 3.953340e+07 3.951060e+07 3.949778e+07 3.949055e+07
3.190427e+10 5.564945e+07 5.533950e+07 5.241881e+07 4.404351e+07 4.091892e+07 4.008378e+07 3.978119e+07 3.964004e+07 3.956556e+07 3.952464e+07 3.950178e+07 3.948892e+07 3.948168e+07
3.105720e+10 5.583015e+07 5.551716e+07 5.254787e+07 4.407124e+07 4.091774e+07 4.007696e+07 3.977305e+07 3.963145e+07 3.955678e+07 3.951575e+07 3.949284e+07 3.947995e+07 3.947269e+07
3.022602e+10 5.600894e+07 5.569285e+07 5.267498e+07 4.409840e+07 4.091640e+07 4.007006e+07 3.976483e+07 3.962281e+07 3.954794e+07 3.950681e+07 3.948385e+07 3.947093e+07 3.946365e+07
2.942029e+10 5.618658e+07 5.586730e+07 5.280062e+07 4.412509e+07 4.091489e+07 4.006304e+07 3.975653e+07 3.961407e+07 3.953901e+07 3.949779e+07 3.947477e+07 3.946183e+07 3.945453e+07
2.863604e+10 5.636441e+07 5.604181e+07 5.292571e+07 4.415149e+07 4.091319e+07 4.005586e+07 3.974806e+07 3.960517e+07 3.952993e+07 3.948861e+07 3.946553e+07 3.945256e+07 3.944525e+07
2.787387e+10 5.654050e+07 5.621451e+07 5.304897e+07 4.417732e+07 4.091131e+07 4.004858e+07 3.973950e+07 3.959620e+07 3.952077e+07 3.947935e+07 3.945623e+07 3.944323e+07 3.943590e+07
2.712971e+10 5.671459e+07 5.638513e+07 5.317021e+07 4.420253e+07 4.090927e+07 4.004120e+07 3.973088e+07 3.958717e+07 3.951155e+07 3.947004e+07 3.944687e+07 3.943384e+07 3.942649e+07
2.640652e+10 5.688847e+07 5.655543e+07 5.329058e+07 4.422738e+07 4.090704e+07 4.003367e+07 3.972210e+07 3.957798e+07 3.950219e+07 3.946059e+07 3.943736e+07 3.942430e+07 3.941694e+07
2.570578e+10 5.706161e+07 5.672487e+07 5.340965e+07 4.425179e+07 4.090461e+07 4.002599e+07 3.971320e+07 3.956868e+07 3.949271e+07 3.945101e+07 3.942774e+07 3.941465e+07 3.940728e+07
2.501747e+10 5.723272e+07 5.689220e+07 5.352657e+07 4.427557e+07 4.090202e+07 4.001823e+07 3.970423e+07 3.955932e+07 3.948318e+07 3.944139e+07 3.941807e+07 3.940496e+07 3.939757e+07
2.435058e+10 5.740260e+07 5.705820e+07 5.364185e+07 4.429882e+07 4.089924e+07 4.001035e+07 3.969516e+07 3.954986e+07 3.947355e+07 3.943168e+07 3.940831e+07 3.939517e+07 3.938776e+07
2.370148e+10 5.757417e+07 5.722519e+07 5.375628e+07 4.432171e+07 4.089625e+07 4.000230e+07 3.968592e+07 3.954024e+07 3.946375e+07 3.942180e+07 3.939838e+07 3.938521e+07 3.937779e+07
2.307034e+10 5.774635e+07 5.739264e+07 5.386858e+07 4.434399e+07 4.089309e+07 3.999415e+07 3.967662e+07 3.953056e+07 3.945390e+07 3.941186e+07 3.938840e+07 3.937521e+07 3.936777e+07
2.245472e+10 5.791673e+07 5.755817e+07 5.397866e+07 4.436563e+07 4.088976e+07 3.998592e+07 3.966726e+07 3.952083e+07 3.944401e+07 3.940189e+07 3.937838e+07 3.936516e+07 3.935771e+07
2.185615e+10 5.808693e+07 5.772337e+07 5.408768e+07 4.438686e+07 4.088621e+07 3.997753e+07 3.965773e+07 3.951094e+07 3.943397e+07 3.939176e+07 3.936821e+07 3.935496e+07 3.934750e+07
2.127654e+10 5.825630e+07 5.788762e+07 5.419513e+07 4.440757e+07 4.088247e+07 3.996899e+07 3.964809e+07 3.950093e+07 3.942380e+07 3.938151e+07 3.935792e+07 3.934465e+07 3.933718e+07
2.070646e+10 5.842472e+07 5.805076e+07 5.430046e+07 4.442763e+07 4.087856e+07 3.996037e+07 3.963838e+07 3.949087e+07 3.941359e+07 3.937122e+07 3.934758e+07 3.933429e+07 3.932680e+07
2.015449e+10 5.859323e+07 5.821436e+07 5.440557e+07 4.444713e+07 4.087445e+07 3.995162e+07 3.962855e+07 3.948071e+07 3.940327e+07 3.936083e+07 3.933715e+07 3.932384e+07 3.931634e+07
1.961724e+10 5.876136e+07 5.837739e+07 5.451112e+07 4.446622e+07 4.087012e+07 3.994268e+07 3.961856e+07 3.947037e+07 3.939279e+07 3.935027e+07 3.932655e+07 3.931321e+07 3.930570e+07
1.909452e+10 5.892713e+07 5.853794e+07 5.461583e+07 4.448465e+07 4.086562e+07 3.993367e+07 3.960851e+07 3.945999e+07 3.938226e+07 3.933967e+07 3.931590e+07 3.930254e+07 3.929502e+07
1.858532e+10 5.909050e+07 5.869596e+07 5.471819e+07 4.450243e+07 4.086094e+07 3.992458e+07 3.959840e+07 3.944955e+07 3.937169e+07 3.932902e+07 3.930522e+07 3.929184e+07 3.928430e+07
1.808990e+10 5.925339e+07 5.885329e+07 5.481930e+07 4.451977e+07 4.085604e+07 3.991530e+07 3.958812e+07 3.943895e+07 3.936094e+07 3.931821e+07 3.929437e+07 3.928096e+07 3.927342e+07
1.761054e+10 5.941484e+07 5.900902e+07 5.491848e+07 4.453655e+07 4.085094e+07 3.990589e+07 3.957772e+07 3.942824e+07 3.935009e+07 3.930729e+07 3.928341e+07 3.926999e+07 3.926243e+07
1.713832e+10 5.957386e+07 5.916219e+07 5.501514e+07 4.455268e+07 4.084567e+07 3.989640e+07 3.956727e+07 3.941748e+07 3.933921e+07 3.929633e+07 3.927242e+07 3.925898e+07 3.925140e+07
1.668147e+10 5.973144e+07 5.931373e+07 5.510987e+07 4.456825e+07 4.084020e+07 3.988678e+07 3.955670e+07 3.940662e+07 3.932821e+07 3.928527e+07 3.926132e+07 3.924786e+07 3.924028e+07
1.623696e+10 5.988845e+07 5.946448e+07 5.520319e+07 4.458336e+07 4.083449e+07 3.987697e+07 3.954596e+07 3.939558e+07 3.931704e+07 3.927404e+07 3.925006e+07 3.923657e+07 3.922898e+07
1.580398e+10 6.004301e+07 5.961264e+07 5.529398e+07 4.459780e+07 4.082862e+07 3.986709e+07 3.953516e+07 3.938450e+07 3.930584e+07 3.926278e+07 3.923876e+07 3.922525e+07 3.921765e+07
1.538270e+10 6.019522e+07 5.975829e+07 5.538232e+07 4.461162e+07 4.082258e+07 3.985714e+07 3.952432e+07 3.937338e+07 3.929460e+07 3.925147e+07 3.922742e+07 3.921390e+07 3.920629e+07
1.497265e+10 6.034687e+07 5.990314e+07 5.546926e+07 4.462495e+07 4.081630e+07 3.984699e+07 3.951330e+07 3.936208e+07 3.928318e+07 3.924000e+07 3.921591e+07 3.920237e+07 3.919475e+07
1.457566e+10 6.049688e+07 6.004616e+07 5.555417e+07 4.463770e+07 4.080982e+07 3.983672e+07 3.950216e+07 3.935067e+07 3.927167e+07 3.922842e+07 3.920430e+07 3.919075e+07 3.918312e+07
1.418504e+10 6.064445e+07 6.018658e+07 5.563660e+07 4.464982e+07 4.080318e+07 3.982637e+07 3.949098e+07 3.933923e+07 3.926011e+07 3.921681e+07 3.919266e+07 3.917909e+07 3.917145e+07
1.380692e+10 6.079064e+07 6.032539e+07 5.571717e+07 4.466154e+07 4.079633e+07 3.981587e+07 3.947966e+07 3.932766e+07 3.924843e+07 3.920508e+07 3.918090e+07 3.916731e+07 3.915966e+07
1.343933e+10 6.093599e+07 6.046311e+07 5.579617e+07 4.467289e+07 4.078924e+07 3.980520e+07 3.946818e+07 3.931593e+07 3.923660e+07 3.919319e+07 3.916898e+07 3.915538e+07 3.914771e+07
1.308064e+10 6.107890e+07 6.059821e+07 5.587272e+07 4.468373e+07 4.078198e+07 3.979445e+07 3.945665e+07 3.930416e+07 3.922472e+07 3.918126e+07 3.915703e+07 3.914341e+07 3.913574e+07
1.273195e+10 6.121958e+07 6.073089e+07 5.594698e+07 4.469393e+07 4.077457e+07 3.978363e+07 3.944507e+07 3.929234e+07 3.921281e+07 3.916930e+07 3.914503e+07 3.913140e+07 3.912372e+07
1.239256e+10 6.135958e+07 6.086260e+07 5.601975e+07 4.470360e+07 4.076690e+07 3.977260e+07 3.943329e+07 3.928034e+07 3.920071e+07 3.915715e+07 3.913286e+07 3.911921e+07 3.911152e+07
1.206368e+10 6.149775e+07 6.099226e+07 5.609045e+07 4.471267e+07 4.075904e+07 3.976146e+07 3.942142e+07 3.926824e+07 3.918852e+07 3.914491e+07 3.912060e+07 3.910693e+07 3.909924e+07
1.174068e+10 6.163350e+07 6.111930e+07 5.615880e+07 4.472118e+07 4.075095e+07 3.975015e+07 3.940940e+07 3.925600e+07 3.917618e+07 3.913253e+07 3.910819e+07 3.909452e+07 3.908681e+07
1.142771e+10 6.176791e+07 6.124474e+07 5.622535e+07 4.472912e+07 4.074253e+07 3.973853e+07 3.939707e+07 3.924349e+07 3.916360e+07 3.911991e+07 3.909555e+07 3.908186e+07 3.907415e+07
1.112376e+10 6.190124e+07 6.136881e+07 5.629024e+07 4.473649e+07 4.073374e+07 3.972668e+07 3.938458e+07 3.923081e+07 3.915085e+07 3.910712e+07 3.908274e+07 3.906905e+07 3.906133e+07
1.082658e+10 6.203214e+07 6.149023e+07 5.635282e+07 4.474323e+07 4.072477e+07 3.971476e+07 3.937205e+07 3.921811e+07 3.913807e+07 3.909431e+07 3.906991e+07 3.905621e+07 3.904849e+07
1.053798e+10 6.216093e+07 6.160931e+07 5.641328e+07 4.474937e+07 4.071563e+07 3.970276e+07 3.935946e+07 3.920535e+07 3.912524e+07 3.908145e+07 3.905704e+07 3.904332e+07 3.903560e+07
1.025707e+10 6.228890e+07 6.172724e+07 5.647222e+07 4.475496e+07 4.070623e+07 3.969056e+07 3.934667e+07 3.919240e+07 3.911223e+07 3.906841e+07 3.904398e+07 3.903025e+07 3.902252e+07
9.984908e+09 6.241448e+07 6.184255e+07 5.652894e+07 4.475993e+07 4.069667e+07 3.967829e+07 3.933383e+07 3.917940e+07 3.909918e+07 3.905532e+07 3.903088e+07 3.901714e+07 3.900941e+07
9.717522e+09 6.253717e+07 6.195479e+07 5.658324e+07 4.476430e+07 4.068695e+07 3.966593e+07 3.932094e+07 3.916636e+07 3.908607e+07 3.904219e+07 3.901773e+07 3.900399e+07 3.899625e+07
9.458486e+09 6.265847e+07 6.206534e+07 5.663582e+07 4.476810e+07 4.067697e+07 3.965332e+07 3.930779e+07 3.915307e+07 3.907273e+07 3.902882e+07 3.900434e+07 3.899059e+07 3.898285e+07
9.206354e+09 6.277889e+07 6.217463e+07 5.668689e+07 4.477137e+07 4.066672e+07 3.964037e+07 3.929433e+07 3.913947e+07 3.905907e+07 3.901514e+07 3.899065e+07 3.897689e+07 3.896914e+07
8.960943e+09 6.289838e+07 6.228262e+07 5.673644e+07 4.477409e+07 4.065620e+07 3.962721e+07 3.928059e+07 3.912557e+07 3.904511e+07 3.900114e+07 3.897664e+07 3.896288e+07 3.895513e+07
8.722075e+09 6.301688e+07 6.238924e+07 5.678443e+07 4.477624e+07 4.064540e+07 3.961382e+07 3.926665e+07 3.911147e+07 3.903094e+07 3.898695e+07 3.896243e+07 3.894865e+07 3.894090e+07
8.489732e+09 6.313202e+07 6.249232e+07 5.682992e+07 4.477780e+07 4.063453e+07 3.960048e+07 3.925278e+07 3.909745e+07 3.901686e+07 3.897284e+07 3.894830e+07 3.893452e+07 3.892676e+07
8.263270e+09 6.324381e+07 6.259193e+07 5.687301e+07 4.477879e+07 4.062363e+07 3.958721e+07 3.923900e+07 3.908352e+07 3.900288e+07 3.895883e+07 3.893428e+07 3.892049e+07 3.891272e+07
8.042999e+09 6.335456e+07 6.269009e+07 5.691459e+07 4.477925e+07 4.061246e+07 3.957372e+07 3.922503e+07 3.906941e+07 3.898871e+07 3.894463e+07 3.892007e+07 3.890627e+07 3.889850e+07
7.828599e+09 6.346429e+07 6.278681e+07 5.695468e+07 4.477916e+07 4.060101e+07 3.956001e+07 3.921084e+07 3.905509e+07 3.897434e+07 3.893024e+07 3.890566e+07 3.889186e+07 3.888408e+07
7.619915e+09 6.357297e+07 6.288205e+07 5.699325e+07 4.477851e+07 4.058929e+07 3.954608e+07 3.919644e+07 3.904057e+07 3.895977e+07 3.891564e+07 3.889105e+07 3.887724e+07 3.886946e+07
7.417680e+09 6.368006e+07 6.297533e+07 5.703010e+07 4.477731e+07 4.057733e+07 3.953198e+07 3.918190e+07 3.902590e+07 3.894505e+07 3.890090e+07 3.887630e+07 3.886248e+07 3.885470e+07
7.219086e+09 6.378382e+07 6.306512e+07 5.706468e+07 4.477558e+07 4.056533e+07 3.951794e+07 3.916744e+07 3.901133e+07 3.893044e+07 3.888627e+07 3.886166e+07 3.884783e+07 3.884005e+07
7.026650e+09 6.388479e+07 6.315192e+07 5.709723e+07 4.477334e+07 4.055326e+07 3.950392e+07 3.915301e+07 3.899679e+07 3.891587e+07 3.887168e+07 3.884706e+07 3.883322e+07 3.882543e+07
6.839343e+09 6.398466e+07 6.323716e+07 5.712833e+07 4.477057e+07 4.054091e+07 3.948967e+07 3.913837e+07 3.898205e+07 3.890109e+07 3.885688e+07 3.883225e+07 3.881841e+07 3.881062e+07
6.657029e+09 6.408337e+07 6.332079e+07 5.715794e+07 4.476724e+07 4.052828e+07 3.947518e+07 3.912351e+07 3.896710e+07 3.888610e+07 3.884187e+07 3.881723e+07 3.880339e+07 3.879560e+07
6.479575e+09 6.418088e+07 6.340275e+07 5.718605e+07 4.476336e+07 4.051535e+07 3.946046e+07 3.910844e+07 3.895193e+07 3.887089e+07 3.882666e+07 3.880201e+07 3.878816e+07 3.878036e+07
6.308497e+09 6.427620e+07 6.348219e+07 5.721236e+07 4.475896e+07 4.050226e+07 3.944565e+07 3.909328e+07 3.893669e+07 3.885563e+07 3.881137e+07 3.878672e+07 3.877287e+07 3.876507e+07
6.138731e+09 6.436830e+07 6.355828e+07 5.723666e+07 4.475410e+07 4.048916e+07 3.943092e+07 3.907823e+07 3.892156e+07 3.884047e+07 3.879620e+07 3.877154e+07 3.875768e+07 3.874988e+07
5.975093e+09 6.445814e+07 6.363183e+07 5.725925e+07 4.474877e+07 4.047592e+07 3.941612e+07 3.906313e+07 3.890638e+07 3.882526e+07 3.878099e+07 3.875632e+07 3.874246e+07 3.873466e+07
5.815817e+09 6.454673e+07 6.370366e+07 5.728039e+07 4.474289e+07 4.046240e+07 3.940108e+07 3.904780e+07 3.889099e+07 3.880985e+07 3.876556e+07 3.874089e+07 3.872703e+07 3.871923e+07
5.660787e+09 6.463402e+07 6.377371e+07 5.730006e+07 4.473646e+07 4.044858e+07 3.938580e+07 3.903225e+07 3.887537e+07 3.879421e+07 3.874992e+07 3.872524e+07 3.871138e+07 3.870358e+07
5.509889e+09 6.471993e+07 6.384189e+07 5.731825e+07 4.472948e+07 4.043446e+07 3.937029e+07 3.901646e+07 3.885953e+07 3.877836e+07 3.873406e+07 3.870938e+07 3.869551e+07 3.868771e+07
5.363885e+09 6.480313e+07 6.390715e+07 5.733468e+07 4.472204e+07 4.042026e+07 3.935476e+07 3.900069e+07 3.884371e+07 3.876252e+07 3.871821e+07 3.869353e+07 3.867966e+07 3.867186e+07
5.220054e+09 6.488322e+07 6.396920e+07 5.734935e+07 4.471422e+07 4.040606e+07 3.933931e+07 3.898502e+07 3.882799e+07 3.874679e+07 3.870248e+07 3.867780e+07 3.866393e+07 3.865612e+07
5.080905e+09 6.496146e+07 6.402903e+07 5.736252e+07 4.470592e+07 4.039166e+07 3.932372e+07 3.896921e+07 3.881214e+07 3.873093e+07 3.868662e+07 3.866194e+07 3.864807e+07 3.864026e+07
4.945465e+09 6.503828e+07 6.408697e+07 5.737426e+07 4.469706e+07 4.037696e+07 3.930788e+07 3.895317e+07 3.879607e+07 3.871485e+07 3.867054e+07 3.864585e+07 3.863198e+07 3.862418e+07
4.813635e+09 6.511361e+07 6.414294e+07 5.738457e+07 4.468766e+07 4.036195e+07 3.929178e+07 3.893690e+07 3.877976e+07 3.869854e+07 3.865423e+07 3.862954e+07 3.861567e+07 3.860787e+07
4.685320e+09 6.518740e+07 6.419689e+07 5.739341e+07 4.467770e+07 4.034664e+07 3.927544e+07 3.892038e+07 3.876322e+07 3.868200e+07 3.863769e+07 3.861300e+07 3.859913e+07 3.859133e+07
4.560463e+09 6.525810e+07 6.424770e+07 5.740062e+07 4.466738e+07 4.033135e+07 3.925918e+07 3.890397e+07 3.874679e+07 3.866557e+07 3.862126e+07 3.859657e+07 3.858271e+07 3.857490e+07
4.438859e+09 6.532580e+07 6.429547e+07 5.740632e+07 4.465676e+07 4.031607e+07 3.924302e+07 3.888767e+07 3.873048e+07 3.864926e+07 3.860495e+07 3.858026e+07 3.856640e+07 3.855860e+07
4.320534e+09 6.539194e+07 6.434124e+07 5.741063e+07 4.464559e+07 4.030051e+07 3.922661e+07 3.887114e+07 3.871393e+07 3.863272e+07 3.858841e+07 3.856373e+07 3.854987e+07 3.854206e+07
4.205363e+09 6.545647e+07 6.438495e+07 5.741354e+07 4.463388e+07 4.028463e+07 3.920994e+07 3.885436e+07 3.869715e+07 3.861594e+07 3.857164e+07 3.854696e+07 3.853310e+07 3.852530e+07
4.093262e+09 6.551933e+07 6.442656e+07 5.741503e+07 4.462162e+07 4.026844e+07 3.919301e+07 3.883733e+07 3.868012e+07 3.859892e+07 3.855463e+07 3.852995e+07 3.851610e+07 3.850830e+07
3.984723e+09 6.558012e+07 6.446579e+07 5.741510e+07 4.460886e+07 4.025202e+07 3.917590e+07 3.882014e+07 3.866294e+07 3.858175e+07 3.853746e+07 3.851280e+07 3.849894e+07 3.849114e+07
3.877945e+09 6.563792e+07 6.450206e+07 5.741377e+07 4.459583e+07 4.023563e+07 3.915889e+07 3.880306e+07 3.864587e+07 3.856470e+07 3.852042e+07 3.849576e+07 3.848191e+07 3.847411e+07
3.774572e+09 6.569311e+07 6.453568e+07 5.741111e+07 4.458247e+07 4.021920e+07 3.914190e+07 3.878601e+07 3.862883e+07 3.854767e+07 3.850341e+07 3.847875e+07 3.846490e+07 3.845711e+07
3.673955e+09 6.574656e+07 6.456718e+07 5.740709e+07 4.456856e+07 4.020245e+07 3.912463e+07 3.876870e+07 3.861155e+07 3.853041e+07 3.848615e+07 3.846150e+07 3.844766e+07 3.843986e+07
3.576019e+09 6.579821e+07 6.459651e+07 5.740170e+07 4.455411e+07 4.018538e+07 3.910709e+07 3.875114e+07 3.859401e+07 3.851289e+07 3.846865e+07 3.844401e+07 3.843016e+07 3.842237e+07
3.480695e+09 6.584799e+07 6.462360e+07 5.739491e+07 4.453909e+07 4.016798e+07 3.908929e+07 3.873332e+07 3.857621e+07 3.849512e+07 3.845089e+07 3.842626e+07 3.841242e+07 3.840463e+07
3.388859e+09 6.589530e+07 6.464814e+07 5.738681e+07 4.452369e+07 4.015046e+07 3.907140e+07 3.871543e+07 3.855836e+07 3.847729e+07 3.843308e+07 3.840845e+07 3.839462e+07 3.838684e+07
3.297601e+09 6.593971e+07 6.466996e+07 5.737753e+07 4.450806e+07 4.013299e+07 3.905363e+07 3.869766e+07 3.854063e+07 3.845959e+07 3.841539e+07 3.839078e+07 3.837695e+07 3.836917e+07
3.209698e+09 6.598179e+07 6.468938e+07 5.736702e+07 4.449205e+07 4.011538e+07 3.903576e+07 3.867982e+07 3.852283e+07 3.844181e+07 3.839763e+07 3.837303e+07 3.835921e+07 3.835143e+07
3.124138e+09 6.602193e+07 6.470658e+07 5.735517e+07 4.447550e+07 4.009744e+07 3.901761e+07 3.866171e+07 3.850477e+07 3.842378e+07 3.837962e+07 3.835502e+07 3.834121e+07 3.833343e+07
3.040859e+09 6.606005e+07 6.472150e+07 5.734197e+07 4.445838e+07 4.007917e+07 3.899918e+07 3.864333e+07 3.848644e+07 3.840548e+07 3.836134e+07 3.833676e+07 3.832295e+07 3.831517e+07
2.959800e+09 6.609608e+07 6.473411e+07 5.732740e+07 4.444071e+07 4.006056e+07 3.898046e+07 3.862467e+07 3.846784e+07 3.838692e+07 3.834280e+07 3.831822e+07 3.830442e+07 3.829665e+07
2.881228e+09 6.612937e+07 6.474418e+07 5.731172e+07 4.442278e+07 4.004194e+07 3.896177e+07 3.860606e+07 3.844928e+07 3.836841e+07 3.832430e+07 3.829974e+07 3.828595e+07 3.827818e+07
2.804106e+09 6.615989e+07 6.475179e+07 5.729506e+07 4.440468e+07 4.002338e+07 3.894320e+07 3.858757e+07 3.843086e+07 3.835002e+07 3.830594e+07 3.828139e+07 3.826760e+07 3.825984e+07
2.729358e+09 6.618819e+07 6.475712e+07 5.727717e+07 4.438612e+07 4.000456e+07 3.892441e+07 3.856888e+07 3.841224e+07 3.833144e+07 3.828739e+07 3.826285e+07 3.824907e+07 3.824131e+07
2.656602e+09 6.621432e+07 6.476016e+07 5.725795e+07 4.436700e+07 3.998540e+07 3.890533e+07 3.854991e+07 3.839334e+07 3.831259e+07 3.826856e+07 3.824404e+07 3.823026e+07 3.822251e+07
2.585786e+09 6.623820e+07 6.476085e+07 5.723740e+07 4.434731e+07 3.996590e+07 3.888596e+07 3.853065e+07 3.837417e+07 3.829346e+07 3.824945e+07 3.822495e+07 3.821118e+07 3.820343e+07
2.516999e+09 6.625972e+07 6.475917e+07 5.721554e+07 4.432710e+07 3.994609e+07 3.886632e+07 3.851115e+07 3.835475e+07 3.827409e+07 3.823011e+07 3.820562e+07 3.819186e+07 3.818412e+07
2.449767e+09 6.627845e+07 6.475517e+07 5.719281e+07 4.430675e+07 3.992635e+07 3.884680e+07 3.849178e+07 3.833546e+07 3.825485e+07 3.821090e+07 3.818642e+07 3.817267e+07 3.816493e+07
2.384464e+09 6.629455e+07 6.474898e+07 5.716924e+07 4.428625e+07 3.990666e+07 3.882736e+07 3.847249e+07 3.831626e+07 3.823570e+07 3.819178e+07 3.816732e+07 3.815358e+07 3.814585e+07
2.320902e+09 6.630833e+07 6.474049e+07 5.714438e+07 4.426519e+07 3.988661e+07 3.880762e+07 3.845291e+07 3.829678e+07 3.821627e+07 3.817238e+07 3.814793e+07 3.813420e+07 3.812648e+07
2.259035e+09 6.631969e+07 6.472965e+07 5.711821e+07 4.424356e+07 3.986621e+07 3.878756e+07 3.843304e+07 3.827700e+07 3.819655e+07 3.815269e+07 3.812826e+07 3.811454e+07 3.810682e+07
2.198817e+09 6.632857e+07 6.471644e+07 5.709071e+07 4.422136e+07 3.984545e+07 3.876720e+07 3.841286e+07 3.825693e+07 3.817653e+07 3.813270e+07 3.810830e+07 3.809459e+07 3.808687e+07
2.140688e+09 6.633482e+07 6.470094e+07 5.706211e+07 4.419877e+07 3.982450e+07 3.874669e+07 3.839255e+07 3.823673e+07 3.815639e+07 3.811260e+07 3.808821e+07 3.807451e+07 3.806680e+07
2.083153e+09 6.633842e+07 6.468343e+07 5.703282e+07 4.417610e+07 3.980364e+07 3.872630e+07 3.837238e+07 3.821666e+07 3.813639e+07 3.809262e+07 3.806825e+07 3.805456e+07 3.804686e+07
2.027623e+09 6.633946e+07 6.466385e+07 5.700265e+07 4.415316e+07 3.978271e+07 3.870587e+07 3.835217e+07 3.819657e+07 3.811635e+07 3.807262e+07 3.804827e+07 3.803459e+07 3.802689e+07
1.973573e+09 6.633792e+07 6.464195e+07 5.697119e+07 4.412965e+07 3.976140e+07 3.868512e+07 3.833165e+07 3.817617e+07 3.809601e+07 3.805232e+07 3.802799e+07 3.801432e+07 3.800663e+07
1.920964e+09 6.633371e+07 6.461767e+07 5.693842e+07 4.410556e+07 3.973973e+07 3.866405e+07 3.831082e+07 3.815546e+07 3.807537e+07 3.803171e+07 3.800740e+07 3.799375e+07 3.798606e+07
1.869758e+09 6.632676e+07 6.459100e+07 5.690432e+07 4.408089e+07 3.971768e+07 3.864264e+07 3.828967e+07 3.813443e+07 3.805441e+07 3.801080e+07 3.798650e+07 3.797286e+07 3.796518e+07
1.820249e+09 6.631711e+07 6.456233e+07 5.686942e+07 4.405601e+07 3.969558e+07 3.862122e+07 3.826852e+07 3.811341e+07 3.803346e+07 3.798988e+07 3.796561e+07 3.795198e+07 3.794431e+07
1.771404e+09 6.630494e+07 6.453196e+07 5.683400e+07 4.403109e+07 3.967358e+07 3.859994e+07 3.824750e+07 3.809253e+07 3.801265e+07 3.796911e+07 3.794486e+07 3.793124e+07 3.792358e+07
1.724184e+09 6.629008e+07 6.449949e+07 5.679753e+07 4.400575e+07 3.965136e+07 3.857846e+07 3.822631e+07 3.807147e+07 3.799166e+07 3.794816e+07 3.792394e+07 3.791033e+07 3.790267e+07
1.678223e+09 6.627238e+07 6.446466e+07 5.675977e+07 4.397984e+07 3.962875e+07 3.855665e+07 3.820479e+07 3.805009e+07 3.797036e+07 3.792690e+07 3.790269e+07 3.788910e+07 3.788145e+07
1.633487e+09 6.625173e+07 6.442747e+07 5.672071e+07 4.395333e+07 3.960576e+07 3.853449e+07 3.818294e+07 3.802838e+07 3.794873e+07 3.790531e+07 3.788113e+07 3.786755e+07 3.785991e+07
1.589952e+09 6.622806e+07 6.438787e+07 5.668033e+07 4.392622e+07 3.958237e+07 3.851199e+07 3.816075e+07 3.800635e+07 3.792677e+07 3.788340e+07 3.785924e+07 3.784568e+07 3.783804e+07
1.547561e+09 6.620185e+07 6.434675e+07 5.663951e+07 4.389911e+07 3.955909e+07 3.848962e+07 3.813871e+07 3.798446e+07 3.790496e+07 3.786163e+07 3.783750e+07 3.782395e+07 3.781632e+07
1.506308e+09 6.617324e+07 6.430423e+07 5.659830e+07 4.387199e+07 3.953593e+07 3.846740e+07 3.811681e+07 3.796271e+07 3.788330e+07 3.784001e+07 3.781590e+07 3.780236e+07 3.779474e+07
1.466155e+09 6.614159e+07 6.425939e+07 5.655581e+07 4.384428e+07 3.951238e+07 3.844481e+07 3.809457e+07 3.794063e+07 3.786130e+07 3.781805e+07 3.779397e+07 3.778045e+07 3.777284e+07
1.427072e+09 6.610680e+07 6.421221e+07 5.651203e+07 4.381597e+07 3.948842e+07 3.842188e+07 3.807199e+07 3.791821e+07 3.783896e+07 3.779576e+07 3.777171e+07 3.775820e+07 3.775060e+07
1.389031e+09 6.606878e+07 6.416265e+07 5.646692e+07 4.378705e+07 3.946406e+07 3.839858e+07 3.804905e+07 3.789544e+07 3.781628e+07 3.777313e+07 3.774910e+07 3.773561e+07 3.772801e+07
1.352264e+09 6.602773e+07 6.411106e+07 5.642082e+07 4.375773e+07 3.943945e+07 3.837507e+07 3.802593e+07 3.787248e+07 3.779341e+07 3.775031e+07 3.772631e+07 3.771283e+07 3.770525e+07
1.315965e+09 6.598429e+07 6.405825e+07 5.637441e+07 4.372843e+07 3.941497e+07 3.835172e+07 3.800295e+07 3.784968e+07 3.777070e+07 3.772765e+07 3.770367e+07 3.769021e+07 3.768263e+07
1.280885e+09 6.593823e+07 6.400394e+07 5.632741e+07 4.369897e+07 3.939045e+07 3.832834e+07 3.797996e+07 3.782686e+07 3.774797e+07 3.770497e+07 3.768102e+07 3.766758e+07 3.766001e+07
1.246741e+09 6.588883e+07 6.394731e+07 5.627912e+07 4.366889e+07 3.936551e+07 3.830459e+07 3.795661e+07 3.780369e+07 3.772489e+07 3.768194e+07 3.765802e+07 3.764459e+07 3.763703e+07
1.213507e+09 6.583598e+07 6.388834e+07 5.622951e+07 4.363819e+07 3.934015e+07 3.828046e+07 3.793289e+07 3.778016e+07 3.770145e+07 3.765856e+07 3.763467e+07 3.762125e+07 3.761370e+07
1.181159e+09 6.577959e+07 6.382700e+07 5.617856e+07 4.360686e+07 3.931436e+07 3.825595e+07 3.790881e+07 3.775626e+07 3.767765e+07 3.763481e+07 3.761095e+07 3.759755e+07 3.759001e+07
1.149913e+09 6.572042e+07 6.376417e+07 5.612702e+07 4.357535e+07 3.928850e+07 3.823141e+07 3.788469e+07 3.773233e+07 3.765383e+07 3.761103e+07 3.758720e+07 3.757382e+07 3.756629e+07
1.119027e+09 6.565901e+07 6.370042e+07 5.607531e+07 4.354391e+07 3.926279e+07 3.820702e+07 3.786073e+07 3.770857e+07 3.763016e+07 3.758742e+07 3.756362e+07 3.755025e+07 3.754273e+07
1.089197e+09 6.559451e+07 6.363487e+07 5.602269e+07 4.351208e+07 3.923685e+07 3.818242e+07 3.783658e+07 3.768461e+07 3.760630e+07 3.756362e+07 3.753985e+07 3.752650e+07 3.751899e+07
1.060163e+09 6.552634e+07 6.356699e+07 5.596875e+07 4.347962e+07 3.921046e+07 3.815744e+07 3.781205e+07 3.766028e+07 3.758207e+07 3.753945e+07 3.751571e+07 3.750238e+07 3.749487e+07
1.031903e+09 6.545441e+07 6.349678e+07 5.591347e+07 4.344651e+07 3.918363e+07 3.813205e+07 3.778713e+07 3.763556e+07 3.755746e+07 3.751489e+07 3.749119e+07 3.747787e+07 3.747038e+07
1.004396e+09 6.537865e+07 6.342420e+07 5.585684e+07 4.341275e+07 3.915635e+07 3.810626e+07 3.776182e+07 3.761046e+07 3.753247e+07 3.748996e+07 3.746628e+07 3.745299e+07 3.744550e+07
