7.245441e+14 4.000300e+07 4.000312e+07 4.000435e+07 4.001226e+07 4.002486e+07 4.003527e+07 4.004221e+07 4.004639e+07 4.004878e+07 4.005010e+07 4.005079e+07 4.005112e+07 4.005124e+07
7.013171e+14 4.000311e+07 4.000323e+07 4.000448e+07 4.001247e+07 4.002507e+07 4.003542e+07 4.004230e+07 4.004644e+07 4.004881e+07 4.005012e+07 4.005080e+07 4.005112e+07 4.005125e+07
6.823586e+14 4.000320e+07 4.000333e+07 4.000460e+07 4.001266e+07 4.002526e+07 4.003556e+07 4.004238e+07 4.004649e+07 4.004884e+07 4.005013e+07 4.005080e+07 4.005112e+07 4.005125e+07
6.640552e+14 4.000330e+07 4.000343e+07 4.000472e+07 4.001286e+07 4.002545e+07 4.003569e+07 4.004247e+07 4.004654e+07 4.004887e+07 4.005014e+07 4.005081e+07 4.005113e+07 4.005125e+07
6.462342e+14 4.000341e+07 4.000354e+07 4.000484e+07 4.001306e+07 4.002565e+07 4.003583e+07 4.004256e+07 4.004659e+07 4.004890e+07 4.005016e+07 4.005082e+07 4.005113e+07 4.005125e+07
6.289740e+14 4.000351e+07 4.000365e+07 4.000497e+07 4.001326e+07 4.002585e+07 4.003597e+07 4.004265e+07 4.004664e+07 4.004893e+07 4.005018e+07 4.005083e+07 4.005113e+07 4.005125e+07
6.121788e+14 4.000362e+07 4.000376e+07 4.000510e+07 4.001346e+07 4.002605e+07 4.003612e+07 4.004273e+07 4.004670e+07 4.004896e+07 4.005019e+07 4.005083e+07 4.005114e+07 4.005125e+07
5.958386e+14 4.000373e+07 4.000387e+07 4.000523e+07 4.001367e+07 4.002625e+07 4.003626e+07 4.004282e+07 4.004675e+07 4.004898e+07 4.005021e+07 4.005084e+07 4.005114e+07 4.005125e+07
5.799842e+14 4.000384e+07 4.000398e+07 4.000537e+07 4.001388e+07 4.002645e+07 4.003640e+07 4.004291e+07 4.004680e+07 4.004901e+07 4.005022e+07 4.005085e+07 4.005114e+07 4.005125e+07
5.644592e+14 4.000396e+07 4.000410e+07 4.000551e+07 4.001409e+07 4.002666e+07 4.003655e+07 4.004300e+07 4.004685e+07 4.004904e+07 4.005024e+07 4.005086e+07 4.005115e+07 4.005125e+07
5.494363e+14 4.000407e+07 4.000422e+07 4.000565e+07 4.001431e+07 4.002687e+07 4.003669e+07 4.004309e+07 4.004690e+07 4.004907e+07 4.005025e+07 4.005086e+07 4.005115e+07 4.005125e+07
5.347454e+14 4.000419e+07 4.000434e+07 4.000579e+07 4.001453e+07 4.002707e+07 4.003684e+07 4.004318e+07 4.004696e+07 4.004910e+07 4.005027e+07 4.005087e+07 4.005115e+07 4.005125e+07
5.205357e+14 4.000431e+07 4.000446e+07 4.000593e+07 4.001474e+07 4.002728e+07 4.003698e+07 4.004327e+07 4.004701e+07 4.004913e+07 4.005028e+07 4.005088e+07 4.005116e+07 4.005125e+07
5.066051e+14 4.000443e+07 4.000458e+07 4.000608e+07 4.001496e+07 4.002749e+07 4.003713e+07 4.004336e+07 4.004706e+07 4.004916e+07 4.005030e+07 4.005089e+07 4.005116e+07 4.005126e+07
4.931811e+14 4.000455e+07 4.000471e+07 4.000622e+07 4.001519e+07 4.002770e+07 4.003728e+07 4.004345e+07 4.004711e+07 4.004919e+07 4.005032e+07 4.005090e+07 4.005116e+07 4.005126e+07
4.799515e+14 4.000468e+07 4.000484e+07 4.000637e+07 4.001541e+07 4.002791e+07 4.003742e+07 4.004354e+07 4.004717e+07 4.004922e+07 4.005033e+07 4.005090e+07 4.005117e+07 4.005126e+07
4.671729e+14 4.000481e+07 4.000497e+07 4.000652e+07 4.001563e+07 4.002812e+07 4.003757e+07 4.004363e+07 4.004722e+07 4.004925e+07 4.005035e+07 4.005091e+07 4.005117e+07 4.005126e+07
4.547555e+14 4.000493e+07 4.000510e+07 4.000667e+07 4.001586e+07 4.002833e+07 4.003771e+07 4.004372e+07 4.004727e+07 4.004928e+07 4.005036e+07 4.005092e+07 4.005117e+07 4.005126e+07
4.425772e+14 4.000506e+07 4.000523e+07 4.000683e+07 4.001609e+07 4.002854e+07 4.003786e+07 4.004381e+07 4.004732e+07 4.004930e+07 4.005038e+07 4.005093e+07 4.005118e+07 4.005126e+07
4.308132e+14 4.000520e+07 4.000536e+07 4.000698e+07 4.001632e+07 4.002875e+07 4.003801e+07 4.004390e+07 4.004737e+07 4.004933e+07 4.005039e+07 4.005093e+07 4.005118e+07 4.005126e+07
4.193441e+14 4.000533e+07 4.000550e+07 4.000714e+07 4.001655e+07 4.002896e+07 4.003815e+07 4.004399e+07 4.004743e+07 4.004936e+07 4.005041e+07 4.005094e+07 4.005118e+07 4.005126e+07
4.081176e+14 4.000546e+07 4.000563e+07 4.000730e+07 4.001678e+07 4.002917e+07 4.003830e+07 4.004408e+07 4.004748e+07 4.004939e+07 4.005042e+07 4.005095e+07 4.005119e+07 4.005126e+07
3.972654e+14 4.000560e+07 4.000577e+07 4.000746e+07 4.001701e+07 4.002938e+07 4.003844e+07 4.004417e+07 4.004753e+07 4.004942e+07 4.005044e+07 4.005096e+07 4.005119e+07 4.005126e+07
3.867082e+14 4.000574e+07 4.000591e+07 4.000762e+07 4.001725e+07 4.002960e+07 4.003859e+07 4.004426e+07 4.004758e+07 4.004945e+07 4.005045e+07 4.005096e+07 4.005119e+07 4.005126e+07
3.763432e+14 4.000588e+07 4.000605e+07 4.000779e+07 4.001748e+07 4.002981e+07 4.003874e+07 4.004435e+07 4.004763e+07 4.004948e+07 4.005047e+07 4.005097e+07 4.005120e+07 4.005126e+07
3.663193e+14 4.000602e+07 4.000620e+07 4.000795e+07 4.001772e+07 4.003002e+07 4.003888e+07 4.004444e+07 4.004769e+07 4.004951e+07 4.005048e+07 4.005098e+07 4.005120e+07 4.005126e+07
3.566146e+14 4.000616e+07 4.000634e+07 4.000812e+07 4.001795e+07 4.003023e+07 4.003903e+07 4.004453e+07 4.004774e+07 4.004953e+07 4.005050e+07 4.005099e+07 4.005120e+07 4.005127e+07
3.470587e+14 4.000630e+07 4.000649e+07 4.000828e+07 4.001819e+07 4.003045e+07 4.003917e+07 4.004462e+07 4.004779e+07 4.004956e+07 4.005051e+07 4.005099e+07 4.005121e+07 4.005127e+07
3.377903e+14 4.000644e+07 4.000663e+07 4.000845e+07 4.001843e+07 4.003066e+07 4.003932e+07 4.004471e+07 4.004784e+07 4.004959e+07 4.005053e+07 4.005100e+07 4.005121e+07 4.005127e+07
3.288245e+14 4.000659e+07 4.000678e+07 4.000862e+07 4.001867e+07 4.003087e+07 4.003946e+07 4.004479e+07 4.004789e+07 4.004962e+07 4.005054e+07 4.005101e+07 4.005121e+07 4.005127e+07
3.200717e+14 4.000674e+07 4.000693e+07 4.000879e+07 4.001891e+07 4.003108e+07 4.003961e+07 4.004488e+07 4.004794e+07 4.004965e+07 4.005056e+07 4.005102e+07 4.005121e+07 4.005127e+07
3.114925e+14 4.000688e+07 4.000708e+07 4.000897e+07 4.001915e+07 4.003130e+07 4.003975e+07 4.004497e+07 4.004799e+07 4.004968e+07 4.005057e+07 4.005102e+07 4.005122e+07 4.005127e+07
3.031732e+14 4.000703e+07 4.000723e+07 4.000914e+07 4.001939e+07 4.003151e+07 4.003990e+07 4.004506e+07 4.004804e+07 4.004970e+07 4.005059e+07 4.005103e+07 4.005122e+07 4.005127e+07
2.951313e+14 4.000718e+07 4.000738e+07 4.000931e+07 4.001964e+07 4.003172e+07 4.004004e+07 4.004515e+07 4.004809e+07 4.004973e+07 4.005060e+07 4.005104e+07 4.005122e+07 4.005127e+07
2.872644e+14 4.000733e+07 4.000754e+07 4.000949e+07 4.001988e+07 4.003194e+07 4.004019e+07 4.004524e+07 4.004814e+07 4.004976e+07 4.005062e+07 4.005105e+07 4.005123e+07 4.005127e+07
2.796077e+14 4.000749e+07 4.000769e+07 4.000966e+07 4.002012e+07 4.003215e+07 4.004033e+07 4.004532e+07 4.004820e+07 4.004979e+07 4.005063e+07 4.005105e+07 4.005123e+07 4.005127e+07
2.721546e+14 4.000764e+07 4.000785e+07 4.000984e+07 4.002037e+07 4.003236e+07 4.004047e+07 4.004541e+07 4.004825e+07 4.004982e+07 4.005065e+07 4.005106e+07 4.005123e+07 4.005127e+07
2.649001e+14 4.000779e+07 4.000800e+07 4.001002e+07 4.002061e+07 4.003257e+07 4.004062e+07 4.004550e+07 4.004830e+07 4.004984e+07 4.005066e+07 4.005107e+07 4.005124e+07 4.005127e+07
2.578390e+14 4.000795e+07 4.000816e+07 4.001020e+07 4.002086e+07 4.003278e+07 4.004076e+07 4.004559e+07 4.004835e+07 4.004987e+07 4.005068e+07 4.005107e+07 4.005124e+07 4.005127e+07
2.509660e+14 4.000810e+07 4.000832e+07 4.001038e+07 4.002110e+07 4.003300e+07 4.004090e+07 4.004567e+07 4.004840e+07 4.004990e+07 4.005069e+07 4.005108e+07 4.005124e+07 4.005127e+07
2.442761e+14 4.000826e+07 4.000848e+07 4.001056e+07 4.002135e+07 4.003321e+07 4.004105e+07 4.004576e+07 4.004845e+07 4.004993e+07 4.005071e+07 4.005109e+07 4.005124e+07 4.005127e+07
2.377645e+14 4.000841e+07 4.000863e+07 4.001074e+07 4.002159e+07 4.003342e+07 4.004119e+07 4.004584e+07 4.004849e+07 4.004995e+07 4.005072e+07 4.005110e+07 4.005125e+07 4.005127e+07
2.314265e+14 4.000859e+07 4.000881e+07 4.001094e+07 4.002187e+07 4.003366e+07 4.004135e+07 4.004594e+07 4.004855e+07 4.004998e+07 4.005074e+07 4.005110e+07 4.005125e+07 4.005127e+07
2.252572e+14 4.000875e+07 4.000897e+07 4.001112e+07 4.002211e+07 4.003387e+07 4.004149e+07 4.004603e+07 4.004860e+07 4.005001e+07 4.005075e+07 4.005111e+07 4.005125e+07 4.005127e+07
2.192524e+14 4.000890e+07 4.000913e+07 4.001131e+07 4.002236e+07 4.003408e+07 4.004163e+07 4.004611e+07 4.004865e+07 4.005004e+07 4.005077e+07 4.005112e+07 4.005126e+07 4.005128e+07
2.134070e+14 4.000906e+07 4.000930e+07 4.001149e+07 4.002261e+07 4.003429e+07 4.004177e+07 4.004620e+07 4.004870e+07 4.005007e+07 4.005078e+07 4.005112e+07 4.005126e+07 4.005128e+07
2.077178e+14 4.000922e+07 4.000946e+07 4.001167e+07 4.002286e+07 4.003450e+07 4.004191e+07 4.004629e+07 4.004875e+07 4.005009e+07 4.005079e+07 4.005113e+07 4.005126e+07 4.005128e+07
2.021801e+14 4.000938e+07 4.000962e+07 4.001186e+07 4.002310e+07 4.003471e+07 4.004206e+07 4.004637e+07 4.004880e+07 4.005012e+07 4.005081e+07 4.005114e+07 4.005126e+07 4.005128e+07
1.967898e+14 4.000955e+07 4.000979e+07 4.001205e+07 4.002335e+07 4.003492e+07 4.004220e+07 4.004646e+07 4.004885e+07 4.005015e+07 4.005082e+07 4.005114e+07 4.005127e+07 4.005128e+07
1.915434e+14 4.000971e+07 4.000995e+07 4.001223e+07 4.002360e+07 4.003513e+07 4.004234e+07 4.004654e+07 4.004890e+07 4.005017e+07 4.005084e+07 4.005115e+07 4.005127e+07 4.005128e+07
1.864367e+14 4.000987e+07 4.001012e+07 4.001242e+07 4.002386e+07 4.003535e+07 4.004248e+07 4.004663e+07 4.004895e+07 4.005020e+07 4.005085e+07 4.005116e+07 4.005127e+07 4.005128e+07
1.814663e+14 4.001004e+07 4.001029e+07 4.001261e+07 4.002411e+07 4.003556e+07 4.004263e+07 4.004672e+07 4.004900e+07 4.005023e+07 4.005087e+07 4.005117e+07 4.005128e+07 4.005128e+07
1.766298e+14 4.001021e+07 4.001046e+07 4.001281e+07 4.002437e+07 4.003578e+07 4.004277e+07 4.004680e+07 4.004905e+07 4.005026e+07 4.005088e+07 4.005117e+07 4.005128e+07 4.005128e+07
1.719216e+14 4.001038e+07 4.001063e+07 4.001300e+07 4.002462e+07 4.003599e+07 4.004292e+07 4.004689e+07 4.004910e+07 4.005029e+07 4.005090e+07 4.005118e+07 4.005128e+07 4.005128e+07
1.673408e+14 4.001054e+07 4.001080e+07 4.001319e+07 4.002488e+07 4.003621e+07 4.004306e+07 4.004698e+07 4.004915e+07 4.005031e+07 4.005091e+07 4.005119e+07 4.005128e+07 4.005128e+07
1.628842e+14 4.001071e+07 4.001097e+07 4.001339e+07 4.002514e+07 4.003643e+07 4.004321e+07 4.004707e+07 4.004920e+07 4.005034e+07 4.005092e+07 4.005119e+07 4.005129e+07 4.005128e+07
1.585487e+14 4.001088e+07 4.001114e+07 4.001358e+07 4.002539e+07 4.003664e+07 4.004335e+07 4.004715e+07 4.004925e+07 4.005037e+07 4.005094e+07 4.005120e+07 4.005129e+07 4.005128e+07
1.543301e+14 4.001105e+07 4.001131e+07 4.001377e+07 4.002565e+07 4.003686e+07 4.004349e+07 4.004724e+07 4.004930e+07 4.005039e+07 4.005095e+07 4.005121e+07 4.005129e+07 4.005128e+07
1.502235e+14 4.001121e+07 4.001148e+07 4.001396e+07 4.002589e+07 4.003706e+07 4.004363e+07 4.004732e+07 4.004934e+07 4.005042e+07 4.005097e+07 4.005121e+07 4.005129e+07 4.005128e+07
1.462285e+14 4.001590e+07 4.001624e+07 4.001934e+07 4.003297e+07 4.004299e+07 4.004758e+07 4.004971e+07 4.005071e+07 4.005117e+07 4.005136e+07 4.005141e+07 4.005137e+07 4.005129e+07
1.423365e+14 4.002024e+07 4.002064e+07 4.002430e+07 4.003951e+07 4.004847e+07 4.005123e+07 4.005192e+07 4.005198e+07 4.005187e+07 4.005173e+07 4.005158e+07 4.005144e+07 4.005130e+07
1.385426e+14 4.002419e+07 4.002465e+07 4.002884e+07 4.004547e+07 4.005345e+07 4.005456e+07 4.005392e+07 4.005313e+07 4.005250e+07 4.005206e+07 4.005174e+07 4.005150e+07 4.005131e+07
1.348461e+14 4.002780e+07 4.002832e+07 4.003298e+07 4.005089e+07 4.005799e+07 4.005758e+07 4.005575e+07 4.005417e+07 4.005308e+07 4.005236e+07 4.005189e+07 4.005156e+07 4.005132e+07
1.312397e+14 4.003113e+07 4.003169e+07 4.003678e+07 4.005588e+07 4.006215e+07 4.006035e+07 4.005742e+07 4.005513e+07 4.005360e+07 4.005264e+07 4.005202e+07 4.005162e+07 4.005133e+07
1.277287e+14 4.003426e+07 4.003487e+07 4.004037e+07 4.006057e+07 4.006607e+07 4.006296e+07 4.005899e+07 4.005603e+07 4.005410e+07 4.005290e+07 4.005215e+07 4.005167e+07 4.005133e+07
1.243120e+14 4.003731e+07 4.003797e+07 4.004386e+07 4.006513e+07 4.006986e+07 4.006548e+07 4.006052e+07 4.005690e+07 4.005458e+07 4.005315e+07 4.005227e+07 4.005171e+07 4.005134e+07
1.209901e+14 4.004030e+07 4.004100e+07 4.004728e+07 4.006959e+07 4.007357e+07 4.006795e+07 4.006201e+07 4.005775e+07 4.005505e+07 4.005340e+07 4.005239e+07 4.005176e+07 4.005135e+07
1.177582e+14 4.004326e+07 4.004400e+07 4.005066e+07 4.007399e+07 4.007723e+07 4.007038e+07 4.006347e+07 4.005859e+07 4.005551e+07 4.005364e+07 4.005251e+07 4.005181e+07 4.005135e+07
1.146161e+14 4.004622e+07 4.004701e+07 4.005405e+07 4.007840e+07 4.008090e+07 4.007282e+07 4.006494e+07 4.005943e+07 4.005597e+07 4.005388e+07 4.005263e+07 4.005185e+07 4.005136e+07
1.115600e+14 4.004923e+07 4.005006e+07 4.005749e+07 4.008286e+07 4.008459e+07 4.007527e+07 4.006642e+07 4.006028e+07 4.005644e+07 4.005413e+07 4.005274e+07 4.005190e+07 4.005136e+07
1.085863e+14 4.005228e+07 4.005315e+07 4.006098e+07 4.008738e+07 4.008834e+07 4.007776e+07 4.006792e+07 4.006114e+07 4.005691e+07 4.005438e+07 4.005286e+07 4.005195e+07 4.005137e+07
1.056925e+14 4.005538e+07 4.005630e+07 4.006452e+07 4.009197e+07 4.009213e+07 4.008028e+07 4.006944e+07 4.006201e+07 4.005739e+07 4.005463e+07 4.005298e+07 4.005199e+07 4.005138e+07
1.028761e+14 4.005854e+07 4.005951e+07 4.006812e+07 4.009662e+07 4.009598e+07 4.008282e+07 4.007097e+07 4.006288e+07 4.005787e+07 4.005488e+07 4.005311e+07 4.005204e+07 4.005138e+07
1.001348e+14 4.006174e+07 4.006276e+07 4.007178e+07 4.010132e+07 4.009986e+07 4.008540e+07 4.007252e+07 4.006377e+07 4.005836e+07 4.005513e+07 4.005323e+07 4.005209e+07 4.005139e+07
9.746542e+13 4.006496e+07 4.006602e+07 4.007545e+07 4.010605e+07 4.010375e+07 4.008798e+07 4.007407e+07 4.006466e+07 4.005884e+07 4.005539e+07 4.005335e+07 4.005214e+07 4.005139e+07
9.486240e+13 4.006822e+07 4.006932e+07 4.007916e+07 4.011081e+07 4.010767e+07 4.009057e+07 4.007563e+07 4.006555e+07 4.005933e+07 4.005565e+07 4.005348e+07 4.005218e+07 4.005140e+07
9.233368e+13 4.007156e+07 4.007272e+07 4.008297e+07 4.011569e+07 4.011168e+07 4.009322e+07 4.007723e+07 4.006646e+07 4.005983e+07 4.005591e+07 4.005360e+07 4.005223e+07 4.005140e+07
8.989929e+13 4.007494e+07 4.007614e+07 4.008682e+07 4.012060e+07 4.011572e+07 4.009589e+07 4.007883e+07 4.006738e+07 4.006034e+07 4.005617e+07 4.005373e+07 4.005228e+07 4.005141e+07
8.747668e+13 4.007832e+07 4.007957e+07 4.009067e+07 4.012551e+07 4.011973e+07 4.009854e+07 4.008043e+07 4.006829e+07 4.006084e+07 4.005643e+07 4.005385e+07 4.005233e+07 4.005141e+07
8.514485e+13 4.008177e+07 4.008307e+07 4.009459e+07 4.013050e+07 4.012381e+07 4.010124e+07 4.008205e+07 4.006921e+07 4.006134e+07 4.005670e+07 4.005398e+07 4.005238e+07 4.005142e+07
8.289547e+13 4.008530e+07 4.008664e+07 4.009860e+07 4.013558e+07 4.012797e+07 4.010398e+07 4.008369e+07 4.007015e+07 4.006186e+07 4.005697e+07 4.005411e+07 4.005243e+07 4.005143e+07
8.066600e+13 4.008882e+07 4.009022e+07 4.010261e+07 4.014066e+07 4.013210e+07 4.010670e+07 4.008533e+07 4.007109e+07 4.006237e+07 4.005724e+07 4.005424e+07 4.005248e+07 4.005143e+07
7.851572e+13 4.009239e+07 4.009384e+07 4.010666e+07 4.014577e+07 4.013626e+07 4.010945e+07 4.008698e+07 4.007203e+07 4.006289e+07 4.005751e+07 4.005437e+07 4.005253e+07 4.005144e+07
7.642275e+13 4.009607e+07 4.009757e+07 4.011084e+07 4.015104e+07 4.014054e+07 4.011226e+07 4.008867e+07 4.007299e+07 4.006342e+07 4.005778e+07 4.005450e+07 4.005258e+07 4.005144e+07
7.439557e+13 4.009979e+07 4.010134e+07 4.011506e+07 4.015634e+07 4.014484e+07 4.011509e+07 4.009037e+07 4.007396e+07 4.006395e+07 4.005806e+07 4.005464e+07 4.005263e+07 4.005145e+07
7.240271e+13 4.010352e+07 4.010512e+07 4.011929e+07 4.016165e+07 4.014914e+07 4.011792e+07 4.009206e+07 4.007493e+07 4.006448e+07 4.005834e+07 4.005477e+07 4.005268e+07 4.005145e+07
7.047269e+13 4.010736e+07 4.010902e+07 4.012365e+07 4.016709e+07 4.015354e+07 4.012081e+07 4.009380e+07 4.007592e+07 4.006502e+07 4.005862e+07 4.005490e+07 4.005274e+07 4.005146e+07
6.860469e+13 4.011132e+07 4.011303e+07 4.012813e+07 4.017268e+07 4.015805e+07 4.012377e+07 4.009557e+07 4.007693e+07 4.006557e+07 4.005891e+07 4.005504e+07 4.005279e+07 4.005146e+07
6.676564e+13 4.011531e+07 4.011708e+07 4.013266e+07 4.017831e+07 4.016258e+07 4.012675e+07 4.009735e+07 4.007794e+07 4.006613e+07 4.005920e+07 4.005518e+07 4.005284e+07 4.005146e+07
6.498589e+13 4.011938e+07 4.012120e+07 4.013725e+07 4.018401e+07 4.016717e+07 4.012975e+07 4.009915e+07 4.007897e+07 4.006669e+07 4.005950e+07 4.005532e+07 4.005290e+07 4.005147e+07
6.325358e+13 4.012359e+07 4.012546e+07 4.014202e+07 4.018990e+07 4.017190e+07 4.013285e+07 4.010101e+07 4.008003e+07 4.006727e+07 4.005980e+07 4.005547e+07 4.005295e+07 4.005147e+07
6.158219e+13 4.012791e+07 4.012984e+07 4.014690e+07 4.019593e+07 4.017672e+07 4.013601e+07 4.010290e+07 4.008110e+07 4.006786e+07 4.006010e+07 4.005561e+07 4.005301e+07 4.005148e+07
5.992628e+13 4.013230e+07 4.013429e+07 4.015186e+07 4.020203e+07 4.018161e+07 4.013920e+07 4.010481e+07 4.008219e+07 4.006845e+07 4.006042e+07 4.005576e+07 4.005306e+07 4.005148e+07
5.832884e+13 4.013681e+07 4.013886e+07 4.015696e+07 4.020829e+07 4.018660e+07 4.014247e+07 4.010676e+07 4.008330e+07 4.006906e+07 4.006073e+07 4.005591e+07 4.005312e+07 4.005149e+07
5.677399e+13 4.014149e+07 4.014361e+07 4.016224e+07 4.021476e+07 4.019175e+07 4.014583e+07 4.010877e+07 4.008444e+07 4.006969e+07 4.006106e+07 4.005607e+07 4.005318e+07 4.005149e+07
5.526552e+13 4.014630e+07 4.014848e+07 4.016767e+07 4.022137e+07 4.019701e+07 4.014926e+07 4.011082e+07 4.008561e+07 4.007033e+07 4.006139e+07 4.005622e+07 4.005324e+07 4.005149e+07
5.378752e+13 4.015122e+07 4.015346e+07 4.017321e+07 4.022812e+07 4.020236e+07 4.015276e+07 4.011290e+07 4.008680e+07 4.007097e+07 4.006173e+07 4.005639e+07 4.005330e+07 4.005150e+07
5.235373e+13 4.015631e+07 4.015861e+07 4.017895e+07 4.023508e+07 4.020787e+07 4.015634e+07 4.011504e+07 4.008801e+07 4.007164e+07 4.006207e+07 4.005655e+07 4.005336e+07 4.005150e+07
5.095815e+13 4.016159e+07 4.016397e+07 4.018489e+07 4.024227e+07 4.021356e+07 4.016005e+07 4.011725e+07 4.008927e+07 4.007232e+07 4.006243e+07 4.005672e+07 4.005342e+07 4.005150e+07
4.960062e+13 4.016703e+07 4.016947e+07 4.019101e+07 4.024965e+07 4.021938e+07 4.016383e+07 4.011951e+07 4.009055e+07 4.007303e+07 4.006280e+07 4.005689e+07 4.005349e+07 4.005151e+07
4.827761e+13 4.017262e+07 4.017514e+07 4.019731e+07 4.025722e+07 4.022533e+07 4.016770e+07 4.012181e+07 4.009186e+07 4.007374e+07 4.006317e+07 4.005707e+07 4.005355e+07 4.005151e+07
4.699069e+13 4.017843e+07 4.018102e+07 4.020384e+07 4.026504e+07 4.023148e+07 4.017169e+07 4.012419e+07 4.009321e+07 4.007448e+07 4.006355e+07 4.005725e+07 4.005362e+07 4.005151e+07
4.573868e+13 4.018446e+07 4.018713e+07 4.021061e+07 4.027313e+07 4.023782e+07 4.017580e+07 4.012664e+07 4.009460e+07 4.007524e+07 4.006395e+07 4.005744e+07 4.005369e+07 4.005152e+07
4.451886e+13 4.019069e+07 4.019344e+07 4.021760e+07 4.028146e+07 4.024433e+07 4.018002e+07 4.012915e+07 4.009603e+07 4.007601e+07 4.006435e+07 4.005763e+07 4.005376e+07 4.005152e+07
4.333213e+13 4.019713e+07 4.019995e+07 4.022483e+07 4.029003e+07 4.025101e+07 4.018435e+07 4.013172e+07 4.009749e+07 4.007681e+07 4.006476e+07 4.005782e+07 4.005383e+07 4.005152e+07
4.217704e+13 4.020381e+07 4.020672e+07 4.023232e+07 4.029889e+07 4.025791e+07 4.018881e+07 4.013437e+07 4.009899e+07 4.007763e+07 4.006519e+07 4.005802e+07 4.005390e+07 4.005152e+07
4.105370e+13 4.021075e+07 4.021375e+07 4.024010e+07 4.030806e+07 4.026503e+07 4.019341e+07 4.013711e+07 4.010054e+07 4.007848e+07 4.006563e+07 4.005823e+07 4.005398e+07 4.005152e+07
3.995841e+13 4.021794e+07 4.022103e+07 4.024816e+07 4.031751e+07 4.027235e+07 4.019814e+07 4.013991e+07 4.010213e+07 4.007934e+07 4.006608e+07 4.005844e+07 4.005405e+07 4.005152e+07
3.889326e+13 4.022540e+07 4.022857e+07 4.025649e+07 4.032727e+07 4.027989e+07 4.020300e+07 4.014280e+07 4.010377e+07 4.008023e+07 4.006654e+07 4.005866e+07 4.005413e+07 4.005153e+07
3.785649e+13 4.023314e+07 4.023641e+07 4.026516e+07 4.033737e+07 4.028768e+07 4.020801e+07 4.014577e+07 4.010545e+07 4.008115e+07 4.006701e+07 4.005888e+07 4.005421e+07 4.005153e+07
3.684836e+13 4.024118e+07 4.024455e+07 4.027414e+07 4.034780e+07 4.029570e+07 4.021317e+07 4.014883e+07 4.010718e+07 4.008209e+07 4.006750e+07 4.005911e+07 4.005430e+07 4.005153e+07
3.586514e+13 4.024952e+07 4.025299e+07 4.028346e+07 4.035857e+07 4.030396e+07 4.021848e+07 4.015198e+07 4.010896e+07 4.008306e+07 4.006800e+07 4.005935e+07 4.005438e+07 4.005152e+07
3.490909e+13 4.025817e+07 4.026175e+07 4.029312e+07 4.036970e+07 4.031248e+07 4.022395e+07 4.015521e+07 4.011079e+07 4.008406e+07 4.006852e+07 4.005959e+07 4.005447e+07 4.005152e+07
3.397853e+13 4.026717e+07 4.027085e+07 4.030315e+07 4.038122e+07 4.032126e+07 4.022958e+07 4.015855e+07 4.011268e+07 4.008508e+07 4.006905e+07 4.005983e+07 4.005455e+07 4.005152e+07
3.307332e+13 4.027651e+07 4.028030e+07 4.031356e+07 4.039311e+07 4.033031e+07 4.023538e+07 4.016197e+07 4.011462e+07 4.008614e+07 4.006959e+07 4.006009e+07 4.005464e+07 4.005152e+07
3.219117e+13 4.028620e+07 4.029010e+07 4.032435e+07 4.040539e+07 4.033963e+07 4.024134e+07 4.016550e+07 4.011660e+07 4.008722e+07 4.007015e+07 4.006035e+07 4.005474e+07 4.005152e+07
3.133306e+13 4.029626e+07 4.030028e+07 4.033555e+07 4.041808e+07 4.034923e+07 4.024747e+07 4.016912e+07 4.011865e+07 4.008833e+07 4.007072e+07 4.006062e+07 4.005483e+07 4.005151e+07
3.049782e+13 4.030672e+07 4.031086e+07 4.034718e+07 4.043120e+07 4.035913e+07 4.025378e+07 4.017284e+07 4.012075e+07 4.008947e+07 4.007131e+07 4.006089e+07 4.005493e+07 4.005151e+07
2.968492e+13 4.031757e+07 4.032184e+07 4.035924e+07 4.044473e+07 4.036931e+07 4.026027e+07 4.017667e+07 4.012291e+07 4.009064e+07 4.007191e+07 4.006117e+07 4.005502e+07 4.005150e+07
2.889356e+13 4.032882e+07 4.033322e+07 4.037174e+07 4.045870e+07 4.037978e+07 4.026694e+07 4.018060e+07 4.012513e+07 4.009184e+07 4.007253e+07 4.006146e+07 4.005512e+07 4.005150e+07
2.812335e+13 4.034052e+07 4.034504e+07 4.038471e+07 4.047313e+07 4.039057e+07 4.027379e+07 4.018463e+07 4.012740e+07 4.009308e+07 4.007317e+07 4.006175e+07 4.005522e+07 4.005149e+07
2.737425e+13 4.035266e+07 4.035732e+07 4.039817e+07 4.048803e+07 4.040168e+07 4.028084e+07 4.018878e+07 4.012974e+07 4.009434e+07 4.007382e+07 4.006205e+07 4.005533e+07 4.005148e+07
2.664398e+13 4.036524e+07 4.037005e+07 4.041212e+07 4.050338e+07 4.041308e+07 4.028807e+07 4.019303e+07 4.013213e+07 4.009564e+07 4.007448e+07 4.006236e+07 4.005543e+07 4.005147e+07
2.593375e+13 4.037829e+07 4.038324e+07 4.042656e+07 4.051921e+07 4.042481e+07 4.029549e+07 4.019739e+07 4.013459e+07 4.009697e+07 4.007517e+07 4.006267e+07 4.005554e+07 4.005146e+07
2.524244e+13 4.039185e+07 4.039695e+07 4.044156e+07 4.053556e+07 4.043687e+07 4.030311e+07 4.020187e+07 4.013711e+07 4.009833e+07 4.007586e+07 4.006299e+07 4.005565e+07 4.005145e+07
2.457033e+13 4.040591e+07 4.041116e+07 4.045710e+07 4.055240e+07 4.044926e+07 4.031093e+07 4.020645e+07 4.013968e+07 4.009972e+07 4.007658e+07 4.006332e+07 4.005575e+07 4.005144e+07
2.391462e+13 4.042046e+07 4.042587e+07 4.047317e+07 4.056973e+07 4.046197e+07 4.031893e+07 4.021114e+07 4.014232e+07 4.010115e+07 4.007731e+07 4.006366e+07 4.005587e+07 4.005142e+07
2.327713e+13 4.043556e+07 4.044113e+07 4.048983e+07 4.058760e+07 4.047502e+07 4.032714e+07 4.021595e+07 4.014502e+07 4.010261e+07 4.007805e+07 4.006400e+07 4.005598e+07 4.005141e+07
2.265691e+13 4.045124e+07 4.045697e+07 4.050711e+07 4.060602e+07 4.048843e+07 4.033556e+07 4.022087e+07 4.014779e+07 4.010410e+07 4.007882e+07 4.006435e+07 4.005609e+07 4.005139e+07
2.205269e+13 4.046745e+07 4.047336e+07 4.052496e+07 4.062495e+07 4.050216e+07 4.034417e+07 4.022591e+07 4.015061e+07 4.010562e+07 4.007960e+07 4.006470e+07 4.005621e+07 4.005137e+07
2.146484e+13 4.048422e+07 4.049029e+07 4.054341e+07 4.064439e+07 4.051620e+07 4.035296e+07 4.023104e+07 4.015349e+07 4.010718e+07 4.008039e+07 4.006506e+07 4.005632e+07 4.005135e+07
2.089266e+13 4.050162e+07 4.050788e+07 4.056255e+07 4.066443e+07 4.053063e+07 4.036197e+07 4.023630e+07 4.015643e+07 4.010876e+07 4.008120e+07 4.006543e+07 4.005644e+07 4.005132e+07
2.033705e+13 4.051964e+07 4.052608e+07 4.058234e+07 4.068503e+07 4.054541e+07 4.037119e+07 4.024167e+07 4.015944e+07 4.011038e+07 4.008202e+07 4.006580e+07 4.005656e+07 4.005130e+07
1.979365e+13 4.053825e+07 4.054488e+07 4.060276e+07 4.070615e+07 4.056050e+07 4.038058e+07 4.024714e+07 4.016250e+07 4.011203e+07 4.008286e+07 4.006618e+07 4.005668e+07 4.005127e+07
1.926602e+13 4.055751e+07 4.056434e+07 4.062389e+07 4.072786e+07 4.057594e+07 4.039018e+07 4.025273e+07 4.016563e+07 4.011371e+07 4.008371e+07 4.006657e+07 4.005680e+07 4.005124e+07
1.875273e+13 4.057750e+07 4.058452e+07 4.064578e+07 4.075021e+07 4.059178e+07 4.040001e+07 4.025844e+07 4.016882e+07 4.011543e+07 4.008458e+07 4.006696e+07 4.005692e+07 4.005121e+07
1.825257e+13 4.059811e+07 4.060534e+07 4.066834e+07 4.077308e+07 4.060793e+07 4.041000e+07 4.026424e+07 4.017206e+07 4.011717e+07 4.008547e+07 4.006735e+07 4.005704e+07 4.005117e+07
1.776602e+13 4.061937e+07 4.062680e+07 4.069158e+07 4.079648e+07 4.062438e+07 4.042017e+07 4.027014e+07 4.017535e+07 4.011893e+07 4.008636e+07 4.006775e+07 4.005716e+07 4.005114e+07
1.729244e+13 4.064142e+07 4.064906e+07 4.071567e+07 4.082056e+07 4.064124e+07 4.043057e+07 4.027616e+07 4.017871e+07 4.012073e+07 4.008727e+07 4.006816e+07 4.005728e+07 4.005110e+07
1.683277e+13 4.066419e+07 4.067205e+07 4.074051e+07 4.084523e+07 4.065843e+07 4.044115e+07 4.028229e+07 4.018212e+07 4.012256e+07 4.008819e+07 4.006857e+07 4.005740e+07 4.005106e+07
1.638281e+13 4.068762e+07 4.069570e+07 4.076606e+07 4.087040e+07 4.067590e+07 4.045188e+07 4.028849e+07 4.018558e+07 4.012441e+07 4.008913e+07 4.006898e+07 4.005752e+07 4.005101e+07
1.594610e+13 4.071185e+07 4.072016e+07 4.079245e+07 4.089621e+07 4.069374e+07 4.046282e+07 4.029481e+07 4.018909e+07 4.012629e+07 4.009007e+07 4.006940e+07 4.005764e+07 4.005096e+07
1.552181e+13 4.073693e+07 4.074548e+07 4.081974e+07 4.092270e+07 4.071197e+07 4.047397e+07 4.030124e+07 4.019266e+07 4.012820e+07 4.009104e+07 4.006982e+07 4.005776e+07 4.005091e+07
1.510729e+13 4.076272e+07 4.077150e+07 4.084777e+07 4.094970e+07 4.073046e+07 4.048526e+07 4.030774e+07 4.019628e+07 4.013013e+07 4.009200e+07 4.007025e+07 4.005787e+07 4.005085e+07
1.470458e+13 4.078927e+07 4.079829e+07 4.087659e+07 4.097724e+07 4.074924e+07 4.049669e+07 4.031432e+07 4.019993e+07 4.013208e+07 4.009298e+07 4.007067e+07 4.005799e+07 4.005080e+07
1.431260e+13 4.081678e+07 4.082605e+07 4.090643e+07 4.100553e+07 4.076844e+07 4.050836e+07 4.032103e+07 4.020365e+07 4.013407e+07 4.009398e+07 4.007111e+07 4.005811e+07 4.005073e+07
1.393172e+13 4.084508e+07 4.085459e+07 4.093709e+07 4.103435e+07 4.078791e+07 4.052017e+07 4.032781e+07 4.020741e+07 4.013607e+07 4.009498e+07 4.007154e+07 4.005822e+07 4.005067e+07
1.355972e+13 4.087412e+07 4.088388e+07 4.096851e+07 4.106365e+07 4.080761e+07 4.053210e+07 4.033464e+07 4.021119e+07 4.013808e+07 4.009598e+07 4.007197e+07 4.005833e+07 4.005060e+07
1.319826e+13 4.090414e+07 4.091417e+07 4.100097e+07 4.109366e+07 4.082769e+07 4.054422e+07 4.034159e+07 4.021503e+07 4.014012e+07 4.009700e+07 4.007241e+07 4.005844e+07 4.005053e+07
1.284814e+13 4.093510e+07 4.094540e+07 4.103440e+07 4.112430e+07 4.084810e+07 4.055652e+07 4.034862e+07 4.021892e+07 4.014218e+07 4.009802e+07 4.007285e+07 4.005855e+07 4.005045e+07
1.250400e+13 4.096683e+07 4.097739e+07 4.106861e+07 4.115538e+07 4.086870e+07 4.056890e+07 4.035569e+07 4.022282e+07 4.014426e+07 4.009905e+07 4.007329e+07 4.005866e+07 4.005037e+07
1.217068e+13 4.099948e+07 4.101031e+07 4.110378e+07 4.118706e+07 4.088960e+07 4.058142e+07 4.036283e+07 4.022676e+07 4.014634e+07 4.010009e+07 4.007373e+07 4.005876e+07 4.005028e+07
1.184668e+13 4.103324e+07 4.104436e+07 4.114011e+07 4.121948e+07 4.091088e+07 4.059415e+07 4.037008e+07 4.023076e+07 4.014846e+07 4.010113e+07 4.007417e+07 4.005886e+07 4.005019e+07
1.153047e+13 4.106781e+07 4.107920e+07 4.117725e+07 4.125233e+07 4.093232e+07 4.060695e+07 4.037736e+07 4.023476e+07 4.015058e+07 4.010218e+07 4.007461e+07 4.005896e+07 4.005009e+07
1.122311e+13 4.110321e+07 4.111488e+07 4.121524e+07 4.128561e+07 4.095395e+07 4.061982e+07 4.038467e+07 4.023878e+07 4.015270e+07 4.010322e+07 4.007505e+07 4.005905e+07 4.004999e+07
1.092394e+13 4.113983e+07 4.115180e+07 4.125450e+07 4.131968e+07 4.097598e+07 4.063290e+07 4.039209e+07 4.024286e+07 4.015485e+07 4.010428e+07 4.007548e+07 4.005914e+07 4.004989e+07
1.063354e+13 4.117738e+07 4.118964e+07 4.129468e+07 4.135422e+07 4.099820e+07 4.064605e+07 4.039954e+07 4.024695e+07 4.015701e+07 4.010534e+07 4.007592e+07 4.005923e+07 4.004978e+07
1.034931e+13 4.121572e+07 4.122828e+07 4.133566e+07 4.138911e+07 4.102053e+07 4.065924e+07 4.040700e+07 4.025104e+07 4.015916e+07 4.010639e+07 4.007635e+07 4.005931e+07 4.004967e+07
1.007343e+13 4.125526e+07 4.126812e+07 4.137786e+07 4.142470e+07 4.104318e+07 4.067259e+07 4.041455e+07 4.025517e+07 4.016133e+07 4.010745e+07 4.007679e+07 4.005939e+07 4.004955e+07
9.806516e+12 4.129589e+07 4.130906e+07 4.142117e+07 4.146087e+07 4.106609e+07 4.068606e+07 4.042214e+07 4.025933e+07 4.016351e+07 4.010851e+07 4.007722e+07 4.005946e+07 4.004942e+07
9.543542e+12 4.133733e+07 4.135081e+07 4.146528e+07 4.149735e+07 4.108909e+07 4.069954e+07 4.042973e+07 4.026348e+07 4.016568e+07 4.010957e+07 4.007764e+07 4.005953e+07 4.004929e+07
9.289143e+12 4.137983e+07 4.139363e+07 4.151044e+07 4.153435e+07 4.111229e+07 4.071310e+07 4.043736e+07 4.026764e+07 4.016786e+07 4.011063e+07 4.007807e+07 4.005960e+07 4.004916e+07
9.042007e+12 4.142366e+07 4.143777e+07 4.155694e+07 4.157207e+07 4.113582e+07 4.072683e+07 4.044507e+07 4.027184e+07 4.017006e+07 4.011169e+07 4.007849e+07 4.005966e+07 4.004901e+07
8.800509e+12 4.146830e+07 4.148274e+07 4.160423e+07 4.161004e+07 4.115940e+07 4.074055e+07 4.045276e+07 4.027603e+07 4.017225e+07 4.011274e+07 4.007890e+07 4.005971e+07 4.004887e+07
8.565917e+12 4.151383e+07 4.152859e+07 4.165237e+07 4.164832e+07 4.118305e+07 4.075427e+07 4.046044e+07 4.028021e+07 4.017443e+07 4.011379e+07 4.007931e+07 4.005977e+07 4.004872e+07
8.337578e+12 4.156083e+07 4.157592e+07 4.170199e+07 4.168738e+07 4.120706e+07 4.076816e+07 4.046821e+07 4.028443e+07 4.017663e+07 4.011485e+07 4.007972e+07 4.005981e+07 4.004856e+07
8.115927e+12 4.160878e+07 4.162420e+07 4.175251e+07 4.172675e+07 4.123113e+07 4.078205e+07 4.047597e+07 4.028864e+07 4.017881e+07 4.011589e+07 4.008012e+07 4.005985e+07 4.004840e+07
7.898999e+12 4.165750e+07 4.167326e+07 4.180377e+07 4.176628e+07 4.125517e+07 4.079590e+07 4.048368e+07 4.029283e+07 4.018098e+07 4.011693e+07 4.008052e+07 4.005988e+07 4.004823e+07
7.688438e+12 4.170764e+07 4.172373e+07 4.185640e+07 4.180645e+07 4.127949e+07 4.080986e+07 4.049145e+07 4.029703e+07 4.018316e+07 4.011796e+07 4.008091e+07 4.005991e+07 4.004805e+07
7.485052e+12 4.175898e+07 4.177541e+07 4.191019e+07 4.184708e+07 4.130395e+07 4.082386e+07 4.049923e+07 4.030124e+07 4.018534e+07 4.011899e+07 4.008129e+07 4.005994e+07 4.004787e+07
7.284005e+12 4.181109e+07 4.182787e+07 4.196469e+07 4.188782e+07 4.132834e+07 4.083779e+07 4.050696e+07 4.030541e+07 4.018750e+07 4.012001e+07 4.008167e+07 4.005995e+07 4.004768e+07
7.089838e+12 4.186440e+07 4.188152e+07 4.202030e+07 4.192895e+07 4.135286e+07 4.085175e+07 4.051469e+07 4.030958e+07 4.018964e+07 4.012102e+07 4.008204e+07 4.005996e+07 4.004749e+07
6.901326e+12 4.191922e+07 4.193670e+07 4.207738e+07 4.197072e+07 4.137761e+07 4.086580e+07 4.052246e+07 4.031377e+07 4.019180e+07 4.012203e+07 4.008241e+07 4.005996e+07 4.004729e+07
6.716893e+12 4.197481e+07 4.199264e+07 4.213511e+07 4.201252e+07 4.140226e+07 4.087976e+07 4.053016e+07 4.031792e+07 4.019393e+07 4.012303e+07 4.008276e+07 4.005996e+07 4.004709e+07
6.537843e+12 4.203128e+07 4.204946e+07 4.219361e+07 4.205443e+07 4.142685e+07 4.089365e+07 4.053782e+07 4.032203e+07 4.019604e+07 4.012401e+07 4.008311e+07 4.005995e+07 4.004687e+07
6.363566e+12 4.208946e+07 4.210800e+07 4.225373e+07 4.209704e+07 4.145172e+07 4.090765e+07 4.054552e+07 4.032616e+07 4.019815e+07 4.012499e+07 4.008345e+07 4.005993e+07 4.004666e+07
6.194527e+12 4.214859e+07 4.216749e+07 4.231468e+07 4.213977e+07 4.147652e+07 4.092158e+07 4.055317e+07 4.033026e+07 4.020025e+07 4.012596e+07 4.008378e+07 4.005991e+07 4.004643e+07
6.028825e+12 4.220843e+07 4.222769e+07 4.237619e+07 4.218243e+07 4.150116e+07 4.093538e+07 4.056074e+07 4.033431e+07 4.020231e+07 4.012690e+07 4.008411e+07 4.005988e+07 4.004620e+07
5.868117e+12 4.226983e+07 4.228945e+07 4.243911e+07 4.222560e+07 4.152596e+07 4.094923e+07 4.056833e+07 4.033836e+07 4.020437e+07 4.012785e+07 4.008442e+07 4.005984e+07 4.004597e+07
5.712843e+12 4.233257e+07 4.235257e+07 4.250323e+07 4.226912e+07 4.155082e+07 4.096308e+07 4.057589e+07 4.034240e+07 4.020642e+07 4.012878e+07 4.008473e+07 4.005979e+07 4.004572e+07
5.559438e+12 4.239598e+07 4.241634e+07 4.256782e+07 4.231248e+07 4.157547e+07 4.097677e+07 4.058336e+07 4.034638e+07 4.020844e+07 4.012970e+07 4.008502e+07 4.005974e+07 4.004547e+07
5.411242e+12 4.246052e+07 4.248124e+07 4.263334e+07 4.235600e+07 4.160008e+07 4.099040e+07 4.059079e+07 4.035033e+07 4.021043e+07 4.013060e+07 4.008531e+07 4.005968e+07 4.004522e+07
5.266999e+12 4.252692e+07 4.254802e+07 4.270053e+07 4.240014e+07 4.162491e+07 4.100411e+07 4.059824e+07 4.035429e+07 4.021243e+07 4.013149e+07 4.008559e+07 4.005961e+07 4.004495e+07
5.126596e+12 4.259397e+07 4.261545e+07 4.276813e+07 4.244408e+07 4.164950e+07 4.101764e+07 4.060559e+07 4.035818e+07 4.021439e+07 4.013237e+07 4.008585e+07 4.005953e+07 4.004468e+07
4.989938e+12 4.266161e+07 4.268346e+07 4.283608e+07 4.248777e+07 4.167381e+07 4.103100e+07 4.061282e+07 4.036201e+07 4.021631e+07 4.013322e+07 4.008611e+07 4.005945e+07 4.004441e+07
4.856923e+12 4.273116e+07 4.275338e+07 4.290568e+07 4.253203e+07 4.169832e+07 4.104442e+07 4.062008e+07 4.036585e+07 4.021823e+07 4.013407e+07 4.008635e+07 4.005936e+07 4.004413e+07
4.728631e+12 4.280190e+07 4.282450e+07 4.297618e+07 4.257640e+07 4.172276e+07 4.105775e+07 4.062728e+07 4.036965e+07 4.022013e+07 4.013490e+07 4.008659e+07 4.005926e+07 4.004384e+07
4.601436e+12 4.287316e+07 4.289613e+07 4.304691e+07 4.262043e+07 4.174689e+07 4.107089e+07 4.063436e+07 4.037338e+07 4.022199e+07 4.013571e+07 4.008681e+07 4.005915e+07 4.004355e+07
4.478777e+12 4.294568e+07 4.296903e+07 4.311858e+07 4.266458e+07 4.177097e+07 4.108396e+07 4.064139e+07 4.037707e+07 4.022383e+07 4.013651e+07 4.008702e+07 4.005903e+07 4.004325e+07
4.359455e+12 4.302015e+07 4.304389e+07 4.319184e+07 4.270923e+07 4.179519e+07 4.109707e+07 4.064843e+07 4.038077e+07 4.022566e+07 4.013730e+07 4.008723e+07 4.005891e+07 4.004294e+07
4.243181e+12 4.309512e+07 4.311924e+07 4.326525e+07 4.275350e+07 4.181907e+07 4.110996e+07 4.065533e+07 4.038439e+07 4.022744e+07 4.013806e+07 4.008742e+07 4.005878e+07 4.004263e+07
4.130072e+12 4.317053e+07 4.319503e+07 4.333874e+07 4.279736e+07 4.184262e+07 4.112263e+07 4.066211e+07 4.038793e+07 4.022919e+07 4.013880e+07 4.008759e+07 4.005864e+07 4.004231e+07
4.019978e+12 4.324793e+07 4.327281e+07 4.341378e+07 4.284169e+07 4.186629e+07 4.113533e+07 4.066889e+07 4.039147e+07 4.023093e+07 4.013953e+07 4.008776e+07 4.005849e+07 4.004199e+07
3.913809e+12 4.332665e+07 4.335191e+07 4.348970e+07 4.288607e+07 4.188987e+07 4.114794e+07 4.067560e+07 4.039497e+07 4.023264e+07 4.014025e+07 4.008792e+07 4.005833e+07 4.004166e+07
3.808516e+12 4.340573e+07 4.343137e+07 4.356555e+07 4.292996e+07 4.191307e+07 4.116031e+07 4.068218e+07 4.039839e+07 4.023431e+07 4.014094e+07 4.008807e+07 4.005817e+07 4.004132e+07
3.706994e+12 4.348586e+07 4.351188e+07 4.364199e+07 4.297374e+07 4.193611e+07 4.117256e+07 4.068869e+07 4.040177e+07 4.023595e+07 4.014162e+07 4.008820e+07 4.005800e+07 4.004098e+07
3.608178e+12 4.356805e+07 4.359445e+07 4.371992e+07 4.301795e+07 4.195924e+07 4.118483e+07 4.069518e+07 4.040513e+07 4.023758e+07 4.014228e+07 4.008832e+07 4.005782e+07 4.004063e+07
3.512434e+12 4.365092e+07 4.367771e+07 4.379803e+07 4.306181e+07 4.198207e+07 4.119689e+07 4.070156e+07 4.040843e+07 4.023918e+07 4.014293e+07 4.008843e+07 4.005763e+07 4.004028e+07
3.418378e+12 4.373401e+07 4.376118e+07 4.387587e+07 4.310508e+07 4.200449e+07 4.120871e+07 4.070779e+07 4.041165e+07 4.024072e+07 4.014355e+07 4.008853e+07 4.005744e+07 4.003992e+07
3.327255e+12 4.381878e+07 4.384633e+07 4.395476e+07 4.314853e+07 4.202688e+07 4.122047e+07 4.071399e+07 4.041484e+07 4.024225e+07 4.014415e+07 4.008862e+07 4.005724e+07 4.003956e+07
3.238646e+12 4.390555e+07 4.393348e+07 4.403498e+07 4.319229e+07 4.204932e+07 4.123222e+07 4.072016e+07 4.041801e+07 4.024377e+07 4.014474e+07 4.008870e+07 4.005703e+07 4.003918e+07
3.152233e+12 4.399248e+07 4.402080e+07 4.411479e+07 4.323541e+07 4.207132e+07 4.124371e+07 4.072618e+07 4.042109e+07 4.024524e+07 4.014531e+07 4.008876e+07 4.005681e+07 4.003881e+07
3.068205e+12 4.407954e+07 4.410823e+07 4.419416e+07 4.327790e+07 4.209289e+07 4.125495e+07 4.073206e+07 4.042410e+07 4.024666e+07 4.014586e+07 4.008882e+07 4.005659e+07 4.003843e+07
2.986417e+12 4.416868e+07 4.419774e+07 4.427483e+07 4.332068e+07 4.211451e+07 4.126617e+07 4.073792e+07 4.042709e+07 4.024807e+07 4.014639e+07 4.008886e+07 4.005635e+07 4.003804e+07
2.907130e+12 4.425957e+07 4.428901e+07 4.435647e+07 4.336360e+07 4.213609e+07 4.127734e+07 4.074374e+07 4.043005e+07 4.024946e+07 4.014691e+07 4.008889e+07 4.005611e+07 4.003765e+07
2.829323e+12 4.435050e+07 4.438030e+07 4.443750e+07 4.340581e+07 4.215721e+07 4.128824e+07 4.074941e+07 4.043293e+07 4.025081e+07 4.014740e+07 4.008891e+07 4.005586e+07 4.003725e+07
2.753903e+12 4.444172e+07 4.447188e+07 4.451815e+07 4.344746e+07 4.217795e+07 4.129890e+07 4.075494e+07 4.043574e+07 4.025211e+07 4.014788e+07 4.008892e+07 4.005561e+07 4.003685e+07
2.680493e+12 4.453503e+07 4.456555e+07 4.459997e+07 4.348936e+07 4.219871e+07 4.130955e+07 4.076045e+07 4.043852e+07 4.025340e+07 4.014834e+07 4.008892e+07 4.005535e+07 4.003644e+07
2.609337e+12 4.463007e+07 4.466094e+07 4.468261e+07 4.353132e+07 4.221940e+07 4.132013e+07 4.076592e+07 4.044127e+07 4.025467e+07 4.014878e+07 4.008890e+07 4.005508e+07 4.003603e+07
2.539492e+12 4.472503e+07 4.475623e+07 4.476444e+07 4.357253e+07 4.223961e+07 4.133043e+07 4.077123e+07 4.044394e+07 4.025589e+07 4.014921e+07 4.008888e+07 4.005480e+07 4.003561e+07
2.471797e+12 4.482017e+07 4.485168e+07 4.484572e+07 4.361313e+07 4.225944e+07 4.134050e+07 4.077640e+07 4.044654e+07 4.025708e+07 4.014961e+07 4.008884e+07 4.005452e+07 4.003519e+07
2.405907e+12 4.491740e+07 4.494920e+07 4.492803e+07 4.365393e+07 4.227926e+07 4.135054e+07 4.078155e+07 4.044911e+07 4.025824e+07 4.015000e+07 4.008879e+07 4.005423e+07 4.003477e+07
2.341804e+12 4.501673e+07 4.504880e+07 4.501131e+07 4.369488e+07 4.229907e+07 4.136054e+07 4.078667e+07 4.045166e+07 4.025939e+07 4.015037e+07 4.008873e+07 4.005393e+07 4.003433e+07
2.279350e+12 4.511581e+07 4.514811e+07 4.509358e+07 4.373502e+07 4.231839e+07 4.137026e+07 4.079163e+07 4.045413e+07 4.026050e+07 4.015072e+07 4.008867e+07 4.005362e+07 4.003389e+07
2.218590e+12 4.521455e+07 4.524703e+07 4.517477e+07 4.377435e+07 4.233722e+07 4.137971e+07 4.079644e+07 4.045651e+07 4.026156e+07 4.015105e+07 4.008859e+07 4.005332e+07 4.003346e+07
2.159450e+12 4.531536e+07 4.534799e+07 4.525685e+07 4.381380e+07 4.235604e+07 4.138913e+07 4.080122e+07 4.045887e+07 4.026261e+07 4.015137e+07 4.008850e+07 4.005300e+07 4.003301e+07
2.101886e+12 4.541831e+07 4.545100e+07 4.533978e+07 4.385340e+07 4.237483e+07 4.139849e+07 4.080597e+07 4.046121e+07 4.026363e+07 4.015167e+07 4.008840e+07 4.005267e+07 4.003256e+07
2.046329e+12 4.552173e+07 4.555441e+07 4.542220e+07 4.389247e+07 4.239328e+07 4.140766e+07 4.081061e+07 4.046349e+07 4.026462e+07 4.015196e+07 4.008829e+07 4.005234e+07 4.003210e+07
1.991321e+12 4.562463e+07 4.565720e+07 4.550335e+07 4.393069e+07 4.241125e+07 4.141656e+07 4.081509e+07 4.046568e+07 4.026558e+07 4.015222e+07 4.008817e+07 4.005201e+07 4.003165e+07
1.938239e+12 4.572870e+07 4.576105e+07 4.558453e+07 4.396869e+07 4.242902e+07 4.142533e+07 4.081950e+07 4.046783e+07 4.026650e+07 4.015247e+07 4.008804e+07 4.005167e+07 4.003119e+07
1.886572e+12 4.583485e+07 4.586684e+07 4.566640e+07 4.400678e+07 4.244676e+07 4.143406e+07 4.082388e+07 4.046996e+07 4.026741e+07 4.015270e+07 4.008790e+07 4.005131e+07 4.003072e+07
1.836382e+12 4.594291e+07 4.597437e+07 4.574877e+07 4.404485e+07 4.246441e+07 4.144271e+07 4.082821e+07 4.047205e+07 4.026829e+07 4.015292e+07 4.008774e+07 4.005095e+07 4.003024e+07
1.787334e+12 4.605038e+07 4.608112e+07 4.582973e+07 4.408204e+07 4.248157e+07 4.145110e+07 4.083239e+07 4.047407e+07 4.026914e+07 4.015312e+07 4.008758e+07 4.005059e+07 4.002977e+07
1.739689e+12 4.615731e+07 4.618713e+07 4.590934e+07 4.411842e+07 4.249827e+07 4.145924e+07 4.083644e+07 4.047601e+07 4.026994e+07 4.015330e+07 4.008742e+07 4.005023e+07 4.002930e+07
1.693315e+12 4.626627e+07 4.629490e+07 4.598948e+07 4.415482e+07 4.251491e+07 4.146732e+07 4.084045e+07 4.047793e+07 4.027073e+07 4.015347e+07 4.008724e+07 4.004986e+07 4.002882e+07
1.648177e+12 4.637730e+07 4.640442e+07 4.607013e+07 4.419126e+07 4.253149e+07 4.147534e+07 4.084441e+07 4.047982e+07 4.027150e+07 4.015362e+07 4.008705e+07 4.004947e+07 4.002833e+07
1.604474e+12 4.648983e+07 4.651509e+07 4.615083e+07 4.422754e+07 4.254792e+07 4.148326e+07 4.084832e+07 4.048167e+07 4.027225e+07 4.015376e+07 4.008685e+07 4.004908e+07 4.002783e+07
1.561478e+12 4.660171e+07 4.662473e+07 4.623001e+07 4.426295e+07 4.256388e+07 4.149093e+07 4.085209e+07 4.048346e+07 4.027296e+07 4.015388e+07 4.008664e+07 4.004869e+07 4.002734e+07
1.519854e+12 4.671378e+07 4.673415e+07 4.630831e+07 4.429780e+07 4.257951e+07 4.149842e+07 4.085576e+07 4.048518e+07 4.027364e+07 4.015398e+07 4.008642e+07 4.004830e+07 4.002684e+07
1.479340e+12 4.682837e+07 4.684555e+07 4.638731e+07 4.433279e+07 4.259513e+07 4.150587e+07 4.085940e+07 4.048689e+07 4.027431e+07 4.015408e+07 4.008620e+07 4.004789e+07 4.002634e+07
1.439906e+12 4.694553e+07 4.695890e+07 4.646698e+07 4.436791e+07 4.261075e+07 4.151330e+07 4.086302e+07 4.048857e+07 4.027495e+07 4.015415e+07 4.008596e+07 4.004747e+07 4.002582e+07
1.401525e+12 4.706484e+07 4.707370e+07 4.654720e+07 4.440317e+07 4.262635e+07 4.152069e+07 4.086661e+07 4.049023e+07 4.027558e+07 4.015422e+07 4.008570e+07 4.004705e+07 4.002529e+07
1.364163e+12 4.718313e+07 4.718683e+07 4.662560e+07 4.443766e+07 4.264154e+07 4.152785e+07 4.087008e+07 4.049183e+07 4.027618e+07 4.015426e+07 4.008545e+07 4.004662e+07 4.002477e+07
1.327799e+12 4.730069e+07 4.729856e+07 4.670245e+07 4.447124e+07 4.265625e+07 4.153477e+07 4.087341e+07 4.049336e+07 4.027674e+07 4.015430e+07 4.008518e+07 4.004619e+07 4.002425e+07
1.292404e+12 4.742061e+07 4.741173e+07 4.677964e+07 4.450476e+07 4.267088e+07 4.154162e+07 4.087670e+07 4.049486e+07 4.027729e+07 4.015432e+07 4.008491e+07 4.004575e+07 4.002372e+07
1.257953e+12 4.754278e+07 4.752614e+07 4.685699e+07 4.453822e+07 4.268541e+07 4.154840e+07 4.087995e+07 4.049634e+07 4.027781e+07 4.015432e+07 4.008462e+07 4.004531e+07 4.002318e+07
1.224420e+12 4.766702e+07 4.764151e+07 4.693446e+07 4.457162e+07 4.269985e+07 4.155511e+07 4.088315e+07 4.049778e+07 4.027832e+07 4.015431e+07 4.008433e+07 4.004485e+07 4.002264e+07
1.192079e+12 4.779220e+07 4.775668e+07 4.701131e+07 4.460463e+07 4.271406e+07 4.156168e+07 4.088627e+07 4.049918e+07 4.027880e+07 4.015429e+07 4.008402e+07 4.004439e+07 4.002209e+07
1.160012e+12 4.791614e+07 4.786958e+07 4.708621e+07 4.463671e+07 4.272779e+07 4.156802e+07 4.088927e+07 4.050051e+07 4.027924e+07 4.015425e+07 4.008372e+07 4.004393e+07 4.002155e+07
1.129090e+12 4.803986e+07 4.798113e+07 4.715984e+07 4.466815e+07 4.274119e+07 4.157417e+07 4.089217e+07 4.050179e+07 4.027966e+07 4.015420e+07 4.008340e+07 4.004347e+07 4.002100e+07
1.098993e+12 4.816550e+07 4.809316e+07 4.723343e+07 4.469950e+07 4.275448e+07 4.158026e+07 4.089503e+07 4.050305e+07 4.028007e+07 4.015413e+07 4.008308e+07 4.004300e+07 4.002046e+07
1.069697e+12 4.829310e+07 4.820558e+07 4.730697e+07 4.473075e+07 4.276767e+07 4.158627e+07 4.089784e+07 4.050427e+07 4.028045e+07 4.015405e+07 4.008275e+07 4.004253e+07 4.001990e+07
1.041183e+12 4.842269e+07 4.831830e+07 4.738046e+07 4.476189e+07 4.278075e+07 4.159220e+07 4.090060e+07 4.050547e+07 4.028081e+07 4.015396e+07 4.008240e+07 4.004204e+07 4.001933e+07
1.013553e+12 4.855369e+07 4.843075e+07 4.745352e+07 4.479277e+07 4.279367e+07 4.159804e+07 4.090331e+07 4.050663e+07 4.028115e+07 4.015386e+07 4.008205e+07 4.004155e+07 4.001876e+07
9.864135e+11 4.868254e+07 4.854017e+07 4.752442e+07 4.482268e+07 4.280612e+07 4.160363e+07 4.090589e+07 4.050773e+07 4.028146e+07 4.015374e+07 4.008169e+07 4.004106e+07 4.001820e+07
9.601190e+11 4.880691e+07 4.864696e+07 4.759348e+07 4.485176e+07 4.281815e+07 4.160903e+07 4.090837e+07 4.050877e+07 4.028175e+07 4.015361e+07 4.008133e+07 4.004057e+07 4.001764e+07
9.345254e+11 4.892942e+07 4.875364e+07 4.766235e+07 4.488070e+07 4.283008e+07 4.161434e+07 4.091080e+07 4.050979e+07 4.028202e+07 4.015347e+07 4.008097e+07 4.004008e+07 4.001708e+07
9.096141e+11 4.905004e+07 4.886010e+07 4.773103e+07 4.490951e+07 4.284189e+07 4.161959e+07 4.091318e+07 4.051077e+07 4.028227e+07 4.015332e+07 4.008059e+07 4.003958e+07 4.001651e+07
8.853668e+11 4.916876e+07 4.896624e+07 4.779948e+07 4.493818e+07 4.285359e+07 4.162476e+07 4.091552e+07 4.051173e+07 4.028250e+07 4.015315e+07 4.008020e+07 4.003907e+07 4.001593e+07
8.617659e+11 4.928560e+07 4.907199e+07 4.786765e+07 4.496670e+07 4.286518e+07 4.162985e+07 4.091781e+07 4.051266e+07 4.028271e+07 4.015297e+07 4.007981e+07 4.003855e+07 4.001534e+07
8.389448e+11 4.939982e+07 4.917655e+07 4.793509e+07 4.499489e+07 4.287657e+07 4.163484e+07 4.092005e+07 4.051356e+07 4.028290e+07 4.015278e+07 4.007940e+07 4.003803e+07 4.001475e+07
8.164347e+11 4.950864e+07 4.927722e+07 4.800008e+07 4.502204e+07 4.288749e+07 4.163959e+07 4.092216e+07 4.051439e+07 4.028307e+07 4.015258e+07 4.007900e+07 4.003751e+07 4.001418e+07
7.946713e+11 4.961297e+07 4.937466e+07 4.806307e+07 4.504833e+07 4.289801e+07 4.164415e+07 4.092418e+07 4.051518e+07 4.028321e+07 4.015237e+07 4.007860e+07 4.003700e+07 4.001361e+07
7.734880e+11 4.971568e+07 4.947140e+07 4.812575e+07 4.507446e+07 4.290841e+07 4.164863e+07 4.092615e+07 4.051594e+07 4.028334e+07 4.015215e+07 4.007819e+07 4.003649e+07 4.001303e+07
7.528694e+11 4.981678e+07 4.956737e+07 4.818809e+07 4.510044e+07 4.291871e+07 4.165305e+07 4.092808e+07 4.051668e+07 4.028345e+07 4.015192e+07 4.007777e+07 4.003596e+07 4.001245e+07
7.328004e+11 4.991629e+07 4.966252e+07 4.825006e+07 4.512625e+07 4.292889e+07 4.165739e+07 4.092996e+07 4.051739e+07 4.028354e+07 4.015168e+07 4.007735e+07 4.003543e+07 4.001186e+07
7.132664e+11 5.001424e+07 4.975678e+07 4.831164e+07 4.515190e+07 4.293895e+07 4.166166e+07 4.093181e+07 4.051807e+07 4.028361e+07 4.015143e+07 4.007691e+07 4.003489e+07 4.001127e+07
6.942531e+11 5.011063e+07 4.985007e+07 4.837282e+07 4.517738e+07 4.294890e+07 4.166585e+07 4.093360e+07 4.051872e+07 4.028367e+07 4.015116e+07 4.007646e+07 4.003435e+07 4.001066e+07
6.757007e+11 5.020575e+07 4.994259e+07 4.843374e+07 4.520275e+07 4.295874e+07 4.166998e+07 4.093536e+07 4.051935e+07 4.028371e+07 4.015088e+07 4.007600e+07 4.003379e+07 4.001005e+07
6.577335e+11 5.030106e+07 5.003565e+07 4.849531e+07 4.522840e+07 4.296865e+07 4.167412e+07 4.093710e+07 4.051996e+07 4.028373e+07 4.015058e+07 4.007553e+07 4.003322e+07 4.000942e+07
6.402005e+11 5.039612e+07 5.012878e+07 4.855729e+07 4.525422e+07 4.297855e+07 4.167822e+07 4.093882e+07 4.052055e+07 4.028373e+07 4.015026e+07 4.007504e+07 4.003263e+07 4.000878e+07
6.231349e+11 5.048952e+07 5.022048e+07 4.861870e+07 4.527981e+07 4.298832e+07 4.168225e+07 4.094049e+07 4.052110e+07 4.028371e+07 4.014993e+07 4.007454e+07 4.003203e+07 4.000813e+07
6.065242e+11 5.058129e+07 5.031070e+07 4.867951e+07 4.530516e+07 4.299793e+07 4.168618e+07 4.094211e+07 4.052163e+07 4.028368e+07 4.014959e+07 4.007402e+07 4.003143e+07 4.000747e+07
5.903563e+11 5.067149e+07 5.039939e+07 4.873971e+07 4.533028e+07 4.300740e+07 4.169003e+07 4.094368e+07 4.052213e+07 4.028362e+07 4.014924e+07 4.007350e+07 4.003081e+07 4.000681e+07
5.746193e+11 5.076015e+07 5.048650e+07 4.879929e+07 4.535516e+07 4.301672e+07 4.169379e+07 4.094519e+07 4.052260e+07 4.028354e+07 4.014887e+07 4.007297e+07 4.003019e+07 4.000614e+07
5.593019e+11 5.084731e+07 5.057197e+07 4.885823e+07 4.537980e+07 4.302590e+07 4.169747e+07 4.094666e+07 4.052303e+07 4.028345e+07 4.014849e+07 4.007243e+07 4.002957e+07 4.000546e+07
5.443928e+11 5.093303e+07 5.065578e+07 4.891651e+07 4.540420e+07 4.303493e+07 4.170106e+07 4.094807e+07 4.052343e+07 4.028333e+07 4.014809e+07 4.007188e+07 4.002893e+07 4.000477e+07
5.285283e+11 5.102600e+07 5.074629e+07 4.898005e+07 4.543083e+07 4.304472e+07 4.170492e+07 4.094957e+07 4.052385e+07 4.028318e+07 4.014764e+07 4.007127e+07 4.002822e+07 4.000401e+07
5.157562e+11 5.113709e+07 5.085371e+07 4.905639e+07 4.546287e+07 4.305642e+07 4.170948e+07 4.095132e+07 4.052430e+07 4.028297e+07 4.014707e+07 4.007050e+07 4.002734e+07 4.000307e+07
5.020078e+11 5.125639e+07 5.096780e+07 4.913881e+07 4.549755e+07 4.306894e+07 4.171430e+07 4.095313e+07 4.052473e+07 4.028269e+07 4.014641e+07 4.006963e+07 4.002636e+07 4.000203e+07
4.886260e+11 5.137250e+07 5.107726e+07 4.921933e+07 4.553151e+07 4.308108e+07 4.171891e+07 4.095482e+07 4.052509e+07 4.028237e+07 4.014573e+07 4.006875e+07 4.002536e+07 4.000097e+07
4.756008e+11 5.148563e+07 5.118200e+07 4.929791e+07 4.556475e+07 4.309284e+07 4.172331e+07 4.095639e+07 4.052537e+07 4.028201e+07 4.014502e+07 4.006785e+07 4.002436e+07 3.999990e+07
4.629229e+11 5.159594e+07 5.128193e+07 4.937453e+07 4.559727e+07 4.310420e+07 4.172749e+07 4.095784e+07 4.052559e+07 4.028161e+07 4.014428e+07 4.006693e+07 4.002333e+07 3.999882e+07
4.505573e+11 5.170384e+07 5.137719e+07 4.944932e+07 4.562912e+07 4.311520e+07 4.173147e+07 4.095917e+07 4.052574e+07 4.028116e+07 4.014352e+07 4.006599e+07 4.002230e+07 3.999773e+07
4.385718e+11 5.183230e+07 5.148729e+07 4.953807e+07 4.566705e+07 4.312813e+07 4.173606e+07 4.096064e+07 4.052584e+07 4.028057e+07 4.014255e+07 4.006482e+07 4.002102e+07 3.999639e+07
4.268809e+11 5.197070e+07 5.160271e+07 4.963421e+07 4.570829e+07 4.314198e+07 4.174086e+07 4.096211e+07 4.052584e+07 4.027984e+07 4.014144e+07 4.006349e+07 4.001957e+07 3.999488e+07
4.155017e+11 5.209701e+07 5.170800e+07 4.972385e+07 4.574684e+07 4.315480e+07 4.174524e+07 4.096340e+07 4.052579e+07 4.027912e+07 4.014036e+07 4.006222e+07 4.001819e+07 3.999343e+07
4.044258e+11 5.221185e+07 5.180557e+07 4.980821e+07 4.578316e+07 4.316682e+07 4.174930e+07 4.096458e+07 4.052571e+07 4.027841e+07 4.013932e+07 4.006100e+07 4.001687e+07 3.999206e+07
3.932530e+11 5.231997e+07 5.189998e+07 4.989101e+07 4.581882e+07 4.317857e+07 4.175326e+07 4.096571e+07 4.052561e+07 4.027770e+07 4.013829e+07 4.005979e+07 4.001556e+07 3.999069e+07
3.831519e+11 5.243053e+07 5.199941e+07 4.997880e+07 4.585665e+07 4.319102e+07 4.175743e+07 4.096689e+07 4.052549e+07 4.027694e+07 4.013719e+07 4.005850e+07 4.001417e+07 3.998924e+07
3.729383e+11 5.254406e+07 5.210506e+07 5.007227e+07 4.589700e+07 4.320426e+07 4.176185e+07 4.096813e+07 4.052535e+07 4.027612e+07 4.013600e+07 4.005711e+07 4.001267e+07 3.998768e+07
3.629970e+11 5.265602e+07 5.221244e+07 5.016775e+07 4.593829e+07 4.321779e+07 4.176635e+07 4.096938e+07 4.052519e+07 4.027526e+07 4.013477e+07 4.005568e+07 4.001113e+07 3.998608e+07
3.532304e+11 5.276761e+07 5.232262e+07 5.026644e+07 4.598103e+07 4.323176e+07 4.177099e+07 4.097065e+07 4.052501e+07 4.027436e+07 4.013349e+07 4.005419e+07 4.000952e+07 3.998441e+07
3.439024e+11 5.288005e+07 5.243661e+07 5.036932e+07 4.602566e+07 4.324633e+07 4.177580e+07 4.097196e+07 4.052481e+07 4.027340e+07 4.013214e+07 4.005262e+07 4.000783e+07 3.998265e+07
3.347351e+11 5.299221e+07 5.255303e+07 5.047529e+07 4.607172e+07 4.326133e+07 4.178074e+07 4.097328e+07 4.052458e+07 4.027240e+07 4.013072e+07 4.005099e+07 4.000607e+07 3.998082e+07
3.258122e+11 5.310338e+07 5.267081e+07 5.058340e+07 4.611880e+07 4.327663e+07 4.178576e+07 4.097462e+07 4.052432e+07 4.027136e+07 4.012927e+07 4.004930e+07 4.000426e+07 3.997894e+07
3.171313e+11 5.321362e+07 5.278959e+07 5.069331e+07 4.616673e+07 4.329219e+07 4.179084e+07 4.097595e+07 4.052404e+07 4.027028e+07 4.012777e+07 4.004757e+07 4.000240e+07 3.997700e+07
3.086736e+11 5.332316e+07 5.290925e+07 5.080492e+07 4.621549e+07 4.330798e+07 4.179597e+07 4.097728e+07 4.052374e+07 4.026917e+07 4.012623e+07 4.004579e+07 4.000049e+07 3.997503e+07
3.004454e+11 5.343257e+07 5.303010e+07 5.091863e+07 4.626527e+07 4.332406e+07 4.180118e+07 4.097861e+07 4.052341e+07 4.026801e+07 4.012464e+07 4.004397e+07 3.999853e+07 3.997299e+07
2.924611e+11 5.354178e+07 5.315176e+07 5.103414e+07 4.631594e+07 4.334039e+07 4.180645e+07 4.097994e+07 4.052304e+07 4.026682e+07 4.012300e+07 4.004209e+07 3.999652e+07 3.997091e+07
2.846411e+11 5.365001e+07 5.327303e+07 5.115024e+07 4.636696e+07 4.335683e+07 4.181173e+07 4.098125e+07 4.052266e+07 4.026560e+07 4.012133e+07 4.004018e+07 3.999447e+07 3.996879e+07
2.770535e+11 5.375782e+07 5.339432e+07 5.126730e+07 4.641848e+07 4.337340e+07 4.181703e+07 4.098255e+07 4.052225e+07 4.026434e+07 4.011963e+07 4.003823e+07 3.999239e+07 3.996662e+07
2.696682e+11 5.386640e+07 5.351672e+07 5.138650e+07 4.647105e+07 4.339028e+07 4.182240e+07 4.098385e+07 4.052180e+07 4.026303e+07 4.011787e+07 4.003622e+07 3.999024e+07 3.996440e+07
2.625221e+11 5.397501e+07 5.363920e+07 5.150676e+07 4.652424e+07 4.340732e+07 4.182780e+07 4.098513e+07 4.052133e+07 4.026169e+07 4.011607e+07 4.003417e+07 3.998806e+07 3.996214e+07
2.554829e+11 5.408314e+07 5.376101e+07 5.162729e+07 4.657768e+07 4.342441e+07 4.183320e+07 4.098639e+07 4.052083e+07 4.026033e+07 4.011424e+07 4.003209e+07 3.998584e+07 3.995984e+07
2.486726e+11 5.419182e+07 5.388317e+07 5.174910e+07 4.663183e+07 4.344170e+07 4.183863e+07 4.098764e+07 4.052029e+07 4.025892e+07 4.011237e+07 4.002997e+07 3.998357e+07 3.995750e+07
2.420438e+11 5.430179e+07 5.400642e+07 5.187299e+07 4.668702e+07 4.345929e+07 4.184413e+07 4.098889e+07 4.051972e+07 4.025746e+07 4.011044e+07 4.002778e+07 3.998124e+07 3.995509e+07
2.356001e+11 5.441194e+07 5.412942e+07 5.199759e+07 4.674266e+07 4.347698e+07 4.184964e+07 4.099011e+07 4.051912e+07 4.025596e+07 4.010847e+07 4.002555e+07 3.997887e+07 3.995264e+07
2.293117e+11 5.452218e+07 5.425200e+07 5.212266e+07 4.679858e+07 4.349472e+07 4.185514e+07 4.099130e+07 4.051849e+07 4.025443e+07 4.010647e+07 4.002329e+07 3.997646e+07 3.995015e+07
2.231990e+11 5.463378e+07 5.437548e+07 5.224962e+07 4.685545e+07 4.351273e+07 4.186069e+07 4.099249e+07 4.051782e+07 4.025285e+07 4.010440e+07 4.002096e+07 3.997399e+07 3.994759e+07
2.172598e+11 5.474674e+07 5.449983e+07 5.237825e+07 4.691327e+07 4.353100e+07 4.186631e+07 4.099366e+07 4.051711e+07 4.025122e+07 4.010228e+07 4.001857e+07 3.997145e+07 3.994498e+07
2.114581e+11 5.486017e+07 5.462401e+07 5.250748e+07 4.697154e+07 4.354939e+07 4.187192e+07 4.099481e+07 4.051637e+07 4.024954e+07 4.010012e+07 4.001614e+07 3.996887e+07 3.994231e+07
2.058213e+11 5.497426e+07 5.474825e+07 5.263747e+07 4.703035e+07 4.356790e+07 4.187755e+07 4.099593e+07 4.051558e+07 4.024782e+07 4.009791e+07 4.001366e+07 3.996624e+07 3.993960e+07
2.003348e+11 5.509002e+07 5.487360e+07 5.276931e+07 4.709019e+07 4.358669e+07 4.188324e+07 4.099704e+07 4.051476e+07 4.024605e+07 4.009563e+07 4.001111e+07 3.996354e+07 3.993681e+07
1.950139e+11 5.520706e+07 5.499961e+07 5.290262e+07 4.715080e+07 4.360571e+07 4.188896e+07 4.099813e+07 4.051389e+07 4.024422e+07 4.009329e+07 4.000850e+07 3.996077e+07 3.993396e+07
1.897967e+11 5.532442e+07 5.512531e+07 5.303640e+07 4.721170e+07 4.362481e+07 4.189468e+07 4.099918e+07 4.051298e+07 4.024235e+07 4.009092e+07 4.000584e+07 3.995796e+07 3.993106e+07
1.847373e+11 5.544219e+07 5.525075e+07 5.317056e+07 4.727287e+07 4.364398e+07 4.190038e+07 4.100020e+07 4.051203e+07 4.024043e+07 4.008849e+07 4.000314e+07 3.995511e+07 3.992813e+07
1.798128e+11 5.556091e+07 5.537655e+07 5.330558e+07 4.733463e+07 4.366330e+07 4.190610e+07 4.100120e+07 4.051104e+07 4.023847e+07 4.008602e+07 4.000039e+07 3.995220e+07 3.992513e+07
1.750290e+11 5.568002e+07 5.550211e+07 5.344077e+07 4.739669e+07 4.368265e+07 4.191180e+07 4.100216e+07 4.051000e+07 4.023646e+07 4.008350e+07 3.999759e+07 3.994924e+07 3.992209e+07
1.703542e+11 5.579978e+07 5.562774e+07 5.357651e+07 4.745911e+07 4.370210e+07 4.191749e+07 4.100308e+07 4.050892e+07 4.023441e+07 4.008093e+07 3.999473e+07 3.994623e+07 3.991899e+07
1.658131e+11 5.592102e+07 5.575434e+07 5.371362e+07 4.752231e+07 4.372175e+07 4.192322e+07 4.100398e+07 4.050779e+07 4.023229e+07 4.007829e+07 3.999181e+07 3.994315e+07 3.991582e+07
1.613932e+11 5.604400e+07 5.588219e+07 5.385232e+07 4.758646e+07 4.374166e+07 4.192898e+07 4.100484e+07 4.050661e+07 4.023010e+07 4.007557e+07 3.998880e+07 3.993998e+07 3.991256e+07
1.570909e+11 5.616783e+07 5.601041e+07 5.399172e+07 4.765115e+07 4.376170e+07 4.193474e+07 4.100567e+07 4.050537e+07 4.022785e+07 4.007279e+07 3.998574e+07 3.993676e+07 3.990925e+07
1.529034e+11 5.629257e+07 5.613908e+07 5.413173e+07 4.771634e+07 4.378188e+07 4.194050e+07 4.100646e+07 4.050408e+07 4.022555e+07 4.006996e+07 3.998261e+07 3.993347e+07 3.990587e+07
1.488275e+11 5.641904e+07 5.626906e+07 5.427325e+07 4.778244e+07 4.380229e+07 4.194630e+07 4.100722e+07 4.050273e+07 4.022318e+07 4.006704e+07 3.997940e+07 3.993009e+07 3.990240e+07
1.448677e+11 5.654694e+07 5.640009e+07 5.441598e+07 4.784924e+07 4.382290e+07 4.195211e+07 4.100793e+07 4.050132e+07 4.022073e+07 4.006405e+07 3.997611e+07 3.992664e+07 3.989885e+07
1.409988e+11 5.667563e+07 5.653153e+07 5.455932e+07 4.791648e+07 4.384360e+07 4.195791e+07 4.100860e+07 4.049985e+07 4.021822e+07 4.006099e+07 3.997275e+07 3.992312e+07 3.989524e+07
1.372402e+11 5.680532e+07 5.666361e+07 5.470340e+07 4.798428e+07 4.386445e+07 4.196370e+07 4.100923e+07 4.049832e+07 4.021564e+07 4.005786e+07 3.996932e+07 3.991952e+07 3.989155e+07
1.335818e+11 5.693670e+07 5.679709e+07 5.484881e+07 4.805289e+07 4.388552e+07 4.196952e+07 4.100980e+07 4.049672e+07 4.021299e+07 4.005465e+07 3.996580e+07 3.991583e+07 3.988777e+07
1.300296e+11 5.706926e+07 5.693145e+07 5.499492e+07 4.812200e+07 4.390670e+07 4.197533e+07 4.101033e+07 4.049506e+07 4.021026e+07 4.005136e+07 3.996221e+07 3.991206e+07 3.988391e+07
1.265551e+11 5.720264e+07 5.706637e+07 5.514132e+07 4.819146e+07 4.392795e+07 4.198111e+07 4.101081e+07 4.049333e+07 4.020746e+07 4.004800e+07 3.995854e+07 3.990823e+07 3.987997e+07
1.231815e+11 5.733737e+07 5.720239e+07 5.528856e+07 4.826152e+07 4.394933e+07 4.198688e+07 4.101124e+07 4.049154e+07 4.020458e+07 4.004456e+07 3.995479e+07 3.990430e+07 3.987596e+07
1.198979e+11 5.747368e+07 5.733976e+07 5.543698e+07 4.833230e+07 4.397091e+07 4.199266e+07 4.101160e+07 4.048966e+07 4.020162e+07 4.004102e+07 3.995094e+07 3.990028e+07 3.987184e+07
1.167025e+11 5.761062e+07 5.747756e+07 5.558548e+07 4.840330e+07 4.399254e+07 4.199840e+07 4.101191e+07 4.048772e+07 4.019859e+07 4.003741e+07 3.994702e+07 3.989619e+07 3.986765e+07
1.135910e+11 5.774824e+07 5.761586e+07 5.573401e+07 4.847447e+07 4.401422e+07 4.200411e+07 4.101216e+07 4.048571e+07 4.019548e+07 4.003373e+07 3.994302e+07 3.989202e+07 3.986338e+07
1.105630e+11 5.788740e+07 5.775553e+07 5.588354e+07 4.854627e+07 4.403606e+07 4.200980e+07 4.101235e+07 4.048362e+07 4.019228e+07 4.002995e+07 3.993893e+07 3.988774e+07 3.985901e+07
1.076229e+11 5.802771e+07 5.789619e+07 5.603368e+07 4.861855e+07 4.405800e+07 4.201548e+07 4.101247e+07 4.048144e+07 4.018900e+07 4.002608e+07 3.993474e+07 3.988338e+07 3.985454e+07
1.047471e+11 5.816846e+07 5.803715e+07 5.618352e+07 4.869097e+07 4.407992e+07 4.202109e+07 4.101252e+07 4.047920e+07 4.018564e+07 4.002214e+07 3.993048e+07 3.987894e+07 3.985001e+07
1.019549e+11 5.830995e+07 5.817873e+07 5.633341e+07 4.876365e+07 4.410188e+07 4.202665e+07 4.101250e+07 4.047688e+07 4.018221e+07 4.001812e+07 3.992614e+07 3.987442e+07 3.984539e+07
9.923711e+10 5.845289e+07 5.832163e+07 5.648415e+07 4.883686e+07 4.412396e+07 4.203220e+07 4.101241e+07 4.047446e+07 4.017867e+07 4.001400e+07 3.992169e+07 3.986980e+07 3.984067e+07
9.659747e+10 5.859656e+07 5.846517e+07 5.663485e+07 4.891018e+07 4.414606e+07 4.203768e+07 4.101224e+07 4.047197e+07 4.017505e+07 4.000978e+07 3.991715e+07 3.986508e+07 3.983585e+07
9.401697e+10 5.874054e+07 5.860891e+07 5.678503e+07 4.898340e+07 4.416812e+07 4.204310e+07 4.101200e+07 4.046940e+07 4.017135e+07 4.000550e+07 3.991255e+07 3.986030e+07 3.983097e+07
9.151079e+10 5.888556e+07 5.875361e+07 5.693548e+07 4.905692e+07 4.419024e+07 4.204846e+07 4.101167e+07 4.046673e+07 4.016756e+07 4.000111e+07 3.990784e+07 3.985541e+07 3.982598e+07
8.907392e+10 5.903181e+07 5.889943e+07 5.708644e+07 4.913079e+07 4.421243e+07 4.205379e+07 4.101126e+07 4.046397e+07 4.016367e+07 3.999662e+07 3.990302e+07 3.985041e+07 3.982088e+07
8.669707e+10 5.917831e+07 5.904545e+07 5.723678e+07 4.920452e+07 4.423451e+07 4.205901e+07 4.101077e+07 4.046113e+07 4.015969e+07 3.999205e+07 3.989813e+07 3.984534e+07 3.981571e+07
8.438602e+10 5.932510e+07 5.919168e+07 5.738660e+07 4.927809e+07 4.425651e+07 4.206416e+07 4.101019e+07 4.045821e+07 4.015563e+07 3.998740e+07 3.989315e+07 3.984018e+07 3.981045e+07
8.213657e+10 5.947318e+07 5.933911e+07 5.753689e+07 4.935200e+07 4.427856e+07 4.206924e+07 4.100952e+07 4.045517e+07 4.015146e+07 3.998263e+07 3.988805e+07 3.983491e+07 3.980507e+07
7.995570e+10 5.962182e+07 5.948704e+07 5.768680e+07 4.942586e+07 4.430058e+07 4.207425e+07 4.100876e+07 4.045205e+07 4.014720e+07 3.997777e+07 3.988287e+07 3.982954e+07 3.979960e+07
7.781596e+10 5.977044e+07 5.963488e+07 5.783577e+07 4.949937e+07 4.432245e+07 4.207915e+07 4.100790e+07 4.044884e+07 4.014285e+07 3.997283e+07 3.987761e+07 3.982410e+07 3.979406e+07
7.574165e+10 5.991967e+07 5.978327e+07 5.798452e+07 4.957282e+07 4.434426e+07 4.208396e+07 4.100695e+07 4.044554e+07 4.013841e+07 3.996780e+07 3.987225e+07 3.981856e+07 3.978842e+07
7.372263e+10 6.007010e+07 5.993278e+07 5.813346e+07 4.964647e+07 4.436610e+07 4.208869e+07 4.100590e+07 4.044212e+07 4.013386e+07 3.996264e+07 3.986677e+07 3.981289e+07 3.978266e+07
7.175771e+10 6.022035e+07 6.008205e+07 5.828124e+07 4.971965e+07 4.438776e+07 4.209331e+07 4.100474e+07 4.043861e+07 4.012921e+07 3.995740e+07 3.986120e+07 3.980715e+07 3.977682e+07
6.984462e+10 6.037032e+07 6.023099e+07 5.842778e+07 4.979229e+07 4.440925e+07 4.209781e+07 4.100349e+07 4.043501e+07 4.012449e+07 3.995209e+07 3.985556e+07 3.980134e+07 3.977090e+07
6.798279e+10 6.052134e+07 6.038093e+07 5.857438e+07 4.986503e+07 4.443071e+07 4.210221e+07 4.100213e+07 4.043129e+07 4.011964e+07 3.994665e+07 3.984980e+07 3.979539e+07 3.976486e+07
6.617797e+10 6.067283e+07 6.053125e+07 5.872047e+07 4.993756e+07 4.445206e+07 4.210651e+07 4.100065e+07 4.042747e+07 4.011469e+07 3.994110e+07 3.984393e+07 3.978934e+07 3.975871e+07
6.440671e+10 6.082387e+07 6.068107e+07 5.886523e+07 5.000943e+07 4.447319e+07 4.211067e+07 4.099908e+07 4.042356e+07 4.010965e+07 3.993548e+07 3.983799e+07 3.978322e+07 3.975249e+07
6.268984e+10 6.097509e+07 6.083101e+07 5.900915e+07 5.008091e+07 4.449415e+07 4.211471e+07 4.099739e+07 4.041955e+07 4.010452e+07 3.992976e+07 3.983196e+07 3.977701e+07 3.974618e+07
6.101874e+10 6.112731e+07 6.098187e+07 5.915299e+07 5.015237e+07 4.451506e+07 4.211864e+07 4.099558e+07 4.041540e+07 4.009926e+07 3.992392e+07 3.982579e+07 3.977067e+07 3.973974e+07
5.939388e+10 6.127916e+07 6.113230e+07 5.929549e+07 5.022314e+07 4.453572e+07 4.212242e+07 4.099366e+07 4.041116e+07 4.009391e+07 3.991798e+07 3.981954e+07 3.976424e+07 3.973321e+07
5.780899e+10 6.143043e+07 6.128209e+07 5.943647e+07 5.029310e+07 4.455609e+07 4.212605e+07 4.099163e+07 4.040683e+07 4.008848e+07 3.991197e+07 3.981321e+07 3.975774e+07 3.972661e+07
5.626799e+10 6.158247e+07 6.143257e+07 5.957708e+07 5.036286e+07 4.457635e+07 4.212956e+07 4.098947e+07 4.040237e+07 4.008291e+07 3.990583e+07 3.980675e+07 3.975111e+07 3.971988e+07
5.477360e+10 6.173481e+07 6.158328e+07 5.971692e+07 5.043222e+07 4.459644e+07 4.213293e+07 4.098718e+07 4.039779e+07 4.007723e+07 3.989957e+07 3.980018e+07 3.974436e+07 3.971304e+07
5.330814e+10 6.188639e+07 6.173318e+07 5.985506e+07 5.050069e+07 4.461623e+07 4.213613e+07 4.098478e+07 4.039312e+07 4.007147e+07 3.989325e+07 3.979354e+07 3.973755e+07 3.970613e+07
5.188713e+10 6.203782e+07 6.188285e+07 5.999197e+07 5.056851e+07 4.463578e+07 4.213918e+07 4.098225e+07 4.038834e+07 4.006561e+07 3.988682e+07 3.978681e+07 3.973064e+07 3.969913e+07
5.050399e+10 6.219005e+07 6.203326e+07 6.012852e+07 5.063609e+07 4.465519e+07 4.214210e+07 4.097959e+07 4.038342e+07 4.005961e+07 3.988025e+07 3.977993e+07 3.972359e+07 3.969198e+07
4.915988e+10 6.234164e+07 6.218294e+07 6.026344e+07 5.070279e+07 4.467428e+07 4.214484e+07 4.097680e+07 4.037840e+07 4.005352e+07 3.987359e+07 3.977297e+07 3.971646e+07 3.968476e+07
4.784734e+10 6.249229e+07 6.233164e+07 6.039648e+07 5.076849e+07 4.469304e+07 4.214741e+07 4.097390e+07 4.037329e+07 4.004735e+07 3.986687e+07 3.976595e+07 3.970927e+07 3.967748e+07
4.657189e+10 6.264338e+07 6.248070e+07 6.052882e+07 5.083377e+07 4.471160e+07 4.214982e+07 4.097086e+07 4.036804e+07 4.004105e+07 3.986002e+07 3.975880e+07 3.970196e+07 3.967007e+07
4.533486e+10 6.279462e+07 6.262984e+07 6.066016e+07 5.089847e+07 4.472992e+07 4.215207e+07 4.096767e+07 4.036266e+07 4.003462e+07 3.985305e+07 3.975152e+07 3.969452e+07 3.966254e+07
4.412208e+10 6.294491e+07 6.277796e+07 6.078954e+07 5.096206e+07 4.474786e+07 4.215413e+07 4.096436e+07 4.035719e+07 4.002811e+07 3.984600e+07 3.974418e+07 3.968701e+07 3.965494e+07
4.294594e+10 6.309477e+07 6.292558e+07 6.091742e+07 5.102478e+07 4.476549e+07 4.215602e+07 4.096092e+07 4.035160e+07 4.002151e+07 3.983885e+07 3.973674e+07 3.967941e+07 3.964725e+07
4.180114e+10 6.324521e+07 6.307370e+07 6.104469e+07 5.108708e+07 4.478291e+07 4.215773e+07 4.095733e+07 4.034587e+07 4.001475e+07 3.983156e+07 3.972916e+07 3.967167e+07 3.963941e+07
4.068893e+10 6.339480e+07 6.322090e+07 6.117013e+07 5.114837e+07 4.479996e+07 4.215926e+07 4.095360e+07 4.034003e+07 4.000790e+07 3.982418e+07 3.972149e+07 3.966384e+07 3.963150e+07
3.960229e+10 6.354330e+07 6.336694e+07 6.129351e+07 5.120849e+07 4.481661e+07 4.216059e+07 4.094975e+07 4.033410e+07 4.000097e+07 3.981674e+07 3.971376e+07 3.965595e+07 3.962352e+07
3.854662e+10 6.369204e+07 6.351314e+07 6.141596e+07 5.126801e+07 4.483301e+07 4.216175e+07 4.094575e+07 4.032802e+07 3.999391e+07 3.980916e+07 3.970590e+07 3.964793e+07 3.961542e+07
3.752287e+10 6.384068e+07 6.365915e+07 6.153721e+07 5.132680e+07 4.484910e+07 4.216271e+07 4.094159e+07 4.032181e+07 3.998671e+07 3.980145e+07 3.969791e+07 3.963979e+07 3.960718e+07
3.651896e+10 6.398808e+07 6.380387e+07 6.165629e+07 5.138441e+07 4.486477e+07 4.216348e+07 4.093731e+07 4.031550e+07 3.997944e+07 3.979367e+07 3.968985e+07 3.963158e+07 3.959889e+07
3.554549e+10 6.413479e+07 6.394782e+07 6.177368e+07 5.144104e+07 4.488007e+07 4.216404e+07 4.093289e+07 4.030908e+07 3.997206e+07 3.978579e+07 3.968171e+07 3.962328e+07 3.959051e+07
3.459797e+10 6.428189e+07 6.409207e+07 6.189025e+07 5.149711e+07 4.489510e+07 4.216442e+07 4.092829e+07 4.030249e+07 3.996453e+07 3.977777e+07 3.967341e+07 3.961483e+07 3.958198e+07
3.367737e+10 6.442799e+07 6.423525e+07 6.200486e+07 5.155202e+07 4.490972e+07 4.216459e+07 4.092357e+07 4.029580e+07 3.995691e+07 3.976965e+07 3.966503e+07 3.960631e+07 3.957337e+07
3.277802e+10 6.457281e+07 6.437708e+07 6.211731e+07 5.160571e+07 4.492390e+07 4.216456e+07 4.091872e+07 4.028902e+07 3.994920e+07 3.976147e+07 3.965659e+07 3.959772e+07 3.956470e+07
3.190427e+10 6.471768e+07 6.451888e+07 6.222866e+07 5.165868e+07 4.493777e+07 4.216432e+07 4.091370e+07 4.028209e+07 3.994135e+07 3.975314e+07 3.964800e+07 3.958899e+07 3.955589e+07
3.105720e+10 6.486225e+07 6.466028e+07 6.233862e+07 5.171078e+07 4.495128e+07 4.216387e+07 4.090851e+07 4.027501e+07 3.993337e+07 3.974469e+07 3.963929e+07 3.958013e+07 3.954696e+07
3.022602e+10 6.500544e+07 6.480024e+07 6.244634e+07 5.176161e+07 4.496435e+07 4.216322e+07 4.090321e+07 4.026784e+07 3.992532e+07 3.973618e+07 3.963053e+07 3.957123e+07 3.953797e+07
2.942029e+10 6.514952e+07 6.494075e+07 6.255230e+07 5.181137e+07 4.497702e+07 4.216236e+07 4.089776e+07 4.026056e+07 3.991718e+07 3.972758e+07 3.962167e+07 3.956224e+07 3.952891e+07
2.863604e+10 6.529595e+07 6.508343e+07 6.265788e+07 5.186046e+07 4.498937e+07 4.216129e+07 4.089213e+07 4.025311e+07 3.990886e+07 3.971881e+07 3.961266e+07 3.955309e+07 3.951968e+07
2.787387e+10 6.544323e+07 6.522683e+07 6.276282e+07 5.190835e+07 4.500128e+07 4.216000e+07 4.088636e+07 4.024556e+07 3.990046e+07 3.970996e+07 3.960357e+07 3.954387e+07 3.951038e+07
2.712971e+10 6.558936e+07 6.536899e+07 6.286575e+07 5.195500e+07 4.501272e+07 4.215851e+07 4.088047e+07 4.023792e+07 3.989198e+07 3.970105e+07 3.959443e+07 3.953459e+07 3.950103e+07
2.640652e+10 6.573549e+07 6.551103e+07 6.296752e+07 5.200086e+07 4.502382e+07 4.215679e+07 4.087440e+07 4.023011e+07 3.988335e+07 3.969199e+07 3.958513e+07 3.952516e+07 3.949153e+07
2.570578e+10 6.588116e+07 6.565248e+07 6.306769e+07 5.204576e+07 4.503453e+07 4.215485e+07 4.086817e+07 4.022216e+07 3.987459e+07 3.968281e+07 3.957571e+07 3.951562e+07 3.948192e+07
2.501747e+10 6.602522e+07 6.579230e+07 6.316556e+07 5.208939e+07 4.504477e+07 4.215270e+07 4.086181e+07 4.021413e+07 3.986576e+07 3.967356e+07 3.956624e+07 3.950602e+07 3.947225e+07
2.435058e+10 6.616824e+07 6.593111e+07 6.326157e+07 5.213197e+07 4.505460e+07 4.215034e+07 4.085530e+07 4.020597e+07 3.985682e+07 3.966422e+07 3.955668e+07 3.949634e+07 3.946250e+07
2.370148e+10 6.631122e+07 6.606978e+07 6.335695e+07 5.217378e+07 4.506407e+07 4.214774e+07 4.084860e+07 4.019764e+07 3.984772e+07 3.965471e+07 3.954695e+07 3.948648e+07 3.945257e+07
2.307034e+10 6.645261e+07 6.620672e+07 6.345136e+07 5.221435e+07 4.507308e+07 4.214493e+07 4.084177e+07 4.018921e+07 3.983853e+07 3.964513e+07 3.953716e+07 3.947657e+07 3.944260e+07
2.245472e+10 6.659224e+07 6.634182e+07 6.354347e+07 5.225368e+07 4.508163e+07 4.214192e+07 4.083483e+07 4.018071e+07 3.982929e+07 3.963551e+07 3.952732e+07 3.946662e+07 3.943258e+07
2.185615e+10 6.673165e+07 6.647652e+07 6.363417e+07 5.229220e+07 4.508981e+07 4.213867e+07 4.082769e+07 4.017203e+07 3.981989e+07 3.962572e+07 3.951733e+07 3.945652e+07 3.942241e+07
2.127654e+10 6.687020e+07 6.661023e+07 6.372304e+07 5.232971e+07 4.509757e+07 4.213518e+07 4.082038e+07 4.016322e+07 3.981036e+07 3.961582e+07 3.950722e+07 3.944629e+07 3.941213e+07
2.070646e+10 6.700697e+07 6.674203e+07 6.380950e+07 5.236597e+07 4.510487e+07 4.213150e+07 4.081296e+07 4.015431e+07 3.980076e+07 3.960585e+07 3.949706e+07 3.943602e+07 3.940179e+07
2.015449e+10 6.714266e+07 6.687262e+07 6.389402e+07 5.240120e+07 4.511175e+07 4.212759e+07 4.080538e+07 4.014529e+07 3.979104e+07 3.959578e+07 3.948679e+07 3.942565e+07 3.939136e+07
1.961724e+10 6.727817e+07 6.700285e+07 6.397715e+07 5.243601e+07 4.511824e+07 4.212343e+07 4.079760e+07 4.013607e+07 3.978115e+07 3.958554e+07 3.947636e+07 3.941511e+07 3.938076e+07
1.909452e+10 6.741191e+07 6.713118e+07 6.405792e+07 5.247006e+07 4.512427e+07 4.211907e+07 4.078970e+07 4.012678e+07 3.977120e+07 3.957524e+07 3.946588e+07 3.940452e+07 3.937012e+07
1.858532e+10 6.754383e+07 6.725757e+07 6.413634e+07 5.250288e+07 4.512985e+07 4.211451e+07 4.078169e+07 4.011740e+07 3.976118e+07 3.956490e+07 3.945535e+07 3.939389e+07 3.935943e+07
1.808990e+10 6.767547e+07 6.738348e+07 6.421332e+07 5.253483e+07 4.513504e+07 4.210969e+07 4.077347e+07 4.010784e+07 3.975099e+07 3.955438e+07 3.944465e+07 3.938309e+07 3.934858e+07
1.761054e+10 6.780604e+07 6.750816e+07 6.428840e+07 5.256576e+07 4.513980e+07 4.210465e+07 4.076509e+07 4.009815e+07 3.974068e+07 3.954375e+07 3.943384e+07 3.937219e+07 3.933762e+07
1.713832e+10 6.793475e+07 6.763085e+07 6.436115e+07 5.259546e+07 4.514411e+07 4.209940e+07 4.075660e+07 4.008839e+07 3.973032e+07 3.953307e+07 3.942300e+07 3.936125e+07 3.932663e+07
1.668147e+10 6.806238e+07 6.775229e+07 6.443202e+07 5.262413e+07 4.514800e+07 4.209393e+07 4.074795e+07 4.007849e+07 3.971983e+07 3.952228e+07 3.941204e+07 3.935020e+07 3.931552e+07
1.623696e+10 6.818964e+07 6.787314e+07 6.450142e+07 5.265213e+07 4.515149e+07 4.208820e+07 4.073909e+07 4.006840e+07 3.970917e+07 3.951131e+07 3.940091e+07 3.933898e+07 3.930425e+07
1.580398e+10 6.831501e+07 6.799194e+07 6.456850e+07 5.267927e+07 4.515453e+07 4.208228e+07 4.073012e+07 4.005824e+07 3.969845e+07 3.950030e+07 3.938974e+07 3.932772e+07 3.929295e+07
1.538270e+10 6.843855e+07 6.810878e+07 6.463336e+07 5.270523e+07 4.515713e+07 4.207616e+07 4.072104e+07 4.004800e+07 3.968767e+07 3.948925e+07 3.937853e+07 3.931643e+07 3.928161e+07
1.497265e+10 6.856171e+07 6.822500e+07 6.469675e+07 5.273029e+07 4.515933e+07 4.206978e+07 4.071175e+07 4.003758e+07 3.967672e+07 3.947801e+07 3.936715e+07 3.930496e+07 3.927010e+07
1.457566e+10 6.868360e+07 6.833976e+07 6.475822e+07 5.275428e+07 4.516110e+07 4.206318e+07 4.070230e+07 4.002702e+07 3.966564e+07 3.946667e+07 3.935566e+07 3.929339e+07 3.925848e+07
1.418504e+10 6.880358e+07 6.845245e+07 6.481747e+07 5.277710e+07 4.516245e+07 4.205638e+07 4.069275e+07 4.001640e+07 3.965452e+07 3.945529e+07 3.934413e+07 3.928179e+07 3.924683e+07
1.380692e+10 6.892248e+07 6.856385e+07 6.487492e+07 5.279891e+07 4.516339e+07 4.204936e+07 4.068303e+07 4.000563e+07 3.964326e+07 3.944378e+07 3.933249e+07 3.927006e+07 3.923507e+07
1.343933e+10 6.904076e+07 6.867438e+07 6.493081e+07 5.281980e+07 4.516392e+07 4.204207e+07 4.067310e+07 3.999468e+07 3.963183e+07 3.943210e+07 3.932067e+07 3.925817e+07 3.922314e+07
1.308064e+10 6.915707e+07 6.878277e+07 6.498450e+07 5.283954e+07 4.516401e+07 4.203454e+07 4.066307e+07 3.998366e+07 3.962035e+07 3.942038e+07 3.930882e+07 3.924625e+07 3.921117e+07
1.273195e+10 6.927160e+07 6.888918e+07 6.503613e+07 5.285820e+07 4.516368e+07 4.202683e+07 4.065293e+07 3.997256e+07 3.960881e+07 3.940861e+07 3.929693e+07 3.923429e+07 3.919917e+07
1.239256e+10 6.938559e+07 6.899478e+07 6.508627e+07 5.287597e+07 4.516290e+07 4.201885e+07 4.064257e+07 3.996126e+07 3.959707e+07 3.939665e+07 3.928485e+07 3.922214e+07 3.918699e+07
1.206368e+10 6.949812e+07 6.909870e+07 6.513449e+07 5.289271e+07 4.516169e+07 4.201064e+07 4.063206e+07 3.994985e+07 3.958524e+07 3.938460e+07 3.927268e+07 3.920990e+07 3.917471e+07
1.174068e+10 6.960869e+07 6.920046e+07 6.518062e+07 5.290838e+07 4.516006e+07 4.200219e+07 4.062136e+07 3.993827e+07 3.957325e+07 3.937239e+07 3.926036e+07 3.919753e+07 3.916230e+07
1.142771e+10 6.971818e+07 6.930089e+07 6.522505e+07 5.292310e+07 4.515800e+07 4.199337e+07 4.061033e+07 3.992636e+07 3.956095e+07 3.935990e+07 3.924778e+07 3.918489e+07 3.914963e+07
1.112376e+10 6.982678e+07 6.940013e+07 6.526787e+07 5.293691e+07 4.515550e+07 4.198415e+07 4.059893e+07 3.991420e+07 3.954845e+07 3.934724e+07 3.923503e+07 3.917209e+07 3.913681e+07
1.082658e+10 6.993338e+07 6.949717e+07 6.530863e+07 5.294968e+07 4.515258e+07 4.197472e+07 4.058742e+07 3.990198e+07 3.953592e+07 3.933455e+07 3.922225e+07 3.915926e+07 3.912395e+07
1.053798e+10 7.003823e+07 6.959223e+07 6.534749e+07 5.296145e+07 4.514926e+07 4.196509e+07 4.057581e+07 3.988969e+07 3.952332e+07 3.932180e+07 3.920942e+07 3.914639e+07 3.911105e+07
1.025707e+10 7.014239e+07 6.968626e+07 6.538484e+07 5.297235e+07 4.514550e+07 4.195518e+07 4.056396e+07 3.987718e+07 3.951052e+07 3.930886e+07 3.919640e+07 3.913333e+07 3.909797e+07
9.984908e+09 7.024458e+07 6.977810e+07 6.542023e+07 5.298226e+07 4.514134e+07 4.194509e+07 4.055202e+07 3.986461e+07 3.949768e+07 3.929587e+07 3.918334e+07 3.912023e+07 3.908485e+07
9.717522e+09 7.034436e+07 6.986736e+07 6.545355e+07 5.299115e+07 4.513681e+07 4.193488e+07 4.053997e+07 3.985195e+07 3.948476e+07 3.928283e+07 3.917023e+07 3.910708e+07 3.907167e+07
9.458486e+09 7.044296e+07 6.995513e+07 6.548525e+07 5.299917e+07 4.513187e+07 4.192444e+07 4.052766e+07 3.983904e+07 3.947160e+07 3.926954e+07 3.915687e+07 3.909368e+07 3.905826e+07
9.206354e+09 7.054079e+07 7.004176e+07 6.551545e+07 5.300634e+07 4.512649e+07 4.191370e+07 4.051512e+07 3.982582e+07 3.945811e+07 3.925594e+07 3.914320e+07 3.907998e+07 3.904454e+07
8.960943e+09 7.063779e+07 7.012719e+07 6.554413e+07 5.301264e+07 4.512067e+07 4.190266e+07 4.050234e+07 3.981239e+07 3.944438e+07 3.924205e+07 3.912924e+07 3.906597e+07 3.903050e+07
8.722075e+09 7.073390e+07 7.021135e+07 6.557127e+07 5.301807e+07 4.511439e+07 4.189133e+07 4.048932e+07 3.979873e+07 3.943044e+07 3.922797e+07 3.911507e+07 3.905176e+07 3.901627e+07
8.489732e+09 7.082719e+07 7.029253e+07 6.559633e+07 5.302253e+07 4.510778e+07 4.187992e+07 4.047630e+07 3.978513e+07 3.941657e+07 3.921396e+07 3.910099e+07 3.903764e+07 3.900213e+07
8.263270e+09 7.091768e+07 7.037076e+07 6.561940e+07 5.302607e+07 4.510088e+07 4.186846e+07 4.046333e+07 3.977159e+07 3.940278e+07 3.920005e+07 3.908701e+07 3.902362e+07 3.898809e+07
8.042999e+09 7.100721e+07 7.044765e+07 6.564099e+07 5.302879e+07 4.509355e+07 4.185671e+07 4.045011e+07 3.975784e+07 3.938880e+07 3.918594e+07 3.907284e+07 3.900941e+07 3.897386e+07
7.828599e+09 7.109581e+07 7.052318e+07 6.566108e+07 5.303066e+07 4.508577e+07 4.184466e+07 4.043665e+07 3.974387e+07 3.937460e+07 3.917163e+07 3.905846e+07 3.899500e+07 3.895943e+07
7.619915e+09 7.118342e+07 7.059731e+07 6.567965e+07 5.303168e+07 4.507754e+07 4.183231e+07 4.042295e+07 3.972967e+07 3.936018e+07 3.915710e+07 3.904388e+07 3.898039e+07 3.894480e+07
7.417680e+09 7.126961e+07 7.066964e+07 6.569661e+07 5.303184e+07 4.506889e+07 4.181971e+07 4.040905e+07 3.971531e+07 3.934562e+07 3.914243e+07 3.902916e+07 3.896563e+07 3.893002e+07
7.219086e+09 7.135296e+07 7.073898e+07 6.571171e+07 5.303116e+07 4.505997e+07 4.180707e+07 4.039519e+07 3.970102e+07 3.933114e+07 3.912786e+07 3.901453e+07 3.895098e+07 3.891536e+07
7.026650e+09 7.143392e+07 7.080573e+07 6.572511e+07 5.302968e+07 4.505077e+07 4.179434e+07 4.038132e+07 3.968674e+07 3.931669e+07 3.911332e+07 3.899995e+07 3.893637e+07 3.890073e+07
6.839343e+09 7.151382e+07 7.087098e+07 6.573704e+07 5.302738e+07 4.504112e+07 4.178131e+07 4.036719e+07 3.967224e+07 3.930202e+07 3.909857e+07 3.898515e+07 3.892155e+07 3.888590e+07
6.657029e+09 7.159263e+07 7.093467e+07 6.574748e+07 5.302425e+07 4.503102e+07 4.176798e+07 4.035281e+07 3.965750e+07 3.928713e+07 3.908361e+07 3.897015e+07 3.890652e+07 3.887086e+07
6.479575e+09 7.167026e+07 7.099673e+07 6.575642e+07 5.302029e+07 4.502047e+07 4.175433e+07 4.033817e+07 3.964253e+07 3.927201e+07 3.906842e+07 3.895493e+07 3.889128e+07 3.885561e+07
6.308497e+09 7.174594e+07 7.105652e+07 6.576376e+07 5.301553e+07 4.500957e+07 4.174051e+07 4.032342e+07 3.962746e+07 3.925682e+07 3.905317e+07 3.893964e+07 3.887598e+07 3.884029e+07
6.138731e+09 7.181885e+07 7.111341e+07 6.576947e+07 5.301004e+07 4.499845e+07 4.172666e+07 4.030872e+07 3.961248e+07 3.924173e+07 3.903802e+07 3.892446e+07 3.886078e+07 3.882509e+07
5.975093e+09 7.188974e+07 7.116800e+07 6.577367e+07 5.300383e+07 4.498701e+07 4.171267e+07 4.029393e+07 3.959744e+07 3.922658e+07 3.902282e+07 3.890924e+07 3.884555e+07 3.880984e+07
5.815817e+09 7.195940e+07 7.122090e+07 6.577642e+07 5.299680e+07 4.497513e+07 4.169837e+07 4.027888e+07 3.958215e+07 3.921120e+07 3.900741e+07 3.889380e+07 3.883009e+07 3.879438e+07
5.660787e+09 7.202778e+07 7.127203e+07 6.577770e+07 5.298895e+07 4.496279e+07 4.168376e+07 4.026357e+07 3.956663e+07 3.919560e+07 3.899176e+07 3.887814e+07 3.881442e+07 3.877871e+07
5.509889e+09 7.209480e+07 7.132133e+07 6.577747e+07 5.298028e+07 4.494999e+07 4.166882e+07 4.024800e+07 3.955086e+07 3.917977e+07 3.897590e+07 3.886225e+07 3.879853e+07 3.876281e+07
5.363885e+09 7.215942e+07 7.136802e+07 6.577576e+07 5.297092e+07 4.493693e+07 4.165380e+07 4.023239e+07 3.953509e+07 3.916394e+07 3.896004e+07 3.884639e+07 3.878266e+07 3.874693e+07
5.220054e+09 7.222133e+07 7.141190e+07 6.577265e+07 5.296096e+07 4.492370e+07 4.163878e+07 4.021685e+07 3.951941e+07 3.914821e+07 3.894430e+07 3.883063e+07 3.876690e+07 3.873117e+07
5.080905e+09 7.228150e+07 7.145369e+07 6.576813e+07 5.295027e+07 4.491010e+07 4.162353e+07 4.020113e+07 3.950357e+07 3.913234e+07 3.892842e+07 3.881475e+07 3.875101e+07 3.871528e+07
4.945465e+09 7.234026e+07 7.149358e+07 6.576217e+07 5.293877e+07 4.489605e+07 4.160797e+07 4.018515e+07 3.948749e+07 3.911624e+07 3.891231e+07 3.879863e+07 3.873489e+07 3.869917e+07
4.813635e+09 7.239752e+07 7.153152e+07 6.575474e+07 5.292647e+07 4.488154e+07 4.159208e+07 4.016889e+07 3.947116e+07 3.909989e+07 3.889596e+07 3.878229e+07 3.871855e+07 3.868282e+07
4.685320e+09 7.245323e+07 7.156743e+07 6.574583e+07 5.291335e+07 4.486656e+07 4.157586e+07 4.015235e+07 3.945458e+07 3.908331e+07 3.887938e+07 3.876571e+07 3.870198e+07 3.866625e+07
4.560463e+09 7.250622e+07 7.160056e+07 6.573564e+07 5.289969e+07 4.485144e+07 4.155966e+07 4.013589e+07 3.943808e+07 3.906682e+07 3.886290e+07 3.874924e+07 3.868551e+07 3.864979e+07
4.438859e+09 7.255657e+07 7.163104e+07 6.572426e+07 5.288554e+07 4.483618e+07 4.154348e+07 4.011950e+07 3.942169e+07 3.905045e+07 3.884655e+07 3.873289e+07 3.866917e+07 3.863345e+07
4.320534e+09 7.260534e+07 7.165949e+07 6.571146e+07 5.287061e+07 4.482048e+07 4.152698e+07 4.010284e+07 3.940504e+07 3.903383e+07 3.882995e+07 3.871631e+07 3.865259e+07 3.861688e+07
4.205363e+09 7.265248e+07 7.168588e+07 6.569724e+07 5.285488e+07 4.480432e+07 4.151015e+07 4.008591e+07 3.938814e+07 3.901697e+07 3.881312e+07 3.869950e+07 3.863579e+07 3.860007e+07
4.093262e+09 7.269792e+07 7.171014e+07 6.568156e+07 5.283834e+07 4.478769e+07 4.149298e+07 4.006868e+07 3.937098e+07 3.899986e+07 3.879604e+07 3.868244e+07 3.861874e+07 3.858303e+07
3.984723e+09 7.274137e+07 7.173210e+07 6.566450e+07 5.282109e+07 4.477068e+07 4.147558e+07 4.005127e+07 3.935364e+07 3.898258e+07 3.877880e+07 3.866522e+07 3.860153e+07 3.856584e+07
3.877945e+09 7.278215e+07 7.175144e+07 6.564637e+07 5.280340e+07 4.475357e+07 4.145820e+07 4.003393e+07 3.933640e+07 3.896542e+07 3.876168e+07 3.864812e+07 3.858445e+07 3.854876e+07
3.774572e+09 7.282056e+07 7.176836e+07 6.562714e+07 5.278521e+07 4.473628e+07 4.144078e+07 4.001659e+07 3.931917e+07 3.894827e+07 3.874458e+07 3.863106e+07 3.856740e+07 3.853172e+07
3.673955e+09 7.285719e+07 7.178313e+07 6.560649e+07 5.276625e+07 4.471853e+07 4.142302e+07 3.999896e+07 3.930168e+07 3.893087e+07 3.872724e+07 3.861374e+07 3.855010e+07 3.851443e+07
3.576019e+09 7.289197e+07 7.179569e+07 6.558443e+07 5.274648e+07 4.470030e+07 4.140491e+07 3.998103e+07 3.928392e+07 3.891321e+07 3.870964e+07 3.859617e+07 3.853255e+07 3.849689e+07
3.480695e+09 7.292483e+07 7.180597e+07 6.556092e+07 5.272592e+07 4.468161e+07 4.138647e+07 3.996281e+07 3.926588e+07 3.889529e+07 3.869178e+07 3.857835e+07 3.851475e+07 3.847910e+07
3.388859e+09 7.295537e+07 7.181385e+07 6.553623e+07 5.270477e+07 4.466264e+07 4.136788e+07 3.994450e+07 3.924777e+07 3.887730e+07 3.867386e+07 3.856047e+07 3.849690e+07 3.846126e+07
3.297601e+09 7.298331e+07 7.181932e+07 6.551066e+07 5.268329e+07 4.464362e+07 4.134934e+07 3.992628e+07 3.922976e+07 3.885943e+07 3.865606e+07 3.854272e+07 3.847917e+07 3.844354e+07
3.209698e+09 7.300903e+07 7.182250e+07 6.548397e+07 5.266125e+07 4.462432e+07 4.133066e+07 3.990796e+07 3.921167e+07 3.884147e+07 3.863819e+07 3.852489e+07 3.846136e+07 3.842575e+07
3.124138e+09 7.303275e+07 7.182341e+07 6.545587e+07 5.263842e+07 4.460454e+07 4.131162e+07 3.988933e+07 3.919330e+07 3.882325e+07 3.862005e+07 3.850680e+07 3.844330e+07 3.840771e+07
3.040859e+09 7.305438e+07 7.182199e+07 6.542635e+07 5.261479e+07 4.458429e+07 4.129223e+07 3.987040e+07 3.917465e+07 3.880476e+07 3.860165e+07 3.848845e+07 3.842497e+07 3.838940e+07
2.959800e+09 7.307387e+07 7.181820e+07 6.539540e+07 5.259036e+07 4.456355e+07 4.127248e+07 3.985116e+07 3.915570e+07 3.878598e+07 3.858297e+07 3.846982e+07 3.840638e+07 3.837082e+07
2.881228e+09 7.309083e+07 7.181209e+07 6.536355e+07 5.256554e+07 4.454269e+07 4.125271e+07 3.983193e+07 3.913679e+07 3.876725e+07 3.856434e+07 3.845125e+07 3.838784e+07 3.835230e+07
2.804106e+09 7.310530e+07 7.180380e+07 6.533100e+07 5.254047e+07 4.452180e+07 4.123302e+07 3.981281e+07 3.911800e+07 3.874864e+07 3.854583e+07 3.843280e+07 3.836943e+07 3.833390e+07
2.729358e+09 7.311753e+07 7.179324e+07 6.529720e+07 5.251472e+07 4.450053e+07 4.121304e+07 3.979346e+07 3.909899e+07 3.872983e+07 3.852713e+07 3.841416e+07 3.835082e+07 3.831531e+07
2.656602e+09 7.312752e+07 7.178030e+07 6.526199e+07 5.248818e+07 4.447876e+07 4.119271e+07 3.977379e+07 3.907969e+07 3.871073e+07 3.850815e+07 3.839524e+07 3.833194e+07 3.829645e+07
2.585786e+09 7.313518e+07 7.176496e+07 6.522537e+07 5.246083e+07 4.445651e+07 4.117201e+07 3.975380e+07 3.906008e+07 3.869135e+07 3.848889e+07 3.837605e+07 3.831278e+07 3.827732e+07
2.516999e+09 7.314043e+07 7.174720e+07 6.518739e+07 5.243273e+07 4.443380e+07 4.115097e+07 3.973352e+07 3.904022e+07 3.867171e+07 3.846938e+07 3.835661e+07 3.829338e+07 3.825794e+07
2.449767e+09 7.314315e+07 7.172739e+07 6.514880e+07 5.240442e+07 4.441109e+07 4.113002e+07 3.971336e+07 3.902048e+07 3.865221e+07 3.845000e+07 3.833730e+07 3.827411e+07 3.823870e+07
2.384464e+09 7.314347e+07 7.170561e+07 6.510960e+07 5.237588e+07 4.438834e+07 4.110911e+07 3.969327e+07 3.900082e+07 3.863279e+07 3.843071e+07 3.831809e+07 3.825494e+07 3.821955e+07
2.320902e+09 7.314137e+07 7.168145e+07 6.506900e+07 5.234654e+07 4.436509e+07 4.108783e+07 3.967285e+07 3.898086e+07 3.861307e+07 3.841113e+07 3.829859e+07 3.823548e+07 3.820011e+07
2.259035e+09 7.313677e+07 7.165487e+07 6.502700e+07 5.231641e+07 4.434135e+07 4.106617e+07 3.965210e+07 3.896058e+07 3.859305e+07 3.839126e+07 3.827879e+07 3.821574e+07 3.818039e+07
2.198817e+09 7.312958e+07 7.162582e+07 6.498357e+07 5.228545e+07 4.431710e+07 4.104412e+07 3.963102e+07 3.893999e+07 3.857273e+07 3.837109e+07 3.825871e+07 3.819570e+07 3.816037e+07
2.140688e+09 7.311981e+07 7.159452e+07 6.493908e+07 5.225394e+07 4.429254e+07 4.102187e+07 3.960977e+07 3.891926e+07 3.855228e+07 3.835079e+07 3.823849e+07 3.817553e+07 3.814023e+07
2.083153e+09 7.310762e+07 7.156146e+07 6.489414e+07 5.222229e+07 4.426801e+07 4.099972e+07 3.958865e+07 3.889866e+07 3.853196e+07 3.833062e+07 3.821841e+07 3.815550e+07 3.812023e+07
2.027623e+09 7.309299e+07 7.152644e+07 6.484841e+07 5.219027e+07 4.424331e+07 4.097749e+07 3.956747e+07 3.887801e+07 3.851160e+07 3.831042e+07 3.819830e+07 3.813543e+07 3.810019e+07
1.973573e+09 7.307566e+07 7.148900e+07 6.480128e+07 5.215744e+07 4.421809e+07 4.095486e+07 3.954594e+07 3.885704e+07 3.849093e+07 3.828991e+07 3.817788e+07 3.811507e+07 3.807986e+07
1.920964e+09 7.305557e+07 7.144909e+07 6.475273e+07 5.212378e+07 4.419236e+07 4.093183e+07 3.952407e+07 3.883574e+07 3.846994e+07 3.826910e+07 3.815716e+07 3.809440e+07 3.805922e+07
1.869758e+09 7.303261e+07 7.140667e+07 6.470275e+07 5.208931e+07 4.416611e+07 4.090841e+07 3.950184e+07 3.881411e+07 3.844863e+07 3.824796e+07 3.813613e+07 3.807342e+07 3.803827e+07
1.820249e+09 7.300709e+07 7.136239e+07 6.465208e+07 5.205451e+07 4.413972e+07 4.088493e+07 3.947959e+07 3.879247e+07 3.842731e+07 3.822683e+07 3.811509e+07 3.805244e+07 3.801732e+07
1.771404e+09 7.297928e+07 7.131663e+07 6.460111e+07 5.201966e+07 4.411340e+07 4.086157e+07 3.945747e+07 3.877097e+07 3.840614e+07 3.820583e+07 3.809420e+07 3.803160e+07 3.799652e+07
1.724184e+09 7.294876e+07 7.126877e+07 6.454908e+07 5.198423e+07 4.408673e+07 4.083796e+07 3.943515e+07 3.874927e+07 3.838478e+07 3.818466e+07 3.807313e+07 3.801059e+07 3.797554e+07
1.678223e+09 7.291528e+07 7.121844e+07 6.449564e+07 5.194797e+07 4.405954e+07 4.081395e+07 3.941246e+07 3.872724e+07 3.836309e+07 3.816316e+07 3.805174e+07 3.798926e+07 3.795424e+07
1.633487e+09 7.287874e+07 7.116562e+07 6.444076e+07 5.191087e+07 4.403181e+07 4.078951e+07 3.938940e+07 3.870486e+07 3.834107e+07 3.814134e+07 3.803002e+07 3.796760e+07 3.793262e+07
1.589952e+09 7.283905e+07 7.111030e+07 6.438443e+07 5.187293e+07 4.400355e+07 4.076467e+07 3.936598e+07 3.868213e+07 3.831871e+07 3.811918e+07 3.800798e+07 3.794562e+07 3.791067e+07
1.547561e+09 7.279704e+07 7.105366e+07 6.432788e+07 5.183497e+07 4.397536e+07 4.073994e+07 3.934269e+07 3.865954e+07 3.829650e+07 3.809717e+07 3.798608e+07 3.792379e+07 3.788887e+07
1.506308e+09 7.275286e+07 7.099583e+07 6.427115e+07 5.179701e+07 4.394725e+07 4.071533e+07 3.931953e+07 3.863709e+07 3.827442e+07 3.807530e+07 3.796432e+07 3.790209e+07 3.786721e+07
1.466155e+09 7.270550e+07 7.093557e+07 6.421300e+07 5.175821e+07 4.391860e+07 4.069031e+07 3.929600e+07 3.861429e+07 3.825200e+07 3.805309e+07 3.794223e+07 3.788007e+07 3.784523e+07
1.427072e+09 7.265487e+07 7.087283e+07 6.415341e+07 5.171856e+07 4.388940e+07 4.066485e+07 3.927209e+07 3.859113e+07 3.822924e+07 3.803054e+07 3.791980e+07 3.785771e+07 3.782290e+07
1.389031e+09 7.260087e+07 7.080759e+07 6.409235e+07 5.167805e+07 4.385965e+07 4.063896e+07 3.924779e+07 3.856760e+07 3.820612e+07 3.800764e+07 3.789702e+07 3.783500e+07 3.780023e+07
1.352264e+09 7.254383e+07 7.074029e+07 6.403027e+07 5.163696e+07 4.382956e+07 4.061282e+07 3.922328e+07 3.854387e+07 3.818280e+07 3.798456e+07 3.787406e+07 3.781211e+07 3.777738e+07
1.315965e+09 7.248460e+07 7.067198e+07 6.396808e+07 5.159591e+07 4.379956e+07 4.058681e+07 3.919891e+07 3.852029e+07 3.815964e+07 3.796162e+07 3.785125e+07 3.778937e+07 3.775468e+07
1.280885e+09 7.242286e+07 7.060226e+07 6.390538e+07 5.155462e+07 4.376946e+07 4.056075e+07 3.917451e+07 3.849668e+07 3.813646e+07 3.793867e+07 3.782843e+07 3.776662e+07 3.773197e+07
1.246741e+09 7.235762e+07 7.053009e+07 6.384123e+07 5.151246e+07 4.373880e+07 4.053425e+07 3.914971e+07 3.847271e+07 3.811291e+07 3.791536e+07 3.780525e+07 3.774351e+07 3.770891e+07
1.213507e+09 7.228881e+07 7.045542e+07 6.377561e+07 5.146943e+07 4.370757e+07 4.050730e+07 3.912452e+07 3.844835e+07 3.808900e+07 3.789169e+07 3.778171e+07 3.772005e+07 3.768548e+07
1.181159e+09 7.221630e+07 7.037824e+07 6.370850e+07 5.142552e+07 4.367576e+07 4.047989e+07 3.909891e+07 3.842361e+07 3.806471e+07 3.786765e+07 3.775781e+07 3.769622e+07 3.766170e+07
1.149913e+09 7.214110e+07 7.029966e+07 6.364086e+07 5.138134e+07 4.364383e+07 4.045242e+07 3.907326e+07 3.839884e+07 3.804039e+07 3.784358e+07 3.773388e+07 3.767237e+07 3.763789e+07
1.119027e+09 7.206387e+07 7.022036e+07 6.357324e+07 5.133727e+07 4.361202e+07 4.042509e+07 3.904777e+07 3.837422e+07 3.801623e+07 3.781967e+07 3.771011e+07 3.764868e+07 3.761424e+07
1.089197e+09 7.198351e+07 7.013923e+07 6.350466e+07 5.129264e+07 4.357988e+07 4.039752e+07 3.902206e+07 3.834940e+07 3.799188e+07 3.779557e+07 3.768615e+07 3.762480e+07 3.759041e+07
1.060163e+09 7.189934e+07 7.005562e+07 6.343459e+07 5.124713e+07 4.354716e+07 4.036949e+07 3.899593e+07 3.832418e+07 3.796714e+07 3.777109e+07 3.766182e+07 3.760054e+07 3.756620e+07
1.031903e+09 7.181126e+07 6.996952e+07 6.336301e+07 5.120071e+07 4.351384e+07 4.034097e+07 3.896938e+07 3.829856e+07 3.794201e+07 3.774622e+07 3.763710e+07 3.757591e+07 3.754161e+07
1.004396e+09 7.171920e+07 6.988089e+07 6.328990e+07 5.115337e+07 4.347992e+07 4.031198e+07 3.894239e+07 3.827253e+07 3.791648e+07 3.772097e+07 3.761199e+07 3.755089e+07 3.751663e+07
