7.245441e+14 4.002751e+07 4.002797e+07 4.003215e+07 4.004609e+07 4.005180e+07 4.005323e+07 4.005345e+07 4.005339e+07 4.005327e+07 4.005313e+07 4.005300e+07 4.005286e+07 4.005272e+07
7.013171e+14 4.002791e+07 4.002837e+07 4.003256e+07 4.004627e+07 4.005184e+07 4.005324e+07 4.005345e+07 4.005339e+07 4.005327e+07 4.005313e+07 4.005299e+07 4.005285e+07 4.005272e+07
6.823586e+14 4.002827e+07 4.002873e+07 4.003292e+07 4.004642e+07 4.005189e+07 4.005325e+07 4.005345e+07 4.005339e+07 4.005326e+07 4.005313e+07 4.005299e+07 4.005285e+07 4.005271e+07
6.640552e+14 4.002864e+07 4.002910e+07 4.003330e+07 4.004658e+07 4.005193e+07 4.005326e+07 4.005345e+07 4.005339e+07 4.005326e+07 4.005313e+07 4.005299e+07 4.005285e+07 4.005271e+07
6.462342e+14 4.002902e+07 4.002948e+07 4.003368e+07 4.004674e+07 4.005197e+07 4.005326e+07 4.005345e+07 4.005338e+07 4.005326e+07 4.005312e+07 4.005299e+07 4.005285e+07 4.005271e+07
6.289740e+14 4.002940e+07 4.002986e+07 4.003407e+07 4.004690e+07 4.005202e+07 4.005327e+07 4.005345e+07 4.005338e+07 4.005326e+07 4.005312e+07 4.005298e+07 4.005285e+07 4.005271e+07
6.121788e+14 4.002979e+07 4.003025e+07 4.003447e+07 4.004707e+07 4.005206e+07 4.005328e+07 4.005345e+07 4.005338e+07 4.005326e+07 4.005312e+07 4.005298e+07 4.005284e+07 4.005271e+07
5.958386e+14 4.003018e+07 4.003065e+07 4.003487e+07 4.004723e+07 4.005210e+07 4.005329e+07 4.005345e+07 4.005338e+07 4.005325e+07 4.005312e+07 4.005298e+07 4.005284e+07 4.005270e+07
5.799842e+14 4.003058e+07 4.003105e+07 4.003527e+07 4.004739e+07 4.005215e+07 4.005330e+07 4.005345e+07 4.005338e+07 4.005325e+07 4.005312e+07 4.005298e+07 4.005284e+07 4.005270e+07
5.644592e+14 4.003098e+07 4.003145e+07 4.003567e+07 4.004755e+07 4.005219e+07 4.005331e+07 4.005345e+07 4.005337e+07 4.005325e+07 4.005311e+07 4.005297e+07 4.005284e+07 4.005270e+07
5.494363e+14 4.003138e+07 4.003185e+07 4.003608e+07 4.004770e+07 4.005223e+07 4.005332e+07 4.005345e+07 4.005337e+07 4.005325e+07 4.005311e+07 4.005297e+07 4.005283e+07 4.005270e+07
5.347454e+14 4.003179e+07 4.003226e+07 4.003649e+07 4.004786e+07 4.005227e+07 4.005332e+07 4.005345e+07 4.005337e+07 4.005324e+07 4.005311e+07 4.005297e+07 4.005283e+07 4.005269e+07
5.205357e+14 4.003220e+07 4.003267e+07 4.003690e+07 4.004802e+07 4.005231e+07 4.005333e+07 4.005345e+07 4.005337e+07 4.005324e+07 4.005311e+07 4.005297e+07 4.005283e+07 4.005269e+07
5.066051e+14 4.003261e+07 4.003308e+07 4.003731e+07 4.004817e+07 4.005235e+07 4.005334e+07 4.005345e+07 4.005337e+07 4.005324e+07 4.005310e+07 4.005297e+07 4.005283e+07 4.005269e+07
4.931811e+14 4.003303e+07 4.003350e+07 4.003772e+07 4.004833e+07 4.005240e+07 4.005335e+07 4.005345e+07 4.005336e+07 4.005324e+07 4.005310e+07 4.005296e+07 4.005282e+07 4.005269e+07
4.799515e+14 4.003345e+07 4.003392e+07 4.003814e+07 4.004848e+07 4.005244e+07 4.005336e+07 4.005345e+07 4.005336e+07 4.005323e+07 4.005310e+07 4.005296e+07 4.005282e+07 4.005268e+07
4.671729e+14 4.003387e+07 4.003434e+07 4.003855e+07 4.004863e+07 4.005248e+07 4.005336e+07 4.005345e+07 4.005336e+07 4.005323e+07 4.005310e+07 4.005296e+07 4.005282e+07 4.005268e+07
4.547555e+14 4.003429e+07 4.003476e+07 4.003897e+07 4.004878e+07 4.005252e+07 4.005337e+07 4.005345e+07 4.005336e+07 4.005323e+07 4.005309e+07 4.005296e+07 4.005282e+07 4.005268e+07
4.425772e+14 4.003471e+07 4.003519e+07 4.003938e+07 4.004893e+07 4.005256e+07 4.005338e+07 4.005345e+07 4.005336e+07 4.005323e+07 4.005309e+07 4.005295e+07 4.005281e+07 4.005268e+07
4.308132e+14 4.003514e+07 4.003561e+07 4.003980e+07 4.004908e+07 4.005259e+07 4.005339e+07 4.005345e+07 4.005335e+07 4.005322e+07 4.005309e+07 4.005295e+07 4.005281e+07 4.005267e+07
4.193441e+14 4.003557e+07 4.003604e+07 4.004021e+07 4.004922e+07 4.005263e+07 4.005339e+07 4.005345e+07 4.005335e+07 4.005322e+07 4.005309e+07 4.005295e+07 4.005281e+07 4.005267e+07
4.081176e+14 4.003600e+07 4.003647e+07 4.004063e+07 4.004937e+07 4.005267e+07 4.005340e+07 4.005345e+07 4.005335e+07 4.005322e+07 4.005308e+07 4.005295e+07 4.005281e+07 4.005267e+07
3.972654e+14 4.003643e+07 4.003691e+07 4.004104e+07 4.004951e+07 4.005271e+07 4.005341e+07 4.005345e+07 4.005335e+07 4.005322e+07 4.005308e+07 4.005294e+07 4.005280e+07 4.005267e+07
3.867082e+14 4.003686e+07 4.003734e+07 4.004145e+07 4.004965e+07 4.005275e+07 4.005341e+07 4.005345e+07 4.005335e+07 4.005321e+07 4.005308e+07 4.005294e+07 4.005280e+07 4.005266e+07
3.763432e+14 4.003730e+07 4.003778e+07 4.004187e+07 4.004979e+07 4.005278e+07 4.005342e+07 4.005345e+07 4.005334e+07 4.005321e+07 4.005308e+07 4.005294e+07 4.005280e+07 4.005266e+07
3.663193e+14 4.003773e+07 4.003822e+07 4.004228e+07 4.004993e+07 4.005282e+07 4.005343e+07 4.005345e+07 4.005334e+07 4.005321e+07 4.005307e+07 4.005293e+07 4.005280e+07 4.005266e+07
3.566146e+14 4.003817e+07 4.003866e+07 4.004269e+07 4.005007e+07 4.005286e+07 4.005343e+07 4.005345e+07 4.005334e+07 4.005321e+07 4.005307e+07 4.005293e+07 4.005279e+07 4.005266e+07
3.470587e+14 4.003861e+07 4.003910e+07 4.004310e+07 4.005021e+07 4.005289e+07 4.005344e+07 4.005345e+07 4.005334e+07 4.005320e+07 4.005307e+07 4.005293e+07 4.005279e+07 4.005265e+07
3.377903e+14 4.003906e+07 4.003954e+07 4.004351e+07 4.005035e+07 4.005293e+07 4.005345e+07 4.005345e+07 4.005334e+07 4.005320e+07 4.005307e+07 4.005293e+07 4.005279e+07 4.005265e+07
3.288245e+14 4.003950e+07 4.003998e+07 4.004392e+07 4.005048e+07 4.005297e+07 4.005345e+07 4.005344e+07 4.005333e+07 4.005320e+07 4.005306e+07 4.005292e+07 4.005279e+07 4.005265e+07
3.200717e+14 4.003994e+07 4.004043e+07 4.004432e+07 4.005062e+07 4.005300e+07 4.005346e+07 4.005344e+07 4.005333e+07 4.005320e+07 4.005306e+07 4.005292e+07 4.005278e+07 4.005265e+07
3.114925e+14 4.004039e+07 4.004088e+07 4.004473e+07 4.005075e+07 4.005304e+07 4.005347e+07 4.005344e+07 4.005333e+07 4.005319e+07 4.005306e+07 4.005292e+07 4.005278e+07 4.005264e+07
3.031732e+14 4.004084e+07 4.004133e+07 4.004513e+07 4.005088e+07 4.005307e+07 4.005347e+07 4.005344e+07 4.005333e+07 4.005319e+07 4.005305e+07 4.005292e+07 4.005278e+07 4.005264e+07
2.951313e+14 4.004129e+07 4.004177e+07 4.004553e+07 4.005102e+07 4.005310e+07 4.005348e+07 4.005344e+07 4.005332e+07 4.005319e+07 4.005305e+07 4.005291e+07 4.005278e+07 4.005264e+07
2.872644e+14 4.004173e+07 4.004222e+07 4.004593e+07 4.005115e+07 4.005314e+07 4.005348e+07 4.005344e+07 4.005332e+07 4.005319e+07 4.005305e+07 4.005291e+07 4.005277e+07 4.005263e+07
2.796077e+14 4.004218e+07 4.004267e+07 4.004633e+07 4.005128e+07 4.005317e+07 4.005349e+07 4.005344e+07 4.005332e+07 4.005318e+07 4.005305e+07 4.005291e+07 4.005277e+07 4.005263e+07
2.721546e+14 4.004263e+07 4.004312e+07 4.004672e+07 4.005140e+07 4.005321e+07 4.005350e+07 4.005344e+07 4.005332e+07 4.005318e+07 4.005304e+07 4.005291e+07 4.005277e+07 4.005263e+07
2.649001e+14 4.004308e+07 4.004358e+07 4.004711e+07 4.005153e+07 4.005324e+07 4.005350e+07 4.005344e+07 4.005331e+07 4.005318e+07 4.005304e+07 4.005290e+07 4.005277e+07 4.005263e+07
2.578390e+14 4.004353e+07 4.004403e+07 4.004750e+07 4.005166e+07 4.005327e+07 4.005351e+07 4.005344e+07 4.005331e+07 4.005318e+07 4.005304e+07 4.005290e+07 4.005276e+07 4.005262e+07
2.509660e+14 4.004399e+07 4.004448e+07 4.004789e+07 4.005178e+07 4.005330e+07 4.005351e+07 4.005344e+07 4.005331e+07 4.005317e+07 4.005304e+07 4.005290e+07 4.005276e+07 4.005262e+07
2.442761e+14 4.004444e+07 4.004493e+07 4.004828e+07 4.005191e+07 4.005334e+07 4.005352e+07 4.005344e+07 4.005331e+07 4.005317e+07 4.005303e+07 4.005290e+07 4.005276e+07 4.005262e+07
2.377645e+14 4.004489e+07 4.004538e+07 4.004866e+07 4.005203e+07 4.005337e+07 4.005352e+07 4.005343e+07 4.005331e+07 4.005317e+07 4.005303e+07 4.005289e+07 4.005275e+07 4.005262e+07
2.314265e+14 4.004540e+07 4.004590e+07 4.004909e+07 4.005217e+07 4.005340e+07 4.005353e+07 4.005343e+07 4.005330e+07 4.005317e+07 4.005303e+07 4.005289e+07 4.005275e+07 4.005261e+07
2.252572e+14 4.004585e+07 4.004635e+07 4.004947e+07 4.005229e+07 4.005343e+07 4.005353e+07 4.005343e+07 4.005330e+07 4.005316e+07 4.005303e+07 4.005289e+07 4.005275e+07 4.005261e+07
2.192524e+14 4.004630e+07 4.004680e+07 4.004985e+07 4.005241e+07 4.005347e+07 4.005354e+07 4.005343e+07 4.005330e+07 4.005316e+07 4.005302e+07 4.005288e+07 4.005275e+07 4.005261e+07
2.134070e+14 4.004676e+07 4.004726e+07 4.005023e+07 4.005254e+07 4.005350e+07 4.005354e+07 4.005343e+07 4.005330e+07 4.005316e+07 4.005302e+07 4.005288e+07 4.005274e+07 4.005261e+07
2.077178e+14 4.004721e+07 4.004771e+07 4.005060e+07 4.005266e+07 4.005353e+07 4.005355e+07 4.005343e+07 4.005329e+07 4.005316e+07 4.005302e+07 4.005288e+07 4.005274e+07 4.005260e+07
2.021801e+14 4.004767e+07 4.004817e+07 4.005098e+07 4.005278e+07 4.005356e+07 4.005355e+07 4.005343e+07 4.005329e+07 4.005315e+07 4.005302e+07 4.005288e+07 4.005274e+07 4.005260e+07
1.967898e+14 4.004813e+07 4.004863e+07 4.005135e+07 4.005290e+07 4.005359e+07 4.005356e+07 4.005343e+07 4.005329e+07 4.005315e+07 4.005301e+07 4.005287e+07 4.005274e+07 4.005260e+07
1.915434e+14 4.004859e+07 4.004909e+07 4.005173e+07 4.005302e+07 4.005362e+07 4.005356e+07 4.005343e+07 4.005329e+07 4.005315e+07 4.005301e+07 4.005287e+07 4.005273e+07 4.005259e+07
1.864367e+14 4.004905e+07 4.004956e+07 4.005210e+07 4.005314e+07 4.005365e+07 4.005357e+07 4.005343e+07 4.005328e+07 4.005315e+07 4.005301e+07 4.005287e+07 4.005273e+07 4.005259e+07
1.814663e+14 4.004952e+07 4.005003e+07 4.005248e+07 4.005326e+07 4.005368e+07 4.005357e+07 4.005342e+07 4.005328e+07 4.005314e+07 4.005300e+07 4.005287e+07 4.005273e+07 4.005259e+07
1.766298e+14 4.004999e+07 4.005050e+07 4.005285e+07 4.005338e+07 4.005371e+07 4.005358e+07 4.005342e+07 4.005328e+07 4.005314e+07 4.005300e+07 4.005286e+07 4.005272e+07 4.005259e+07
1.719216e+14 4.005046e+07 4.005097e+07 4.005323e+07 4.005350e+07 4.005374e+07 4.005358e+07 4.005342e+07 4.005328e+07 4.005314e+07 4.005300e+07 4.005286e+07 4.005272e+07 4.005258e+07
1.673408e+14 4.005094e+07 4.005145e+07 4.005361e+07 4.005362e+07 4.005377e+07 4.005359e+07 4.005342e+07 4.005328e+07 4.005313e+07 4.005300e+07 4.005286e+07 4.005272e+07 4.005258e+07
1.628842e+14 4.005141e+07 4.005192e+07 4.005398e+07 4.005374e+07 4.005380e+07 4.005359e+07 4.005342e+07 4.005327e+07 4.005313e+07 4.005299e+07 4.005286e+07 4.005272e+07 4.005258e+07
1.585487e+14 4.005188e+07 4.005239e+07 4.005435e+07 4.005386e+07 4.005383e+07 4.005360e+07 4.005342e+07 4.005327e+07 4.005313e+07 4.005299e+07 4.005285e+07 4.005271e+07 4.005258e+07
1.543301e+14 4.005235e+07 4.005286e+07 4.005471e+07 4.005397e+07 4.005386e+07 4.005360e+07 4.005342e+07 4.005327e+07 4.005313e+07 4.005299e+07 4.005285e+07 4.005271e+07 4.005257e+07
1.502235e+14 4.005279e+07 4.005330e+07 4.005506e+07 4.005409e+07 4.005389e+07 4.005361e+07 4.005342e+07 4.005327e+07 4.005312e+07 4.005299e+07 4.005285e+07 4.005271e+07 4.005257e+07
1.462285e+14 4.006582e+07 4.006636e+07 4.006519e+07 4.005733e+07 4.005472e+07 4.005374e+07 4.005338e+07 4.005320e+07 4.005305e+07 4.005291e+07 4.005277e+07 4.005263e+07 4.005249e+07
1.423365e+14 4.007785e+07 4.007841e+07 4.007451e+07 4.006032e+07 4.005548e+07 4.005386e+07 4.005335e+07 4.005314e+07 4.005298e+07 4.005284e+07 4.005270e+07 4.005256e+07 4.005243e+07
1.385426e+14 4.008883e+07 4.008940e+07 4.008296e+07 4.006303e+07 4.005616e+07 4.005396e+07 4.005333e+07 4.005308e+07 4.005292e+07 4.005278e+07 4.005264e+07 4.005250e+07 4.005236e+07
1.348461e+14 4.009881e+07 4.009940e+07 4.009062e+07 4.006550e+07 4.005679e+07 4.005406e+07 4.005330e+07 4.005303e+07 4.005286e+07 4.005272e+07 4.005258e+07 4.005244e+07 4.005230e+07
1.312397e+14 4.010800e+07 4.010861e+07 4.009763e+07 4.006775e+07 4.005736e+07 4.005415e+07 4.005328e+07 4.005298e+07 4.005281e+07 4.005267e+07 4.005253e+07 4.005239e+07 4.005225e+07
1.277287e+14 4.011665e+07 4.011727e+07 4.010420e+07 4.006987e+07 4.005789e+07 4.005423e+07 4.005325e+07 4.005294e+07 4.005276e+07 4.005262e+07 4.005248e+07 4.005234e+07 4.005220e+07
1.243120e+14 4.012504e+07 4.012568e+07 4.011054e+07 4.007191e+07 4.005841e+07 4.005431e+07 4.005323e+07 4.005290e+07 4.005272e+07 4.005257e+07 4.005243e+07 4.005229e+07 4.005215e+07
1.209901e+14 4.013326e+07 4.013391e+07 4.011672e+07 4.007391e+07 4.005891e+07 4.005439e+07 4.005321e+07 4.005285e+07 4.005267e+07 4.005252e+07 4.005238e+07 4.005224e+07 4.005211e+07
1.177582e+14 4.014138e+07 4.014204e+07 4.012278e+07 4.007587e+07 4.005941e+07 4.005447e+07 4.005319e+07 4.005281e+07 4.005263e+07 4.005248e+07 4.005234e+07 4.005220e+07 4.005206e+07
1.146161e+14 4.014951e+07 4.015019e+07 4.012882e+07 4.007782e+07 4.005990e+07 4.005454e+07 4.005317e+07 4.005277e+07 4.005258e+07 4.005243e+07 4.005229e+07 4.005215e+07 4.005201e+07
1.115600e+14 4.015773e+07 4.015842e+07 4.013489e+07 4.007979e+07 4.006040e+07 4.005462e+07 4.005315e+07 4.005273e+07 4.005253e+07 4.005238e+07 4.005224e+07 4.005210e+07 4.005197e+07
1.085863e+14 4.016607e+07 4.016677e+07 4.014101e+07 4.008178e+07 4.006090e+07 4.005469e+07 4.005313e+07 4.005269e+07 4.005249e+07 4.005234e+07 4.005219e+07 4.005206e+07 4.005192e+07
1.056925e+14 4.017454e+07 4.017524e+07 4.014718e+07 4.008379e+07 4.006140e+07 4.005477e+07 4.005310e+07 4.005264e+07 4.005244e+07 4.005229e+07 4.005215e+07 4.005201e+07 4.005187e+07
1.028761e+14 4.018312e+07 4.018383e+07 4.015339e+07 4.008581e+07 4.006191e+07 4.005485e+07 4.005308e+07 4.005260e+07 4.005239e+07 4.005224e+07 4.005210e+07 4.005196e+07 4.005182e+07
1.001348e+14 4.019182e+07 4.019253e+07 4.015963e+07 4.008785e+07 4.006242e+07 4.005492e+07 4.005306e+07 4.005256e+07 4.005234e+07 4.005219e+07 4.005205e+07 4.005191e+07 4.005177e+07
9.746542e+13 4.020054e+07 4.020126e+07 4.016585e+07 4.008989e+07 4.006293e+07 4.005500e+07 4.005303e+07 4.005251e+07 4.005229e+07 4.005214e+07 4.005200e+07 4.005186e+07 4.005172e+07
9.486240e+13 4.020934e+07 4.021006e+07 4.017208e+07 4.009193e+07 4.006345e+07 4.005508e+07 4.005301e+07 4.005247e+07 4.005224e+07 4.005209e+07 4.005195e+07 4.005181e+07 4.005167e+07
9.233368e+13 4.021835e+07 4.021907e+07 4.017843e+07 4.009402e+07 4.006397e+07 4.005515e+07 4.005298e+07 4.005242e+07 4.005219e+07 4.005204e+07 4.005190e+07 4.005176e+07 4.005162e+07
8.989929e+13 4.022743e+07 4.022815e+07 4.018482e+07 4.009612e+07 4.006449e+07 4.005523e+07 4.005296e+07 4.005237e+07 4.005214e+07 4.005199e+07 4.005184e+07 4.005170e+07 4.005157e+07
8.747668e+13 4.023649e+07 4.023720e+07 4.019117e+07 4.009821e+07 4.006502e+07 4.005531e+07 4.005294e+07 4.005233e+07 4.005209e+07 4.005193e+07 4.005179e+07 4.005165e+07 4.005151e+07
8.514485e+13 4.024570e+07 4.024640e+07 4.019763e+07 4.010033e+07 4.006555e+07 4.005539e+07 4.005291e+07 4.005228e+07 4.005204e+07 4.005188e+07 4.005174e+07 4.005160e+07 4.005146e+07
8.289547e+13 4.025508e+07 4.025578e+07 4.020420e+07 4.010250e+07 4.006609e+07 4.005547e+07 4.005288e+07 4.005223e+07 4.005199e+07 4.005183e+07 4.005169e+07 4.005155e+07 4.005141e+07
8.066600e+13 4.026444e+07 4.026513e+07 4.021075e+07 4.010465e+07 4.006663e+07 4.005555e+07 4.005286e+07 4.005218e+07 4.005194e+07 4.005177e+07 4.005163e+07 4.005149e+07 4.005135e+07
7.851572e+13 4.027387e+07 4.027455e+07 4.021735e+07 4.010682e+07 4.006717e+07 4.005563e+07 4.005283e+07 4.005214e+07 4.005188e+07 4.005172e+07 4.005158e+07 4.005144e+07 4.005130e+07
7.642275e+13 4.028358e+07 4.028425e+07 4.022414e+07 4.010905e+07 4.006773e+07 4.005571e+07 4.005281e+07 4.005209e+07 4.005183e+07 4.005167e+07 4.005152e+07 4.005138e+07 4.005124e+07
7.439557e+13 4.029334e+07 4.029400e+07 4.023096e+07 4.011130e+07 4.006829e+07 4.005580e+07 4.005278e+07 4.005204e+07 4.005177e+07 4.005161e+07 4.005147e+07 4.005133e+07 4.005119e+07
7.240271e+13 4.030311e+07 4.030376e+07 4.023779e+07 4.011354e+07 4.006885e+07 4.005588e+07 4.005275e+07 4.005199e+07 4.005172e+07 4.005156e+07 4.005141e+07 4.005127e+07 4.005113e+07
7.047269e+13 4.031314e+07 4.031378e+07 4.024479e+07 4.011585e+07 4.006942e+07 4.005597e+07 4.005273e+07 4.005194e+07 4.005166e+07 4.005150e+07 4.005135e+07 4.005121e+07 4.005108e+07
6.860469e+13 4.032342e+07 4.032405e+07 4.025196e+07 4.011820e+07 4.007001e+07 4.005605e+07 4.005270e+07 4.005188e+07 4.005161e+07 4.005144e+07 4.005130e+07 4.005116e+07 4.005102e+07
6.676564e+13 4.033378e+07 4.033439e+07 4.025918e+07 4.012058e+07 4.007060e+07 4.005614e+07 4.005267e+07 4.005183e+07 4.005155e+07 4.005138e+07 4.005124e+07 4.005110e+07 4.005096e+07
6.498589e+13 4.034427e+07 4.034487e+07 4.026650e+07 4.012298e+07 4.007120e+07 4.005623e+07 4.005264e+07 4.005178e+07 4.005149e+07 4.005132e+07 4.005118e+07 4.005104e+07 4.005090e+07
6.325358e+13 4.035511e+07 4.035569e+07 4.027405e+07 4.012547e+07 4.007182e+07 4.005632e+07 4.005261e+07 4.005172e+07 4.005143e+07 4.005126e+07 4.005112e+07 4.005098e+07 4.005084e+07
6.158219e+13 4.036618e+07 4.036675e+07 4.028176e+07 4.012800e+07 4.007246e+07 4.005642e+07 4.005258e+07 4.005167e+07 4.005137e+07 4.005120e+07 4.005105e+07 4.005091e+07 4.005077e+07
5.992628e+13 4.037740e+07 4.037796e+07 4.028957e+07 4.013057e+07 4.007310e+07 4.005651e+07 4.005255e+07 4.005161e+07 4.005131e+07 4.005113e+07 4.005099e+07 4.005085e+07 4.005071e+07
5.832884e+13 4.038890e+07 4.038944e+07 4.029756e+07 4.013320e+07 4.007375e+07 4.005661e+07 4.005252e+07 4.005155e+07 4.005124e+07 4.005107e+07 4.005092e+07 4.005078e+07 4.005064e+07
5.677399e+13 4.040078e+07 4.040130e+07 4.030582e+07 4.013591e+07 4.007443e+07 4.005671e+07 4.005249e+07 4.005149e+07 4.005118e+07 4.005100e+07 4.005086e+07 4.005072e+07 4.005058e+07
5.526552e+13 4.041294e+07 4.041343e+07 4.031427e+07 4.013869e+07 4.007512e+07 4.005681e+07 4.005245e+07 4.005143e+07 4.005111e+07 4.005093e+07 4.005079e+07 4.005065e+07 4.005051e+07
5.378752e+13 4.042533e+07 4.042581e+07 4.032287e+07 4.014152e+07 4.007583e+07 4.005692e+07 4.005242e+07 4.005137e+07 4.005104e+07 4.005086e+07 4.005072e+07 4.005058e+07 4.005044e+07
5.235373e+13 4.043811e+07 4.043856e+07 4.033174e+07 4.014443e+07 4.007655e+07 4.005702e+07 4.005238e+07 4.005130e+07 4.005097e+07 4.005079e+07 4.005064e+07 4.005050e+07 4.005037e+07
5.095815e+13 4.045132e+07 4.045174e+07 4.034090e+07 4.014744e+07 4.007730e+07 4.005713e+07 4.005235e+07 4.005123e+07 4.005090e+07 4.005072e+07 4.005057e+07 4.005043e+07 4.005029e+07
4.960062e+13 4.046487e+07 4.046526e+07 4.035030e+07 4.015053e+07 4.007807e+07 4.005725e+07 4.005231e+07 4.005116e+07 4.005082e+07 4.005064e+07 4.005049e+07 4.005035e+07 4.005021e+07
4.827761e+13 4.047876e+07 4.047913e+07 4.035992e+07 4.015369e+07 4.007886e+07 4.005736e+07 4.005227e+07 4.005109e+07 4.005074e+07 4.005056e+07 4.005041e+07 4.005027e+07 4.005014e+07
4.699069e+13 4.049313e+07 4.049346e+07 4.036986e+07 4.015695e+07 4.007967e+07 4.005749e+07 4.005223e+07 4.005102e+07 4.005066e+07 4.005048e+07 4.005033e+07 4.005019e+07 4.005005e+07
4.573868e+13 4.050798e+07 4.050827e+07 4.038014e+07 4.016033e+07 4.008052e+07 4.005761e+07 4.005219e+07 4.005095e+07 4.005058e+07 4.005040e+07 4.005025e+07 4.005011e+07 4.004997e+07
4.451886e+13 4.052326e+07 4.052352e+07 4.039071e+07 4.016380e+07 4.008138e+07 4.005774e+07 4.005215e+07 4.005087e+07 4.005050e+07 4.005031e+07 4.005016e+07 4.005002e+07 4.004988e+07
4.333213e+13 4.053900e+07 4.053921e+07 4.040158e+07 4.016737e+07 4.008227e+07 4.005787e+07 4.005211e+07 4.005079e+07 4.005041e+07 4.005022e+07 4.005007e+07 4.004993e+07 4.004979e+07
4.217704e+13 4.055528e+07 4.055544e+07 4.041283e+07 4.017106e+07 4.008319e+07 4.005800e+07 4.005206e+07 4.005071e+07 4.005032e+07 4.005013e+07 4.004998e+07 4.004984e+07 4.004970e+07
4.105370e+13 4.057211e+07 4.057223e+07 4.042444e+07 4.017487e+07 4.008414e+07 4.005815e+07 4.005202e+07 4.005062e+07 4.005023e+07 4.005004e+07 4.004989e+07 4.004975e+07 4.004961e+07
3.995841e+13 4.058947e+07 4.058953e+07 4.043642e+07 4.017880e+07 4.008512e+07 4.005829e+07 4.005197e+07 4.005053e+07 4.005013e+07 4.004994e+07 4.004979e+07 4.004965e+07 4.004951e+07
3.889326e+13 4.060739e+07 4.060740e+07 4.044877e+07 4.018286e+07 4.008613e+07 4.005844e+07 4.005192e+07 4.005044e+07 4.005003e+07 4.004984e+07 4.004969e+07 4.004955e+07 4.004941e+07
3.785649e+13 4.062593e+07 4.062588e+07 4.046154e+07 4.018705e+07 4.008717e+07 4.005859e+07 4.005187e+07 4.005035e+07 4.004993e+07 4.004973e+07 4.004958e+07 4.004944e+07 4.004930e+07
3.684836e+13 4.064510e+07 4.064499e+07 4.047474e+07 4.019138e+07 4.008825e+07 4.005875e+07 4.005182e+07 4.005025e+07 4.004982e+07 4.004963e+07 4.004948e+07 4.004934e+07 4.004920e+07
3.586514e+13 4.066490e+07 4.066471e+07 4.048836e+07 4.019584e+07 4.008936e+07 4.005892e+07 4.005176e+07 4.005015e+07 4.004972e+07 4.004952e+07 4.004936e+07 4.004922e+07 4.004908e+07
3.490909e+13 4.068535e+07 4.068509e+07 4.050242e+07 4.020046e+07 4.009050e+07 4.005908e+07 4.005171e+07 4.005005e+07 4.004960e+07 4.004940e+07 4.004925e+07 4.004911e+07 4.004897e+07
3.397853e+13 4.070652e+07 4.070618e+07 4.051696e+07 4.020522e+07 4.009169e+07 4.005926e+07 4.005165e+07 4.004995e+07 4.004949e+07 4.004928e+07 4.004913e+07 4.004899e+07 4.004885e+07
3.307332e+13 4.072840e+07 4.072797e+07 4.053198e+07 4.021015e+07 4.009291e+07 4.005944e+07 4.005159e+07 4.004984e+07 4.004937e+07 4.004916e+07 4.004901e+07 4.004887e+07 4.004873e+07
3.219117e+13 4.075099e+07 4.075046e+07 4.054747e+07 4.021522e+07 4.009418e+07 4.005963e+07 4.005153e+07 4.004972e+07 4.004924e+07 4.004903e+07 4.004888e+07 4.004874e+07 4.004860e+07
3.133306e+13 4.077434e+07 4.077371e+07 4.056347e+07 4.022047e+07 4.009548e+07 4.005982e+07 4.005146e+07 4.004961e+07 4.004911e+07 4.004890e+07 4.004875e+07 4.004861e+07 4.004847e+07
3.049782e+13 4.079849e+07 4.079776e+07 4.058002e+07 4.022589e+07 4.009683e+07 4.006002e+07 4.005140e+07 4.004948e+07 4.004898e+07 4.004877e+07 4.004862e+07 4.004847e+07 4.004834e+07
2.968492e+13 4.082344e+07 4.082258e+07 4.059709e+07 4.023148e+07 4.009821e+07 4.006022e+07 4.005133e+07 4.004936e+07 4.004885e+07 4.004863e+07 4.004848e+07 4.004833e+07 4.004820e+07
2.889356e+13 4.084918e+07 4.084819e+07 4.061468e+07 4.023724e+07 4.009965e+07 4.006043e+07 4.005126e+07 4.004923e+07 4.004870e+07 4.004849e+07 4.004833e+07 4.004819e+07 4.004805e+07
2.812335e+13 4.087579e+07 4.087467e+07 4.063286e+07 4.024319e+07 4.010112e+07 4.006065e+07 4.005119e+07 4.004910e+07 4.004856e+07 4.004834e+07 4.004818e+07 4.004804e+07 4.004790e+07
2.737425e+13 4.090329e+07 4.090202e+07 4.065163e+07 4.024934e+07 4.010265e+07 4.006087e+07 4.005111e+07 4.004896e+07 4.004841e+07 4.004819e+07 4.004803e+07 4.004789e+07 4.004775e+07
2.664398e+13 4.093165e+07 4.093022e+07 4.067097e+07 4.025566e+07 4.010422e+07 4.006110e+07 4.005104e+07 4.004882e+07 4.004825e+07 4.004803e+07 4.004787e+07 4.004773e+07 4.004759e+07
2.593375e+13 4.096090e+07 4.095931e+07 4.069091e+07 4.026218e+07 4.010584e+07 4.006134e+07 4.005096e+07 4.004867e+07 4.004809e+07 4.004787e+07 4.004771e+07 4.004757e+07 4.004743e+07
2.524244e+13 4.099114e+07 4.098936e+07 4.071149e+07 4.026892e+07 4.010751e+07 4.006159e+07 4.005088e+07 4.004852e+07 4.004793e+07 4.004770e+07 4.004754e+07 4.004740e+07 4.004726e+07
2.457033e+13 4.102232e+07 4.102035e+07 4.073270e+07 4.027585e+07 4.010923e+07 4.006184e+07 4.005079e+07 4.004837e+07 4.004776e+07 4.004753e+07 4.004737e+07 4.004723e+07 4.004709e+07
2.391462e+13 4.105444e+07 4.105225e+07 4.075452e+07 4.028298e+07 4.011099e+07 4.006210e+07 4.005070e+07 4.004821e+07 4.004759e+07 4.004735e+07 4.004719e+07 4.004705e+07 4.004691e+07
2.327713e+13 4.108757e+07 4.108516e+07 4.077701e+07 4.029033e+07 4.011282e+07 4.006237e+07 4.005061e+07 4.004804e+07 4.004741e+07 4.004717e+07 4.004701e+07 4.004687e+07 4.004673e+07
2.265691e+13 4.112178e+07 4.111913e+07 4.080021e+07 4.029791e+07 4.011469e+07 4.006264e+07 4.005052e+07 4.004787e+07 4.004722e+07 4.004698e+07 4.004682e+07 4.004668e+07 4.004654e+07
2.205269e+13 4.115697e+07 4.115405e+07 4.082405e+07 4.030569e+07 4.011662e+07 4.006293e+07 4.005043e+07 4.004770e+07 4.004703e+07 4.004678e+07 4.004662e+07 4.004648e+07 4.004634e+07
2.146484e+13 4.119315e+07 4.118995e+07 4.084854e+07 4.031369e+07 4.011860e+07 4.006322e+07 4.005033e+07 4.004752e+07 4.004684e+07 4.004659e+07 4.004642e+07 4.004628e+07 4.004614e+07
2.089266e+13 4.123050e+07 4.122701e+07 4.087379e+07 4.032193e+07 4.012064e+07 4.006352e+07 4.005023e+07 4.004734e+07 4.004663e+07 4.004638e+07 4.004622e+07 4.004608e+07 4.004594e+07
2.033705e+13 4.126895e+07 4.126514e+07 4.089975e+07 4.033040e+07 4.012274e+07 4.006382e+07 4.005012e+07 4.004715e+07 4.004643e+07 4.004617e+07 4.004601e+07 4.004586e+07 4.004572e+07
1.979365e+13 4.130842e+07 4.130426e+07 4.092638e+07 4.033908e+07 4.012489e+07 4.006414e+07 4.005002e+07 4.004695e+07 4.004621e+07 4.004595e+07 4.004579e+07 4.004565e+07 4.004551e+07
1.926602e+13 4.134905e+07 4.134452e+07 4.095376e+07 4.034800e+07 4.012709e+07 4.006446e+07 4.004991e+07 4.004675e+07 4.004600e+07 4.004573e+07 4.004557e+07 4.004542e+07 4.004528e+07
1.875273e+13 4.139095e+07 4.138603e+07 4.098196e+07 4.035719e+07 4.012937e+07 4.006479e+07 4.004979e+07 4.004655e+07 4.004577e+07 4.004550e+07 4.004534e+07 4.004519e+07 4.004505e+07
1.825257e+13 4.143390e+07 4.142856e+07 4.101083e+07 4.036660e+07 4.013169e+07 4.006513e+07 4.004968e+07 4.004634e+07 4.004554e+07 4.004527e+07 4.004510e+07 4.004496e+07 4.004482e+07
1.776602e+13 4.147792e+07 4.147213e+07 4.104040e+07 4.037622e+07 4.013407e+07 4.006548e+07 4.004956e+07 4.004612e+07 4.004530e+07 4.004503e+07 4.004486e+07 4.004472e+07 4.004458e+07
1.729244e+13 4.152331e+07 4.151704e+07 4.107084e+07 4.038613e+07 4.013652e+07 4.006584e+07 4.004944e+07 4.004590e+07 4.004506e+07 4.004478e+07 4.004461e+07 4.004447e+07 4.004433e+07
1.683277e+13 4.156989e+07 4.156311e+07 4.110205e+07 4.039629e+07 4.013902e+07 4.006620e+07 4.004931e+07 4.004567e+07 4.004481e+07 4.004453e+07 4.004436e+07 4.004422e+07 4.004408e+07
1.638281e+13 4.161753e+07 4.161021e+07 4.113393e+07 4.040665e+07 4.014158e+07 4.006658e+07 4.004919e+07 4.004544e+07 4.004456e+07 4.004427e+07 4.004410e+07 4.004396e+07 4.004382e+07
1.594610e+13 4.166649e+07 4.165859e+07 4.116666e+07 4.041729e+07 4.014421e+07 4.006696e+07 4.004905e+07 4.004520e+07 4.004430e+07 4.004400e+07 4.004383e+07 4.004369e+07 4.004355e+07
1.552181e+13 4.171685e+07 4.170832e+07 4.120027e+07 4.042821e+07 4.014690e+07 4.006735e+07 4.004892e+07 4.004495e+07 4.004403e+07 4.004373e+07 4.004356e+07 4.004342e+07 4.004328e+07
1.510729e+13 4.176829e+07 4.175910e+07 4.123457e+07 4.043935e+07 4.014965e+07 4.006775e+07 4.004878e+07 4.004470e+07 4.004376e+07 4.004345e+07 4.004328e+07 4.004314e+07 4.004300e+07
1.470458e+13 4.182090e+07 4.181101e+07 4.126960e+07 4.045072e+07 4.015245e+07 4.006816e+07 4.004864e+07 4.004445e+07 4.004348e+07 4.004317e+07 4.004300e+07 4.004285e+07 4.004271e+07
1.431260e+13 4.187509e+07 4.186444e+07 4.130563e+07 4.046240e+07 4.015533e+07 4.006858e+07 4.004850e+07 4.004419e+07 4.004319e+07 4.004288e+07 4.004271e+07 4.004256e+07 4.004242e+07
1.393172e+13 4.193044e+07 4.191899e+07 4.134239e+07 4.047433e+07 4.015826e+07 4.006901e+07 4.004835e+07 4.004392e+07 4.004290e+07 4.004258e+07 4.004241e+07 4.004226e+07 4.004212e+07
1.355972e+13 4.198686e+07 4.197456e+07 4.137981e+07 4.048646e+07 4.016125e+07 4.006944e+07 4.004820e+07 4.004364e+07 4.004260e+07 4.004228e+07 4.004210e+07 4.004196e+07 4.004182e+07
1.319826e+13 4.204482e+07 4.203162e+07 4.141820e+07 4.049890e+07 4.016431e+07 4.006989e+07 4.004804e+07 4.004337e+07 4.004230e+07 4.004197e+07 4.004179e+07 4.004165e+07 4.004151e+07
1.284814e+13 4.210418e+07 4.209002e+07 4.145747e+07 4.051161e+07 4.016744e+07 4.007034e+07 4.004789e+07 4.004308e+07 4.004198e+07 4.004165e+07 4.004147e+07 4.004133e+07 4.004119e+07
1.250400e+13 4.216461e+07 4.214943e+07 4.149738e+07 4.052453e+07 4.017062e+07 4.007081e+07 4.004773e+07 4.004279e+07 4.004167e+07 4.004133e+07 4.004115e+07 4.004100e+07 4.004086e+07
1.217068e+13 4.222641e+07 4.221014e+07 4.153813e+07 4.053771e+07 4.017386e+07 4.007128e+07 4.004756e+07 4.004249e+07 4.004134e+07 4.004100e+07 4.004082e+07 4.004067e+07 4.004053e+07
1.184668e+13 4.228989e+07 4.227247e+07 4.157993e+07 4.055123e+07 4.017718e+07 4.007176e+07 4.004739e+07 4.004219e+07 4.004101e+07 4.004066e+07 4.004048e+07 4.004033e+07 4.004019e+07
1.153047e+13 4.235441e+07 4.233577e+07 4.162235e+07 4.056494e+07 4.018054e+07 4.007225e+07 4.004722e+07 4.004188e+07 4.004068e+07 4.004032e+07 4.004014e+07 4.003999e+07 4.003985e+07
1.122311e+13 4.242004e+07 4.240011e+07 4.166544e+07 4.057886e+07 4.018396e+07 4.007274e+07 4.004705e+07 4.004157e+07 4.004033e+07 4.003997e+07 4.003979e+07 4.003964e+07 4.003950e+07
1.092394e+13 4.248749e+07 4.246619e+07 4.170965e+07 4.059314e+07 4.018747e+07 4.007325e+07 4.004687e+07 4.004125e+07 4.003998e+07 4.003962e+07 4.003943e+07 4.003928e+07 4.003914e+07
1.063354e+13 4.255616e+07 4.253341e+07 4.175459e+07 4.060765e+07 4.019102e+07 4.007376e+07 4.004669e+07 4.004092e+07 4.003963e+07 4.003925e+07 4.003907e+07 4.003892e+07 4.003878e+07
1.034931e+13 4.262581e+07 4.260153e+07 4.180010e+07 4.062233e+07 4.019462e+07 4.007429e+07 4.004651e+07 4.004059e+07 4.003927e+07 4.003889e+07 4.003870e+07 4.003855e+07 4.003841e+07
1.007343e+13 4.269716e+07 4.267126e+07 4.184664e+07 4.063734e+07 4.019830e+07 4.007482e+07 4.004632e+07 4.004025e+07 4.003890e+07 4.003851e+07 4.003832e+07 4.003817e+07 4.003803e+07
9.806516e+12 4.277002e+07 4.274239e+07 4.189408e+07 4.065263e+07 4.020205e+07 4.007536e+07 4.004613e+07 4.003991e+07 4.003852e+07 4.003813e+07 4.003794e+07 4.003779e+07 4.003765e+07
9.543542e+12 4.284384e+07 4.281441e+07 4.194207e+07 4.066809e+07 4.020583e+07 4.007591e+07 4.004593e+07 4.003956e+07 4.003814e+07 4.003774e+07 4.003755e+07 4.003740e+07 4.003726e+07
9.289143e+12 4.291908e+07 4.288773e+07 4.199089e+07 4.068381e+07 4.020968e+07 4.007646e+07 4.004574e+07 4.003920e+07 4.003775e+07 4.003735e+07 4.003716e+07 4.003701e+07 4.003687e+07
9.042007e+12 4.299617e+07 4.296279e+07 4.204083e+07 4.069987e+07 4.021361e+07 4.007703e+07 4.004554e+07 4.003884e+07 4.003736e+07 4.003695e+07 4.003675e+07 4.003660e+07 4.003646e+07
8.800509e+12 4.307417e+07 4.303865e+07 4.209127e+07 4.071610e+07 4.021757e+07 4.007760e+07 4.004533e+07 4.003848e+07 4.003696e+07 4.003654e+07 4.003635e+07 4.003620e+07 4.003606e+07
8.565917e+12 4.315319e+07 4.311543e+07 4.214228e+07 4.073250e+07 4.022158e+07 4.007818e+07 4.004512e+07 4.003811e+07 4.003656e+07 4.003613e+07 4.003594e+07 4.003579e+07 4.003564e+07
8.337578e+12 4.323426e+07 4.319412e+07 4.219452e+07 4.074929e+07 4.022568e+07 4.007877e+07 4.004491e+07 4.003773e+07 4.003614e+07 4.003571e+07 4.003551e+07 4.003536e+07 4.003522e+07
8.115927e+12 4.331643e+07 4.327379e+07 4.224737e+07 4.076626e+07 4.022982e+07 4.007936e+07 4.004470e+07 4.003734e+07 4.003573e+07 4.003529e+07 4.003509e+07 4.003494e+07 4.003480e+07
7.898999e+12 4.339941e+07 4.335416e+07 4.230064e+07 4.078336e+07 4.023400e+07 4.007996e+07 4.004448e+07 4.003696e+07 4.003531e+07 4.003486e+07 4.003466e+07 4.003451e+07 4.003437e+07
7.688438e+12 4.348424e+07 4.343622e+07 4.235501e+07 4.080081e+07 4.023825e+07 4.008057e+07 4.004426e+07 4.003656e+07 4.003488e+07 4.003442e+07 4.003422e+07 4.003407e+07 4.003393e+07
7.485052e+12 4.357056e+07 4.351963e+07 4.241022e+07 4.081851e+07 4.024256e+07 4.008119e+07 4.004404e+07 4.003616e+07 4.003444e+07 4.003398e+07 4.003378e+07 4.003362e+07 4.003348e+07
7.284005e+12 4.365766e+07 4.360368e+07 4.246582e+07 4.083633e+07 4.024690e+07 4.008182e+07 4.004381e+07 4.003576e+07 4.003400e+07 4.003353e+07 4.003333e+07 4.003318e+07 4.003304e+07
7.089838e+12 4.374619e+07 4.368901e+07 4.252222e+07 4.085439e+07 4.025130e+07 4.008245e+07 4.004359e+07 4.003535e+07 4.003356e+07 4.003308e+07 4.003287e+07 4.003272e+07 4.003258e+07
6.901326e+12 4.383667e+07 4.377609e+07 4.257975e+07 4.087280e+07 4.025578e+07 4.008309e+07 4.004335e+07 4.003494e+07 4.003310e+07 4.003262e+07 4.003241e+07 4.003226e+07 4.003212e+07
6.716893e+12 4.392782e+07 4.386371e+07 4.263760e+07 4.089132e+07 4.026029e+07 4.008374e+07 4.004312e+07 4.003452e+07 4.003265e+07 4.003216e+07 4.003195e+07 4.003179e+07 4.003165e+07
6.537843e+12 4.401984e+07 4.395204e+07 4.269588e+07 4.090996e+07 4.026482e+07 4.008438e+07 4.004288e+07 4.003410e+07 4.003219e+07 4.003169e+07 4.003148e+07 4.003132e+07 4.003118e+07
6.363566e+12 4.411406e+07 4.404236e+07 4.275544e+07 4.092900e+07 4.026944e+07 4.008505e+07 4.004264e+07 4.003367e+07 4.003172e+07 4.003121e+07 4.003100e+07 4.003085e+07 4.003070e+07
6.194527e+12 4.420924e+07 4.413345e+07 4.281548e+07 4.094818e+07 4.027410e+07 4.008571e+07 4.004239e+07 4.003323e+07 4.003125e+07 4.003073e+07 4.003052e+07 4.003036e+07 4.003022e+07
6.028825e+12 4.430498e+07 4.422496e+07 4.287575e+07 4.096743e+07 4.027877e+07 4.008638e+07 4.004215e+07 4.003280e+07 4.003077e+07 4.003025e+07 4.003003e+07 4.002988e+07 4.002974e+07
5.868117e+12 4.440261e+07 4.431813e+07 4.293709e+07 4.098700e+07 4.028352e+07 4.008706e+07 4.004190e+07 4.003235e+07 4.003029e+07 4.002976e+07 4.002954e+07 4.002939e+07 4.002924e+07
5.712843e+12 4.450177e+07 4.441260e+07 4.299926e+07 4.100684e+07 4.028833e+07 4.008774e+07 4.004165e+07 4.003190e+07 4.002980e+07 4.002926e+07 4.002904e+07 4.002889e+07 4.002874e+07
5.559438e+12 4.460138e+07 4.450735e+07 4.306157e+07 4.102671e+07 4.029315e+07 4.008843e+07 4.004139e+07 4.003145e+07 4.002931e+07 4.002876e+07 4.002854e+07 4.002839e+07 4.002824e+07
5.411242e+12 4.470217e+07 4.460306e+07 4.312448e+07 4.104676e+07 4.029801e+07 4.008912e+07 4.004114e+07 4.003100e+07 4.002881e+07 4.002826e+07 4.002804e+07 4.002788e+07 4.002774e+07
5.266999e+12 4.480524e+07 4.470077e+07 4.318869e+07 4.106722e+07 4.030296e+07 4.008983e+07 4.004087e+07 4.003054e+07 4.002831e+07 4.002775e+07 4.002752e+07 4.002737e+07 4.002722e+07
5.126596e+12 4.490871e+07 4.479869e+07 4.325301e+07 4.108770e+07 4.030791e+07 4.009053e+07 4.004061e+07 4.003007e+07 4.002780e+07 4.002723e+07 4.002701e+07 4.002685e+07 4.002671e+07
4.989938e+12 4.501247e+07 4.489672e+07 4.331737e+07 4.110818e+07 4.031287e+07 4.009124e+07 4.004035e+07 4.002961e+07 4.002730e+07 4.002672e+07 4.002649e+07 4.002633e+07 4.002619e+07
4.856923e+12 4.511851e+07 4.499672e+07 4.338302e+07 4.112906e+07 4.031791e+07 4.009195e+07 4.004008e+07 4.002913e+07 4.002678e+07 4.002619e+07 4.002596e+07 4.002581e+07 4.002567e+07
4.728631e+12 4.522577e+07 4.509766e+07 4.344926e+07 4.115012e+07 4.032300e+07 4.009268e+07 4.003981e+07 4.002866e+07 4.002626e+07 4.002566e+07 4.002543e+07 4.002528e+07 4.002513e+07
4.601436e+12 4.533321e+07 4.519859e+07 4.351546e+07 4.117116e+07 4.032808e+07 4.009340e+07 4.003954e+07 4.002818e+07 4.002574e+07 4.002514e+07 4.002490e+07 4.002475e+07 4.002460e+07
4.478777e+12 4.544196e+07 4.530055e+07 4.358230e+07 4.119240e+07 4.033321e+07 4.009412e+07 4.003927e+07 4.002770e+07 4.002522e+07 4.002460e+07 4.002437e+07 4.002421e+07 4.002407e+07
4.359455e+12 4.555297e+07 4.540442e+07 4.365039e+07 4.121403e+07 4.033842e+07 4.009486e+07 4.003899e+07 4.002720e+07 4.002468e+07 4.002406e+07 4.002382e+07 4.002366e+07 4.002352e+07
4.243181e+12 4.566407e+07 4.550818e+07 4.371840e+07 4.123561e+07 4.034363e+07 4.009560e+07 4.003871e+07 4.002671e+07 4.002415e+07 4.002352e+07 4.002328e+07 4.002312e+07 4.002298e+07
4.130072e+12 4.577521e+07 4.561176e+07 4.378629e+07 4.125715e+07 4.034882e+07 4.009633e+07 4.003843e+07 4.002623e+07 4.002362e+07 4.002297e+07 4.002273e+07 4.002258e+07 4.002243e+07
4.019978e+12 4.588864e+07 4.571726e+07 4.385541e+07 4.127908e+07 4.035410e+07 4.009708e+07 4.003815e+07 4.002573e+07 4.002307e+07 4.002242e+07 4.002218e+07 4.002202e+07 4.002188e+07
3.913809e+12 4.600335e+07 4.582370e+07 4.392517e+07 4.130119e+07 4.035942e+07 4.009783e+07 4.003786e+07 4.002522e+07 4.002253e+07 4.002187e+07 4.002162e+07 4.002146e+07 4.002132e+07
3.808516e+12 4.611790e+07 4.592977e+07 4.399470e+07 4.132322e+07 4.036472e+07 4.009858e+07 4.003757e+07 4.002472e+07 4.002198e+07 4.002131e+07 4.002107e+07 4.002091e+07 4.002076e+07
3.706994e+12 4.623336e+07 4.603645e+07 4.406464e+07 4.134538e+07 4.037004e+07 4.009933e+07 4.003729e+07 4.002422e+07 4.002143e+07 4.002076e+07 4.002051e+07 4.002035e+07 4.002020e+07
3.608178e+12 4.635114e+07 4.614501e+07 4.413580e+07 4.136791e+07 4.037546e+07 4.010009e+07 4.003699e+07 4.002371e+07 4.002087e+07 4.002019e+07 4.001994e+07 4.001978e+07 4.001964e+07
3.512434e+12 4.646923e+07 4.625360e+07 4.420701e+07 4.139045e+07 4.038087e+07 4.010085e+07 4.003670e+07 4.002319e+07 4.002032e+07 4.001962e+07 4.001937e+07 4.001921e+07 4.001907e+07
3.418378e+12 4.658700e+07 4.636163e+07 4.427789e+07 4.141287e+07 4.038625e+07 4.010161e+07 4.003641e+07 4.002268e+07 4.001976e+07 4.001906e+07 4.001880e+07 4.001864e+07 4.001850e+07
3.327255e+12 4.670650e+07 4.647099e+07 4.434963e+07 4.143556e+07 4.039170e+07 4.010238e+07 4.003611e+07 4.002216e+07 4.001920e+07 4.001849e+07 4.001823e+07 4.001807e+07 4.001793e+07
3.238646e+12 4.682819e+07 4.658208e+07 4.442253e+07 4.145860e+07 4.039722e+07 4.010315e+07 4.003581e+07 4.002164e+07 4.001863e+07 4.001790e+07 4.001765e+07 4.001749e+07 4.001734e+07
3.152233e+12 4.694945e+07 4.669249e+07 4.449501e+07 4.148150e+07 4.040271e+07 4.010392e+07 4.003551e+07 4.002112e+07 4.001806e+07 4.001733e+07 4.001707e+07 4.001691e+07 4.001676e+07
3.068205e+12 4.707026e+07 4.680221e+07 4.456708e+07 4.150427e+07 4.040816e+07 4.010469e+07 4.003521e+07 4.002060e+07 4.001749e+07 4.001675e+07 4.001649e+07 4.001633e+07 4.001619e+07
2.986417e+12 4.719332e+07 4.691368e+07 4.464032e+07 4.152740e+07 4.041370e+07 4.010546e+07 4.003491e+07 4.002007e+07 4.001692e+07 4.001617e+07 4.001591e+07 4.001574e+07 4.001560e+07
2.907130e+12 4.731817e+07 4.702647e+07 4.471445e+07 4.155081e+07 4.041930e+07 4.010625e+07 4.003460e+07 4.001954e+07 4.001634e+07 4.001558e+07 4.001532e+07 4.001515e+07 4.001501e+07
2.829323e+12 4.744243e+07 4.713842e+07 4.478806e+07 4.157404e+07 4.042486e+07 4.010703e+07 4.003430e+07 4.001900e+07 4.001576e+07 4.001499e+07 4.001473e+07 4.001456e+07 4.001442e+07
2.753903e+12 4.756651e+07 4.724989e+07 4.486138e+07 4.159717e+07 4.043039e+07 4.010780e+07 4.003399e+07 4.001848e+07 4.001519e+07 4.001441e+07 4.001414e+07 4.001398e+07 4.001383e+07
2.680493e+12 4.769282e+07 4.736307e+07 4.493585e+07 4.162066e+07 4.043601e+07 4.010858e+07 4.003369e+07 4.001794e+07 4.001460e+07 4.001382e+07 4.001355e+07 4.001338e+07 4.001324e+07
2.609337e+12 4.782083e+07 4.747743e+07 4.501116e+07 4.164440e+07 4.044168e+07 4.010938e+07 4.003337e+07 4.001740e+07 4.001401e+07 4.001322e+07 4.001294e+07 4.001278e+07 4.001264e+07
2.539492e+12 4.794803e+07 4.759074e+07 4.508584e+07 4.166794e+07 4.044730e+07 4.011016e+07 4.003306e+07 4.001686e+07 4.001343e+07 4.001262e+07 4.001235e+07 4.001218e+07 4.001204e+07
2.471797e+12 4.807485e+07 4.770338e+07 4.516014e+07 4.169135e+07 4.045288e+07 4.011094e+07 4.003275e+07 4.001632e+07 4.001285e+07 4.001203e+07 4.001175e+07 4.001159e+07 4.001144e+07
2.405907e+12 4.820383e+07 4.781759e+07 4.523555e+07 4.171511e+07 4.045855e+07 4.011173e+07 4.003244e+07 4.001578e+07 4.001226e+07 4.001143e+07 4.001115e+07 4.001099e+07 4.001084e+07
2.341804e+12 4.833498e+07 4.793338e+07 4.531204e+07 4.173920e+07 4.046429e+07 4.011253e+07 4.003212e+07 4.001523e+07 4.001166e+07 4.001082e+07 4.001054e+07 4.001037e+07 4.001023e+07
2.279350e+12 4.846521e+07 4.804799e+07 4.538779e+07 4.176305e+07 4.046997e+07 4.011332e+07 4.003180e+07 4.001468e+07 4.001106e+07 4.001022e+07 4.000994e+07 4.000977e+07 4.000962e+07
2.218590e+12 4.859443e+07 4.816137e+07 4.546278e+07 4.178665e+07 4.047560e+07 4.011410e+07 4.003149e+07 4.001414e+07 4.001047e+07 4.000962e+07 4.000934e+07 4.000917e+07 4.000903e+07
2.159450e+12 4.872577e+07 4.827626e+07 4.553881e+07 4.181058e+07 4.048130e+07 4.011489e+07 4.003117e+07 4.001359e+07 4.000988e+07 4.000901e+07 4.000873e+07 4.000856e+07 4.000842e+07
2.101886e+12 4.885926e+07 4.839264e+07 4.561591e+07 4.183484e+07 4.048707e+07 4.011569e+07 4.003085e+07 4.001303e+07 4.000927e+07 4.000840e+07 4.000811e+07 4.000794e+07 4.000780e+07
2.046329e+12 4.899273e+07 4.850862e+07 4.569282e+07 4.185904e+07 4.049283e+07 4.011649e+07 4.003053e+07 4.001248e+07 4.000867e+07 4.000779e+07 4.000750e+07 4.000733e+07 4.000718e+07
1.991321e+12 4.912498e+07 4.862316e+07 4.576883e+07 4.188296e+07 4.049851e+07 4.011728e+07 4.003021e+07 4.001193e+07 4.000807e+07 4.000718e+07 4.000689e+07 4.000672e+07 4.000658e+07
1.938239e+12 4.925817e+07 4.873815e+07 4.584519e+07 4.190699e+07 4.050422e+07 4.011807e+07 4.002989e+07 4.001138e+07 4.000747e+07 4.000657e+07 4.000628e+07 4.000611e+07 4.000596e+07
1.886572e+12 4.939343e+07 4.885452e+07 4.592256e+07 4.193133e+07 4.051000e+07 4.011887e+07 4.002956e+07 4.001082e+07 4.000687e+07 4.000595e+07 4.000566e+07 4.000549e+07 4.000535e+07
1.836382e+12 4.953053e+07 4.897207e+07 4.600079e+07 4.195595e+07 4.051584e+07 4.011968e+07 4.002923e+07 4.001025e+07 4.000625e+07 4.000533e+07 4.000503e+07 4.000486e+07 4.000472e+07
1.787334e+12 4.966631e+07 4.908807e+07 4.607807e+07 4.198026e+07 4.052161e+07 4.012048e+07 4.002891e+07 4.000969e+07 4.000565e+07 4.000471e+07 4.000441e+07 4.000424e+07 4.000410e+07
1.739689e+12 4.980090e+07 4.920265e+07 4.615447e+07 4.200430e+07 4.052732e+07 4.012126e+07 4.002859e+07 4.000914e+07 4.000504e+07 4.000410e+07 4.000380e+07 4.000363e+07 4.000349e+07
1.693315e+12 4.993749e+07 4.931851e+07 4.623182e+07 4.202864e+07 4.053309e+07 4.012206e+07 4.002826e+07 4.000858e+07 4.000444e+07 4.000348e+07 4.000318e+07 4.000301e+07 4.000287e+07
1.648177e+12 5.007608e+07 4.943567e+07 4.631012e+07 4.205328e+07 4.053893e+07 4.012286e+07 4.002793e+07 4.000801e+07 4.000382e+07 4.000286e+07 4.000255e+07 4.000238e+07 4.000224e+07
1.604474e+12 5.021595e+07 4.955350e+07 4.638896e+07 4.207809e+07 4.054481e+07 4.012367e+07 4.002759e+07 4.000744e+07 4.000320e+07 4.000223e+07 4.000192e+07 4.000175e+07 4.000160e+07
1.561478e+12 5.035429e+07 4.966974e+07 4.646684e+07 4.210259e+07 4.055061e+07 4.012447e+07 4.002726e+07 4.000687e+07 4.000259e+07 4.000160e+07 4.000130e+07 4.000112e+07 4.000098e+07
1.519854e+12 5.049171e+07 4.978479e+07 4.654436e+07 4.212698e+07 4.055639e+07 4.012527e+07 4.002693e+07 4.000631e+07 4.000197e+07 4.000098e+07 4.000067e+07 4.000050e+07 4.000035e+07
1.479340e+12 5.063103e+07 4.990094e+07 4.662312e+07 4.215176e+07 4.056225e+07 4.012607e+07 4.002660e+07 4.000574e+07 4.000135e+07 4.000035e+07 4.000004e+07 3.999987e+07 3.999972e+07
1.439906e+12 5.077229e+07 5.001823e+07 4.670313e+07 4.217694e+07 4.056821e+07 4.012689e+07 4.002626e+07 4.000515e+07 4.000072e+07 3.999971e+07 3.999940e+07 3.999922e+07 3.999908e+07
1.401525e+12 5.091550e+07 5.013668e+07 4.678420e+07 4.220251e+07 4.057426e+07 4.012772e+07 4.002591e+07 4.000456e+07 4.000008e+07 3.999906e+07 3.999874e+07 3.999857e+07 3.999842e+07
1.364163e+12 5.105700e+07 5.025327e+07 4.686409e+07 4.222784e+07 4.058024e+07 4.012854e+07 4.002557e+07 4.000398e+07 3.999945e+07 3.999841e+07 3.999810e+07 3.999792e+07 3.999778e+07
1.327799e+12 5.119716e+07 5.036832e+07 4.694300e+07 4.225279e+07 4.058614e+07 4.012935e+07 4.002523e+07 4.000340e+07 3.999882e+07 3.999778e+07 3.999746e+07 3.999728e+07 3.999714e+07
1.292404e+12 5.133968e+07 5.048487e+07 4.702302e+07 4.227800e+07 4.059209e+07 4.013016e+07 4.002489e+07 4.000282e+07 3.999819e+07 3.999714e+07 3.999681e+07 3.999664e+07 3.999649e+07
1.257953e+12 5.148463e+07 5.060292e+07 4.710389e+07 4.230349e+07 4.059810e+07 4.013098e+07 4.002454e+07 4.000223e+07 3.999755e+07 3.999649e+07 3.999616e+07 3.999598e+07 3.999584e+07
1.224420e+12 5.163207e+07 5.072250e+07 4.718562e+07 4.232925e+07 4.060417e+07 4.013181e+07 4.002419e+07 4.000163e+07 3.999690e+07 3.999583e+07 3.999550e+07 3.999533e+07 3.999518e+07
1.192079e+12 5.178063e+07 5.084249e+07 4.726745e+07 4.235504e+07 4.061025e+07 4.013264e+07 4.002384e+07 4.000103e+07 3.999625e+07 3.999517e+07 3.999484e+07 3.999466e+07 3.999452e+07
1.160012e+12 5.192756e+07 5.096066e+07 4.734796e+07 4.238042e+07 4.061624e+07 4.013346e+07 4.002349e+07 4.000044e+07 3.999561e+07 3.999452e+07 3.999419e+07 3.999401e+07 3.999387e+07
1.129090e+12 5.207370e+07 5.107774e+07 4.742785e+07 4.240560e+07 4.062217e+07 4.013427e+07 4.002314e+07 3.999986e+07 3.999498e+07 3.999388e+07 3.999354e+07 3.999337e+07 3.999322e+07
1.098993e+12 5.222154e+07 5.119574e+07 4.750849e+07 4.243103e+07 4.062817e+07 4.013509e+07 4.002280e+07 3.999927e+07 3.999434e+07 3.999323e+07 3.999289e+07 3.999271e+07 3.999257e+07
1.069697e+12 5.237097e+07 5.131465e+07 4.758990e+07 4.245671e+07 4.063422e+07 4.013591e+07 4.002244e+07 3.999867e+07 3.999369e+07 3.999257e+07 3.999223e+07 3.999205e+07 3.999191e+07
1.041183e+12 5.252173e+07 5.143447e+07 4.767208e+07 4.248264e+07 4.064032e+07 4.013674e+07 4.002209e+07 3.999807e+07 3.999304e+07 3.999191e+07 3.999157e+07 3.999139e+07 3.999124e+07
1.013553e+12 5.267268e+07 5.155462e+07 4.775468e+07 4.250871e+07 4.064645e+07 4.013757e+07 4.002173e+07 3.999746e+07 3.999238e+07 3.999124e+07 3.999090e+07 3.999072e+07 3.999057e+07
9.864135e+11 5.281952e+07 5.167225e+07 4.783573e+07 4.253429e+07 4.065247e+07 4.013839e+07 4.002138e+07 3.999686e+07 3.999174e+07 3.999058e+07 3.999024e+07 3.999006e+07 3.998991e+07
9.601190e+11 5.296206e+07 5.178778e+07 4.791553e+07 4.255948e+07 4.065839e+07 4.013919e+07 4.002103e+07 3.999628e+07 3.999110e+07 3.998994e+07 3.998959e+07 3.998941e+07 3.998926e+07
9.345254e+11 5.310313e+07 5.190404e+07 4.799601e+07 4.258488e+07 4.066436e+07 4.014000e+07 4.002068e+07 3.999569e+07 3.999046e+07 3.998929e+07 3.998894e+07 3.998876e+07 3.998861e+07
9.096141e+11 5.324227e+07 5.202102e+07 4.807717e+07 4.261051e+07 4.067039e+07 4.014082e+07 4.002032e+07 3.999509e+07 3.998981e+07 3.998863e+07 3.998828e+07 3.998810e+07 3.998795e+07
8.853668e+11 5.337923e+07 5.213876e+07 4.815900e+07 4.263637e+07 4.067646e+07 4.014164e+07 4.001996e+07 3.999448e+07 3.998916e+07 3.998796e+07 3.998761e+07 3.998743e+07 3.998728e+07
8.617659e+11 5.351390e+07 5.225725e+07 4.824151e+07 4.266245e+07 4.068258e+07 4.014247e+07 4.001960e+07 3.999388e+07 3.998850e+07 3.998729e+07 3.998694e+07 3.998676e+07 3.998661e+07
8.389448e+11 5.364539e+07 5.237569e+07 4.832414e+07 4.268859e+07 4.068871e+07 4.014330e+07 4.001924e+07 3.999326e+07 3.998784e+07 3.998662e+07 3.998627e+07 3.998608e+07 3.998594e+07
8.164347e+11 5.377045e+07 5.249103e+07 4.840477e+07 4.271411e+07 4.069470e+07 4.014410e+07 4.001888e+07 3.999267e+07 3.998719e+07 3.998597e+07 3.998561e+07 3.998543e+07 3.998528e+07
7.946713e+11 5.389014e+07 5.260392e+07 4.848388e+07 4.273916e+07 4.070057e+07 4.014490e+07 4.001854e+07 3.999208e+07 3.998655e+07 3.998532e+07 3.998496e+07 3.998478e+07 3.998463e+07
7.734880e+11 5.400772e+07 5.271737e+07 4.856357e+07 4.276440e+07 4.070648e+07 4.014569e+07 4.001818e+07 3.999149e+07 3.998592e+07 3.998467e+07 3.998431e+07 3.998413e+07 3.998398e+07
7.528694e+11 5.412322e+07 5.283137e+07 4.864384e+07 4.278984e+07 4.071244e+07 4.014650e+07 4.001783e+07 3.999090e+07 3.998527e+07 3.998402e+07 3.998365e+07 3.998347e+07 3.998332e+07
7.328004e+11 5.423667e+07 5.294592e+07 4.872467e+07 4.281547e+07 4.071844e+07 4.014730e+07 4.001747e+07 3.999029e+07 3.998462e+07 3.998336e+07 3.998299e+07 3.998281e+07 3.998266e+07
7.132664e+11 5.434808e+07 5.306102e+07 4.880606e+07 4.284130e+07 4.072449e+07 4.014812e+07 4.001711e+07 3.998969e+07 3.998396e+07 3.998269e+07 3.998232e+07 3.998214e+07 3.998199e+07
6.942531e+11 5.445749e+07 5.317668e+07 4.888803e+07 4.286733e+07 4.073057e+07 4.014893e+07 4.001674e+07 3.998908e+07 3.998330e+07 3.998202e+07 3.998165e+07 3.998147e+07 3.998132e+07
6.757007e+11 5.456521e+07 5.329320e+07 4.897078e+07 4.289361e+07 4.073672e+07 4.014976e+07 4.001637e+07 3.998846e+07 3.998264e+07 3.998134e+07 3.998097e+07 3.998078e+07 3.998064e+07
6.577335e+11 5.467294e+07 5.341240e+07 4.905561e+07 4.292057e+07 4.074303e+07 4.015060e+07 4.001600e+07 3.998783e+07 3.998195e+07 3.998065e+07 3.998027e+07 3.998008e+07 3.997994e+07
6.402005e+11 5.478015e+07 5.353381e+07 4.914227e+07 4.294812e+07 4.074947e+07 4.015147e+07 4.001561e+07 3.998718e+07 3.998125e+07 3.997993e+07 3.997956e+07 3.997937e+07 3.997922e+07
6.231349e+11 5.488517e+07 5.365557e+07 4.922943e+07 4.297584e+07 4.075595e+07 4.015233e+07 4.001522e+07 3.998653e+07 3.998054e+07 3.997922e+07 3.997884e+07 3.997865e+07 3.997850e+07
6.065242e+11 5.498803e+07 5.377764e+07 4.931707e+07 4.300373e+07 4.076247e+07 4.015321e+07 4.001482e+07 3.998587e+07 3.997983e+07 3.997849e+07 3.997811e+07 3.997793e+07 3.997778e+07
5.903563e+11 5.508876e+07 5.389999e+07 4.940519e+07 4.303179e+07 4.076902e+07 4.015408e+07 4.001442e+07 3.998521e+07 3.997911e+07 3.997777e+07 3.997738e+07 3.997720e+07 3.997705e+07
5.746193e+11 5.518741e+07 5.402258e+07 4.949377e+07 4.306003e+07 4.077562e+07 4.015496e+07 4.001402e+07 3.998454e+07 3.997839e+07 3.997704e+07 3.997665e+07 3.997646e+07 3.997631e+07
5.593019e+11 5.528403e+07 5.414538e+07 4.958282e+07 4.308846e+07 4.078225e+07 4.015585e+07 4.001362e+07 3.998387e+07 3.997767e+07 3.997630e+07 3.997591e+07 3.997572e+07 3.997557e+07
5.443928e+11 5.537870e+07 5.426834e+07 4.967233e+07 4.311706e+07 4.078893e+07 4.015673e+07 4.001321e+07 3.998319e+07 3.997694e+07 3.997556e+07 3.997516e+07 3.997498e+07 3.997483e+07
5.285283e+11 5.548104e+07 5.440407e+07 4.977152e+07 4.314879e+07 4.079633e+07 4.015772e+07 4.001276e+07 3.998244e+07 3.997612e+07 3.997473e+07 3.997434e+07 3.997415e+07 3.997400e+07
5.157562e+11 5.560294e+07 5.456959e+07 4.989310e+07 4.318775e+07 4.080541e+07 4.015893e+07 4.001220e+07 3.998152e+07 3.997513e+07 3.997372e+07 3.997332e+07 3.997313e+07 3.997298e+07
5.020078e+11 5.573297e+07 5.475102e+07 5.002751e+07 4.323095e+07 4.081548e+07 4.016026e+07 4.001158e+07 3.998049e+07 3.997402e+07 3.997259e+07 3.997219e+07 3.997200e+07 3.997185e+07
4.886260e+11 5.585853e+07 5.492989e+07 5.016167e+07 4.327428e+07 4.082557e+07 4.016160e+07 4.001096e+07 3.997946e+07 3.997290e+07 3.997146e+07 3.997105e+07 3.997086e+07 3.997071e+07
4.756008e+11 5.597994e+07 5.510451e+07 5.029504e+07 4.331768e+07 4.083567e+07 4.016293e+07 4.001033e+07 3.997842e+07 3.997178e+07 3.997032e+07 3.996991e+07 3.996972e+07 3.996957e+07
4.629229e+11 5.609754e+07 5.527254e+07 5.042684e+07 4.336102e+07 4.084575e+07 4.016425e+07 4.000969e+07 3.997737e+07 3.997065e+07 3.996917e+07 3.996876e+07 3.996857e+07 3.996842e+07
4.505573e+11 5.621193e+07 5.543102e+07 5.055621e+07 4.340427e+07 4.085581e+07 4.016556e+07 4.000904e+07 3.997632e+07 3.996951e+07 3.996802e+07 3.996760e+07 3.996741e+07 3.996726e+07
4.385718e+11 5.634752e+07 5.560659e+07 5.070867e+07 4.345652e+07 4.086796e+07 4.016712e+07 4.000823e+07 3.997502e+07 3.996811e+07 3.996660e+07 3.996618e+07 3.996599e+07 3.996584e+07
4.268809e+11 5.649270e+07 5.577639e+07 5.087082e+07 4.351401e+07 4.088132e+07 4.016881e+07 4.000732e+07 3.997356e+07 3.996655e+07 3.996501e+07 3.996459e+07 3.996439e+07 3.996424e+07
4.155017e+11 5.662445e+07 5.592252e+07 5.102011e+07 4.356806e+07 4.089388e+07 4.017038e+07 4.000643e+07 3.997217e+07 3.996505e+07 3.996349e+07 3.996307e+07 3.996287e+07 3.996272e+07
4.044258e+11 5.674386e+07 5.605281e+07 5.115943e+07 4.361919e+07 4.090573e+07 4.017185e+07 4.000559e+07 3.997085e+07 3.996363e+07 3.996205e+07 3.996162e+07 3.996142e+07 3.996127e+07
3.932530e+11 5.685619e+07 5.617619e+07 5.129500e+07 4.366950e+07 4.091739e+07 4.017329e+07 4.000475e+07 3.996954e+07 3.996222e+07 3.996062e+07 3.996019e+07 3.995999e+07 3.995984e+07
3.831519e+11 5.697091e+07 5.630441e+07 5.143820e+07 4.372295e+07 4.092975e+07 4.017481e+07 4.000385e+07 3.996814e+07 3.996072e+07 3.995910e+07 3.995866e+07 3.995846e+07 3.995831e+07
3.729383e+11 5.708857e+07 5.643870e+07 5.159077e+07 4.378003e+07 4.094296e+07 4.017642e+07 4.000289e+07 3.996664e+07 3.995911e+07 3.995747e+07 3.995703e+07 3.995683e+07 3.995668e+07
3.629970e+11 5.720458e+07 5.657367e+07 5.174608e+07 4.383853e+07 4.095649e+07 4.017807e+07 4.000189e+07 3.996510e+07 3.995745e+07 3.995579e+07 3.995534e+07 3.995514e+07 3.995499e+07
3.532304e+11 5.732058e+07 5.671080e+07 5.190602e+07 4.389923e+07 4.097051e+07 4.017977e+07 4.000085e+07 3.996349e+07 3.995573e+07 3.995404e+07 3.995359e+07 3.995339e+07 3.995324e+07
3.439024e+11 5.743751e+07 5.685088e+07 5.207208e+07 4.396276e+07 4.098519e+07 4.018154e+07 3.999976e+07 3.996180e+07 3.995391e+07 3.995220e+07 3.995175e+07 3.995154e+07 3.995139e+07
3.347351e+11 5.755398e+07 5.699186e+07 5.224230e+07 4.402842e+07 4.100036e+07 4.018337e+07 3.999861e+07 3.996004e+07 3.995203e+07 3.995029e+07 3.994983e+07 3.994963e+07 3.994948e+07
3.258122e+11 5.766915e+07 5.713233e+07 5.241519e+07 4.409565e+07 4.101588e+07 4.018523e+07 3.999743e+07 3.995822e+07 3.995009e+07 3.994833e+07 3.994786e+07 3.994765e+07 3.994750e+07
3.171313e+11 5.778297e+07 5.727177e+07 5.259018e+07 4.416428e+07 4.103171e+07 4.018711e+07 3.999621e+07 3.995637e+07 3.994810e+07 3.994631e+07 3.994584e+07 3.994563e+07 3.994548e+07
3.086736e+11 5.789569e+07 5.741013e+07 5.276711e+07 4.423423e+07 4.104784e+07 4.018902e+07 3.999497e+07 3.995446e+07 3.994606e+07 3.994425e+07 3.994377e+07 3.994356e+07 3.994341e+07
3.004454e+11 5.800799e+07 5.754789e+07 5.294645e+07 4.430575e+07 4.106433e+07 4.019096e+07 3.999368e+07 3.995251e+07 3.994397e+07 3.994213e+07 3.994164e+07 3.994143e+07 3.994128e+07
2.924611e+11 5.811990e+07 5.768486e+07 5.312760e+07 4.437868e+07 4.108114e+07 4.019293e+07 3.999235e+07 3.995050e+07 3.994182e+07 3.993995e+07 3.993946e+07 3.993925e+07 3.993910e+07
2.846411e+11 5.823059e+07 5.781975e+07 5.330876e+07 4.445236e+07 4.109811e+07 4.019491e+07 3.999100e+07 3.994846e+07 3.993964e+07 3.993774e+07 3.993725e+07 3.993704e+07 3.993688e+07
2.770535e+11 5.834055e+07 5.795296e+07 5.349050e+07 4.452696e+07 4.111528e+07 4.019690e+07 3.998962e+07 3.994638e+07 3.993742e+07 3.993549e+07 3.993499e+07 3.993478e+07 3.993463e+07
2.696682e+11 5.845106e+07 5.808590e+07 5.367443e+07 4.460321e+07 4.113283e+07 4.019892e+07 3.998820e+07 3.994425e+07 3.993514e+07 3.993318e+07 3.993267e+07 3.993246e+07 3.993231e+07
2.625221e+11 5.856142e+07 5.821763e+07 5.385896e+07 4.468046e+07 4.115061e+07 4.020096e+07 3.998675e+07 3.994207e+07 3.993282e+07 3.993083e+07 3.993031e+07 3.993010e+07 3.992995e+07
2.554829e+11 5.867117e+07 5.834749e+07 5.404293e+07 4.475830e+07 4.116851e+07 4.020300e+07 3.998527e+07 3.993986e+07 3.993046e+07 3.992844e+07 3.992792e+07 3.992770e+07 3.992755e+07
2.486726e+11 5.878125e+07 5.847658e+07 5.422782e+07 4.483731e+07 4.118668e+07 4.020505e+07 3.998375e+07 3.993761e+07 3.992805e+07 3.992600e+07 3.992548e+07 3.992526e+07 3.992511e+07
2.420438e+11 5.889241e+07 5.860569e+07 5.441468e+07 4.491799e+07 4.120523e+07 4.020714e+07 3.998219e+07 3.993529e+07 3.992558e+07 3.992350e+07 3.992297e+07 3.992275e+07 3.992260e+07
2.356001e+11 5.900349e+07 5.873346e+07 5.460140e+07 4.499943e+07 4.122396e+07 4.020923e+07 3.998059e+07 3.993293e+07 3.992307e+07 3.992095e+07 3.992041e+07 3.992020e+07 3.992004e+07
2.293117e+11 5.911447e+07 5.885991e+07 5.478760e+07 4.508149e+07 4.124283e+07 4.021132e+07 3.997897e+07 3.993054e+07 3.992052e+07 3.991837e+07 3.991783e+07 3.991760e+07 3.991745e+07
2.231990e+11 5.922658e+07 5.898643e+07 5.497527e+07 4.516510e+07 4.126207e+07 4.021344e+07 3.997730e+07 3.992808e+07 3.991790e+07 3.991572e+07 3.991517e+07 3.991495e+07 3.991479e+07
2.172598e+11 5.933984e+07 5.911306e+07 5.516427e+07 4.525024e+07 4.128165e+07 4.021559e+07 3.997558e+07 3.992556e+07 3.991522e+07 3.991301e+07 3.991245e+07 3.991222e+07 3.991207e+07
2.114581e+11 5.945337e+07 5.923883e+07 5.535289e+07 4.533620e+07 4.130142e+07 4.021773e+07 3.997382e+07 3.992300e+07 3.991249e+07 3.991024e+07 3.990968e+07 3.990945e+07 3.990930e+07
2.058213e+11 5.956737e+07 5.936405e+07 5.554142e+07 4.542308e+07 4.132141e+07 4.021989e+07 3.997203e+07 3.992039e+07 3.990971e+07 3.990743e+07 3.990686e+07 3.990663e+07 3.990648e+07
2.003348e+11 5.968281e+07 5.948980e+07 5.573139e+07 4.551163e+07 4.134178e+07 4.022207e+07 3.997018e+07 3.991771e+07 3.990686e+07 3.990455e+07 3.990397e+07 3.990374e+07 3.990358e+07
1.950139e+11 5.979932e+07 5.961570e+07 5.592202e+07 4.560151e+07 4.136246e+07 4.022426e+07 3.996829e+07 3.991496e+07 3.990394e+07 3.990160e+07 3.990101e+07 3.990078e+07 3.990062e+07
1.897967e+11 5.991603e+07 5.974088e+07 5.611164e+07 4.569201e+07 4.138329e+07 4.022646e+07 3.996635e+07 3.991218e+07 3.990098e+07 3.989860e+07 3.989801e+07 3.989778e+07 3.989762e+07
1.847373e+11 6.003295e+07 5.986541e+07 5.630026e+07 4.578312e+07 4.140428e+07 4.022864e+07 3.996439e+07 3.990935e+07 3.989798e+07 3.989556e+07 3.989496e+07 3.989473e+07 3.989457e+07
1.798128e+11 6.015061e+07 5.998994e+07 5.648881e+07 4.587525e+07 4.142551e+07 4.023084e+07 3.996237e+07 3.990647e+07 3.989492e+07 3.989246e+07 3.989186e+07 3.989162e+07 3.989147e+07
1.750290e+11 6.026844e+07 6.011389e+07 5.667629e+07 4.596794e+07 4.144687e+07 4.023303e+07 3.996032e+07 3.990354e+07 3.989181e+07 3.988932e+07 3.988870e+07 3.988847e+07 3.988831e+07
1.703542e+11 6.038665e+07 6.023759e+07 5.686309e+07 4.606132e+07 4.146842e+07 4.023522e+07 3.995823e+07 3.990056e+07 3.988865e+07 3.988612e+07 3.988550e+07 3.988526e+07 3.988510e+07
1.658131e+11 6.050610e+07 6.036193e+07 5.705044e+07 4.615607e+07 4.149030e+07 4.023742e+07 3.995607e+07 3.989750e+07 3.988541e+07 3.988284e+07 3.988221e+07 3.988198e+07 3.988182e+07
1.613932e+11 6.062703e+07 6.048721e+07 5.723852e+07 4.625237e+07 4.151254e+07 4.023963e+07 3.995386e+07 3.989437e+07 3.988209e+07 3.987949e+07 3.987885e+07 3.987861e+07 3.987845e+07
1.570909e+11 6.074867e+07 6.061270e+07 5.742598e+07 4.634961e+07 4.153501e+07 4.024185e+07 3.995159e+07 3.989118e+07 3.987871e+07 3.987606e+07 3.987542e+07 3.987518e+07 3.987502e+07
1.529034e+11 6.087093e+07 6.073834e+07 5.761294e+07 4.644773e+07 4.155769e+07 4.024406e+07 3.994927e+07 3.988792e+07 3.987526e+07 3.987258e+07 3.987193e+07 3.987168e+07 3.987153e+07
1.488275e+11 6.099465e+07 6.086503e+07 5.780046e+07 4.654736e+07 4.158074e+07 4.024628e+07 3.994689e+07 3.988459e+07 3.987173e+07 3.986901e+07 3.986835e+07 3.986810e+07 3.986795e+07
1.448677e+11 6.111961e+07 6.099257e+07 5.798801e+07 4.664827e+07 4.160411e+07 4.024850e+07 3.994444e+07 3.988117e+07 3.986812e+07 3.986536e+07 3.986468e+07 3.986444e+07 3.986428e+07
1.409988e+11 6.124525e+07 6.112044e+07 5.817470e+07 4.674996e+07 4.162768e+07 4.025072e+07 3.994193e+07 3.987769e+07 3.986443e+07 3.986163e+07 3.986095e+07 3.986071e+07 3.986055e+07
1.372402e+11 6.137177e+07 6.124888e+07 5.836081e+07 4.685263e+07 4.165149e+07 4.025293e+07 3.993937e+07 3.987413e+07 3.986068e+07 3.985783e+07 3.985715e+07 3.985690e+07 3.985674e+07
1.335818e+11 6.149974e+07 6.137849e+07 5.854713e+07 4.695674e+07 4.167566e+07 4.025514e+07 3.993673e+07 3.987049e+07 3.985683e+07 3.985394e+07 3.985325e+07 3.985300e+07 3.985284e+07
1.300296e+11 6.162858e+07 6.150871e+07 5.873296e+07 4.706174e+07 4.170007e+07 4.025735e+07 3.993402e+07 3.986677e+07 3.985290e+07 3.984997e+07 3.984927e+07 3.984902e+07 3.984886e+07
1.265551e+11 6.175786e+07 6.163916e+07 5.891784e+07 4.716739e+07 4.172465e+07 4.025954e+07 3.993125e+07 3.986298e+07 3.984890e+07 3.984593e+07 3.984522e+07 3.984496e+07 3.984480e+07
1.231815e+11 6.188817e+07 6.177042e+07 5.910229e+07 4.727413e+07 4.174950e+07 4.026172e+07 3.992842e+07 3.985910e+07 3.984481e+07 3.984180e+07 3.984108e+07 3.984082e+07 3.984066e+07
1.198979e+11 6.201988e+07 6.190291e+07 5.928669e+07 4.738214e+07 4.177468e+07 4.026390e+07 3.992550e+07 3.985513e+07 3.984063e+07 3.983757e+07 3.983684e+07 3.983658e+07 3.983642e+07
1.167025e+11 6.215212e+07 6.203577e+07 5.946978e+07 4.749062e+07 4.180002e+07 4.026606e+07 3.992252e+07 3.985109e+07 3.983636e+07 3.983326e+07 3.983253e+07 3.983227e+07 3.983211e+07
1.135910e+11 6.228468e+07 6.216879e+07 5.965151e+07 4.759947e+07 4.182550e+07 4.026819e+07 3.991947e+07 3.984697e+07 3.983203e+07 3.982888e+07 3.982814e+07 3.982788e+07 3.982771e+07
1.105630e+11 6.241851e+07 6.230297e+07 5.983299e+07 4.770943e+07 4.185128e+07 4.027031e+07 3.991634e+07 3.984275e+07 3.982759e+07 3.982440e+07 3.982364e+07 3.982338e+07 3.982322e+07
1.076229e+11 6.255337e+07 6.243804e+07 6.001377e+07 4.782030e+07 4.187730e+07 4.027240e+07 3.991313e+07 3.983845e+07 3.982306e+07 3.981982e+07 3.981906e+07 3.981879e+07 3.981863e+07
1.047471e+11 6.268858e+07 6.257336e+07 6.019294e+07 4.793152e+07 4.190341e+07 4.027447e+07 3.990986e+07 3.983407e+07 3.981845e+07 3.981517e+07 3.981440e+07 3.981413e+07 3.981397e+07
1.019549e+11 6.282443e+07 6.270922e+07 6.037084e+07 4.804329e+07 4.192967e+07 4.027650e+07 3.990651e+07 3.982961e+07 3.981377e+07 3.981044e+07 3.980966e+07 3.980939e+07 3.980923e+07
9.923711e+10 6.296152e+07 6.284623e+07 6.054834e+07 4.815602e+07 4.195621e+07 4.027850e+07 3.990307e+07 3.982504e+07 3.980897e+07 3.980560e+07 3.980481e+07 3.980454e+07 3.980437e+07
9.659747e+10 6.309901e+07 6.298355e+07 6.072439e+07 4.826903e+07 4.198287e+07 4.028048e+07 3.989956e+07 3.982040e+07 3.980409e+07 3.980067e+07 3.979987e+07 3.979960e+07 3.979943e+07
9.401697e+10 6.323665e+07 6.312095e+07 6.089853e+07 4.838201e+07 4.200959e+07 4.028240e+07 3.989597e+07 3.981567e+07 3.979914e+07 3.979567e+07 3.979486e+07 3.979458e+07 3.979442e+07
9.151079e+10 6.337521e+07 6.325919e+07 6.107178e+07 4.849557e+07 4.203649e+07 4.028429e+07 3.989231e+07 3.981085e+07 3.979408e+07 3.979057e+07 3.978975e+07 3.978947e+07 3.978931e+07
8.907392e+10 6.351474e+07 6.339833e+07 6.124429e+07 4.860980e+07 4.206362e+07 4.028615e+07 3.988854e+07 3.980593e+07 3.978892e+07 3.978536e+07 3.978452e+07 3.978424e+07 3.978408e+07
8.669707e+10 6.365421e+07 6.353734e+07 6.141468e+07 4.872394e+07 4.209073e+07 4.028795e+07 3.988470e+07 3.980092e+07 3.978368e+07 3.978006e+07 3.977922e+07 3.977894e+07 3.977878e+07
8.438602e+10 6.379372e+07 6.367634e+07 6.158312e+07 4.883800e+07 4.211785e+07 4.028969e+07 3.988079e+07 3.979584e+07 3.977835e+07 3.977469e+07 3.977384e+07 3.977356e+07 3.977339e+07
8.213657e+10 6.393429e+07 6.381633e+07 6.175092e+07 4.895268e+07 4.214518e+07 4.029140e+07 3.987677e+07 3.979064e+07 3.977291e+07 3.976920e+07 3.976834e+07 3.976805e+07 3.976789e+07
7.995570e+10 6.407532e+07 6.395671e+07 6.191725e+07 4.906740e+07 4.217258e+07 4.029304e+07 3.987267e+07 3.978534e+07 3.976737e+07 3.976361e+07 3.976274e+07 3.976245e+07 3.976229e+07
7.781596e+10 6.421618e+07 6.409687e+07 6.208139e+07 4.918170e+07 4.219992e+07 4.029462e+07 3.986849e+07 3.977998e+07 3.976176e+07 3.975796e+07 3.975707e+07 3.975679e+07 3.975662e+07
7.574165e+10 6.435746e+07 6.423740e+07 6.224407e+07 4.929600e+07 4.222732e+07 4.029614e+07 3.986423e+07 3.977452e+07 3.975606e+07 3.975220e+07 3.975131e+07 3.975102e+07 3.975085e+07
7.372263e+10 6.449973e+07 6.437884e+07 6.240603e+07 4.941074e+07 4.225488e+07 4.029760e+07 3.985986e+07 3.976894e+07 3.975023e+07 3.974632e+07 3.974542e+07 3.974513e+07 3.974496e+07
7.175771e+10 6.464177e+07 6.452002e+07 6.256580e+07 4.952481e+07 4.228236e+07 4.029899e+07 3.985541e+07 3.976328e+07 3.974432e+07 3.974037e+07 3.973945e+07 3.973916e+07 3.973899e+07
6.984462e+10 6.478344e+07 6.466075e+07 6.272324e+07 4.963816e+07 4.230972e+07 4.030030e+07 3.985088e+07 3.975754e+07 3.973834e+07 3.973433e+07 3.973341e+07 3.973311e+07 3.973295e+07
6.798279e+10 6.492600e+07 6.480232e+07 6.287980e+07 4.975176e+07 4.233720e+07 4.030155e+07 3.984624e+07 3.975168e+07 3.973223e+07 3.972817e+07 3.972724e+07 3.972694e+07 3.972677e+07
6.617797e+10 6.506887e+07 6.494414e+07 6.303493e+07 4.986512e+07 4.236468e+07 4.030271e+07 3.984150e+07 3.974572e+07 3.972602e+07 3.972191e+07 3.972097e+07 3.972067e+07 3.972050e+07
6.440671e+10 6.521131e+07 6.508546e+07 6.318773e+07 4.997756e+07 4.239199e+07 4.030379e+07 3.983669e+07 3.973969e+07 3.971974e+07 3.971558e+07 3.971463e+07 3.971433e+07 3.971416e+07
6.268984e+10 6.535381e+07 6.522679e+07 6.333878e+07 5.008948e+07 4.241923e+07 4.030479e+07 3.983179e+07 3.973357e+07 3.971337e+07 3.970916e+07 3.970819e+07 3.970789e+07 3.970772e+07
6.101874e+10 6.549715e+07 6.536889e+07 6.348894e+07 5.020146e+07 4.244656e+07 4.030570e+07 3.982677e+07 3.972731e+07 3.970686e+07 3.970260e+07 3.970163e+07 3.970132e+07 3.970115e+07
5.939388e+10 6.564006e+07 6.551050e+07 6.363693e+07 5.031243e+07 4.247369e+07 4.030652e+07 3.982166e+07 3.972098e+07 3.970028e+07 3.969596e+07 3.969498e+07 3.969467e+07 3.969450e+07
5.780899e+10 6.578234e+07 6.565143e+07 6.378260e+07 5.042220e+07 4.250057e+07 4.030725e+07 3.981647e+07 3.971457e+07 3.969362e+07 3.968925e+07 3.968826e+07 3.968795e+07 3.968778e+07
5.626799e+10 6.592523e+07 6.579290e+07 6.392719e+07 5.053174e+07 4.252745e+07 4.030788e+07 3.981117e+07 3.970803e+07 3.968683e+07 3.968241e+07 3.968140e+07 3.968109e+07 3.968092e+07
5.477360e+10 6.606832e+07 6.593450e+07 6.407025e+07 5.064073e+07 4.255427e+07 4.030841e+07 3.980575e+07 3.970138e+07 3.967993e+07 3.967546e+07 3.967444e+07 3.967413e+07 3.967396e+07
5.330814e+10 6.621065e+07 6.607529e+07 6.421091e+07 5.074841e+07 4.258082e+07 4.030884e+07 3.980026e+07 3.969466e+07 3.967296e+07 3.966844e+07 3.966741e+07 3.966710e+07 3.966693e+07
5.188713e+10 6.635272e+07 6.621575e+07 6.434972e+07 5.085515e+07 4.260719e+07 4.030916e+07 3.979468e+07 3.968785e+07 3.966590e+07 3.966133e+07 3.966029e+07 3.965997e+07 3.965980e+07
5.050399e+10 6.649545e+07 6.635680e+07 6.448752e+07 5.096161e+07 4.263355e+07 4.030937e+07 3.978896e+07 3.968090e+07 3.965869e+07 3.965407e+07 3.965302e+07 3.965270e+07 3.965253e+07
4.915988e+10 6.663755e+07 6.649715e+07 6.462308e+07 5.106674e+07 4.265962e+07 4.030947e+07 3.978315e+07 3.967387e+07 3.965141e+07 3.964674e+07 3.964569e+07 3.964536e+07 3.964519e+07
4.784734e+10 6.677875e+07 6.663654e+07 6.475622e+07 5.117037e+07 4.268537e+07 4.030945e+07 3.977728e+07 3.966678e+07 3.964407e+07 3.963935e+07 3.963829e+07 3.963796e+07 3.963779e+07
4.657189e+10 6.692031e+07 6.677622e+07 6.488812e+07 5.127343e+07 4.271102e+07 4.030932e+07 3.977128e+07 3.965957e+07 3.963661e+07 3.963184e+07 3.963076e+07 3.963043e+07 3.963026e+07
4.533486e+10 6.706193e+07 6.691588e+07 6.501852e+07 5.137563e+07 4.273650e+07 4.030907e+07 3.976516e+07 3.965223e+07 3.962902e+07 3.962420e+07 3.962311e+07 3.962278e+07 3.962261e+07
4.412208e+10 6.720258e+07 6.705451e+07 6.514653e+07 5.147616e+07 4.276160e+07 4.030869e+07 3.975896e+07 3.964482e+07 3.962137e+07 3.961649e+07 3.961540e+07 3.961506e+07 3.961489e+07
4.294594e+10 6.734275e+07 6.719259e+07 6.527259e+07 5.157538e+07 4.278643e+07 4.030819e+07 3.975267e+07 3.963733e+07 3.961363e+07 3.960870e+07 3.960760e+07 3.960726e+07 3.960709e+07
4.180114e+10 6.748343e+07 6.733110e+07 6.539759e+07 5.167403e+07 4.281116e+07 4.030756e+07 3.974624e+07 3.962969e+07 3.960574e+07 3.960077e+07 3.959965e+07 3.959931e+07 3.959914e+07
4.068893e+10 6.762328e+07 6.746871e+07 6.552037e+07 5.177117e+07 4.283551e+07 4.030680e+07 3.973972e+07 3.962196e+07 3.959777e+07 3.959275e+07 3.959162e+07 3.959128e+07 3.959111e+07
3.960229e+10 6.776204e+07 6.760517e+07 6.564074e+07 5.186656e+07 4.285945e+07 4.030591e+07 3.973312e+07 3.961418e+07 3.958975e+07 3.958467e+07 3.958354e+07 3.958320e+07 3.958302e+07
3.854662e+10 6.790099e+07 6.774174e+07 6.575981e+07 5.196106e+07 4.288321e+07 4.030488e+07 3.972639e+07 3.960627e+07 3.958159e+07 3.957647e+07 3.957532e+07 3.957498e+07 3.957480e+07
3.752287e+10 6.803982e+07 6.787811e+07 6.587733e+07 5.205450e+07 4.290670e+07 4.030370e+07 3.971954e+07 3.959823e+07 3.957331e+07 3.956814e+07 3.956698e+07 3.956664e+07 3.956646e+07
3.651896e+10 6.817747e+07 6.801324e+07 6.599243e+07 5.214617e+07 4.292975e+07 4.030240e+07 3.971261e+07 3.959013e+07 3.956497e+07 3.955975e+07 3.955858e+07 3.955824e+07 3.955806e+07
3.554549e+10 6.831447e+07 6.814765e+07 6.610555e+07 5.223639e+07 4.295244e+07 4.030095e+07 3.970558e+07 3.958194e+07 3.955654e+07 3.955128e+07 3.955010e+07 3.954975e+07 3.954957e+07
3.459797e+10 6.845226e+07 6.828258e+07 6.621755e+07 5.232579e+07 4.297494e+07 4.029935e+07 3.969840e+07 3.957360e+07 3.954796e+07 3.954265e+07 3.954146e+07 3.954111e+07 3.954093e+07
3.367737e+10 6.859101e+07 6.841835e+07 6.632742e+07 5.241346e+07 4.299699e+07 4.029760e+07 3.969113e+07 3.956518e+07 3.953931e+07 3.953394e+07 3.953275e+07 3.953240e+07 3.953222e+07
3.277802e+10 6.872883e+07 6.855313e+07 6.643519e+07 5.249928e+07 4.301856e+07 4.029571e+07 3.968379e+07 3.955670e+07 3.953059e+07 3.952518e+07 3.952397e+07 3.952362e+07 3.952344e+07
3.190427e+10 6.886676e+07 6.868790e+07 6.654168e+07 5.258407e+07 4.303986e+07 4.029367e+07 3.967630e+07 3.954807e+07 3.952174e+07 3.951628e+07 3.951506e+07 3.951471e+07 3.951453e+07
3.105720e+10 6.900452e+07 6.882243e+07 6.664663e+07 5.266758e+07 4.306083e+07 4.029146e+07 3.966868e+07 3.953933e+07 3.951276e+07 3.950726e+07 3.950603e+07 3.950567e+07 3.950550e+07
3.022602e+10 6.914106e+07 6.895562e+07 6.674923e+07 5.274917e+07 4.308132e+07 4.028911e+07 3.966100e+07 3.953053e+07 3.950374e+07 3.949819e+07 3.949695e+07 3.949659e+07 3.949642e+07
2.942029e+10 6.927683e+07 6.908797e+07 6.685106e+07 5.282919e+07 4.310139e+07 4.028661e+07 3.965322e+07 3.952165e+07 3.949463e+07 3.948904e+07 3.948779e+07 3.948743e+07 3.948725e+07
2.863604e+10 6.941368e+07 6.922143e+07 6.695302e+07 5.290822e+07 4.312118e+07 4.028393e+07 3.964528e+07 3.951261e+07 3.948537e+07 3.947972e+07 3.947847e+07 3.947811e+07 3.947793e+07
2.787387e+10 6.955115e+07 6.935538e+07 6.705402e+07 5.298548e+07 4.314049e+07 4.028110e+07 3.963725e+07 3.950350e+07 3.947603e+07 3.947034e+07 3.946908e+07 3.946871e+07 3.946853e+07
2.712971e+10 6.968735e+07 6.948796e+07 6.715268e+07 5.306087e+07 4.315927e+07 4.027812e+07 3.962915e+07 3.949433e+07 3.946664e+07 3.946091e+07 3.945963e+07 3.945927e+07 3.945909e+07
2.640652e+10 6.982340e+07 6.962024e+07 6.724983e+07 5.313512e+07 4.317771e+07 4.027497e+07 3.962090e+07 3.948501e+07 3.945710e+07 3.945132e+07 3.945004e+07 3.944968e+07 3.944950e+07
2.570578e+10 6.995884e+07 6.975181e+07 6.734515e+07 5.320797e+07 4.319577e+07 4.027164e+07 3.961252e+07 3.947557e+07 3.944745e+07 3.944163e+07 3.944034e+07 3.943997e+07 3.943979e+07
2.501747e+10 7.009269e+07 6.988169e+07 6.743795e+07 5.327892e+07 4.321330e+07 4.026816e+07 3.960408e+07 3.946609e+07 3.943775e+07 3.943189e+07 3.943059e+07 3.943022e+07 3.943004e+07
2.435058e+10 7.022556e+07 7.001048e+07 6.752871e+07 5.334832e+07 4.323037e+07 4.026452e+07 3.959552e+07 3.945650e+07 3.942796e+07 3.942205e+07 3.942074e+07 3.942037e+07 3.942019e+07
2.370148e+10 7.035840e+07 7.013908e+07 6.761806e+07 5.341663e+07 4.324711e+07 4.026068e+07 3.958680e+07 3.944676e+07 3.941800e+07 3.941205e+07 3.941074e+07 3.941036e+07 3.941018e+07
2.307034e+10 7.048975e+07 7.026608e+07 6.770502e+07 5.348310e+07 4.326333e+07 4.025669e+07 3.957800e+07 3.943696e+07 3.940799e+07 3.940200e+07 3.940068e+07 3.940030e+07 3.940012e+07
2.245472e+10 7.061946e+07 7.039135e+07 6.778955e+07 5.354772e+07 4.327902e+07 4.025255e+07 3.956915e+07 3.942711e+07 3.939794e+07 3.939191e+07 3.939058e+07 3.939020e+07 3.939002e+07
2.185615e+10 7.074895e+07 7.051623e+07 6.787258e+07 5.361118e+07 4.329434e+07 4.024822e+07 3.956013e+07 3.941711e+07 3.938774e+07 3.938167e+07 3.938033e+07 3.937995e+07 3.937977e+07
2.127654e+10 7.087765e+07 7.064018e+07 6.795372e+07 5.367318e+07 4.330921e+07 4.024371e+07 3.955099e+07 3.940699e+07 3.937743e+07 3.937131e+07 3.936997e+07 3.936958e+07 3.936940e+07
2.070646e+10 7.100467e+07 7.076233e+07 6.803245e+07 5.373333e+07 4.332353e+07 4.023905e+07 3.954177e+07 3.939683e+07 3.936707e+07 3.936091e+07 3.935956e+07 3.935917e+07 3.935899e+07
2.015449e+10 7.113068e+07 7.088334e+07 6.810922e+07 5.379260e+07 4.333738e+07 4.023421e+07 3.953245e+07 3.938656e+07 3.935661e+07 3.935041e+07 3.934905e+07 3.934866e+07 3.934848e+07
1.961724e+10 7.125652e+07 7.100400e+07 6.818453e+07 5.385155e+07 4.335085e+07 4.022916e+07 3.952295e+07 3.937612e+07 3.934598e+07 3.933975e+07 3.933837e+07 3.933799e+07 3.933780e+07
1.909452e+10 7.138069e+07 7.112286e+07 6.825748e+07 5.390947e+07 4.336379e+07 4.022396e+07 3.951338e+07 3.936564e+07 3.933531e+07 3.932904e+07 3.932766e+07 3.932727e+07 3.932709e+07
1.858532e+10 7.150316e+07 7.123989e+07 6.832812e+07 5.396556e+07 4.337617e+07 4.021862e+07 3.950376e+07 3.935512e+07 3.932460e+07 3.931829e+07 3.931690e+07 3.931651e+07 3.931633e+07
1.808990e+10 7.162535e+07 7.135646e+07 6.839726e+07 5.402044e+07 4.338816e+07 4.021306e+07 3.949395e+07 3.934442e+07 3.931372e+07 3.930737e+07 3.930598e+07 3.930559e+07 3.930540e+07
1.761054e+10 7.174655e+07 7.147186e+07 6.846448e+07 5.407378e+07 4.339968e+07 4.020732e+07 3.948403e+07 3.933362e+07 3.930274e+07 3.929636e+07 3.929495e+07 3.929456e+07 3.929438e+07
1.713832e+10 7.186599e+07 7.158537e+07 6.852942e+07 5.412531e+07 4.341066e+07 4.020143e+07 3.947406e+07 3.932278e+07 3.929172e+07 3.928530e+07 3.928389e+07 3.928350e+07 3.928332e+07
1.668147e+10 7.198441e+07 7.169769e+07 6.859247e+07 5.417534e+07 4.342117e+07 4.019536e+07 3.946396e+07 3.931183e+07 3.928060e+07 3.927415e+07 3.927273e+07 3.927233e+07 3.927215e+07
1.623696e+10 7.210247e+07 7.180943e+07 6.865400e+07 5.422414e+07 4.343126e+07 4.018907e+07 3.945368e+07 3.930071e+07 3.926931e+07 3.926282e+07 3.926140e+07 3.926100e+07 3.926082e+07
1.580398e+10 7.221874e+07 7.191924e+07 6.871326e+07 5.427136e+07 4.344080e+07 4.018264e+07 3.944334e+07 3.928956e+07 3.925798e+07 3.925146e+07 3.925003e+07 3.924963e+07 3.924945e+07
1.538270e+10 7.233328e+07 7.202717e+07 6.877035e+07 5.431683e+07 4.344982e+07 4.017606e+07 3.943295e+07 3.927836e+07 3.924662e+07 3.924007e+07 3.923863e+07 3.923823e+07 3.923805e+07
1.497265e+10 7.244745e+07 7.213449e+07 6.882593e+07 5.436107e+07 4.345842e+07 4.016926e+07 3.942238e+07 3.926699e+07 3.923509e+07 3.922850e+07 3.922706e+07 3.922666e+07 3.922647e+07
1.457566e+10 7.256041e+07 7.224041e+07 6.887960e+07 5.440378e+07 4.346654e+07 4.016228e+07 3.941169e+07 3.925552e+07 3.922346e+07 3.921684e+07 3.921539e+07 3.921499e+07 3.921480e+07
1.418504e+10 7.267157e+07 7.234436e+07 6.893110e+07 5.444475e+07 4.347412e+07 4.015515e+07 3.940094e+07 3.924401e+07 3.921179e+07 3.920514e+07 3.920368e+07 3.920328e+07 3.920309e+07
1.380692e+10 7.278169e+07 7.244706e+07 6.898082e+07 5.448430e+07 4.348124e+07 4.014783e+07 3.939007e+07 3.923238e+07 3.920001e+07 3.919333e+07 3.919186e+07 3.919146e+07 3.919127e+07
1.343933e+10 7.289120e+07 7.254889e+07 6.902895e+07 5.452259e+07 4.348799e+07 4.014029e+07 3.937902e+07 3.922059e+07 3.918806e+07 3.918135e+07 3.917988e+07 3.917948e+07 3.917929e+07
1.308064e+10 7.299886e+07 7.264871e+07 6.907494e+07 5.455920e+07 4.349430e+07 4.013261e+07 3.936791e+07 3.920876e+07 3.917609e+07 3.916935e+07 3.916787e+07 3.916746e+07 3.916728e+07
1.273195e+10 7.310483e+07 7.274664e+07 6.911892e+07 5.459422e+07 4.350009e+07 4.012478e+07 3.935675e+07 3.919689e+07 3.916407e+07 3.915730e+07 3.915582e+07 3.915541e+07 3.915522e+07
1.239256e+10 7.321027e+07 7.284376e+07 6.916136e+07 5.462806e+07 4.350542e+07 4.011672e+07 3.934539e+07 3.918484e+07 3.915188e+07 3.914507e+07 3.914358e+07 3.914318e+07 3.914299e+07
1.206368e+10 7.331430e+07 7.293924e+07 6.920192e+07 5.466042e+07 4.351026e+07 4.010848e+07 3.933393e+07 3.917269e+07 3.913959e+07 3.913276e+07 3.913126e+07 3.913086e+07 3.913067e+07
1.174068e+10 7.341646e+07 7.303267e+07 6.924046e+07 5.469121e+07 4.351463e+07 4.010004e+07 3.932231e+07 3.916041e+07 3.912717e+07 3.912031e+07 3.911881e+07 3.911840e+07 3.911821e+07
1.142771e+10 7.351756e+07 7.312477e+07 6.927731e+07 5.472070e+07 4.351857e+07 4.009126e+07 3.931041e+07 3.914787e+07 3.911450e+07 3.910761e+07 3.910610e+07 3.910569e+07 3.910551e+07
1.112376e+10 7.361780e+07 7.321571e+07 6.931252e+07 5.474894e+07 4.352203e+07 4.008219e+07 3.929834e+07 3.913517e+07 3.910167e+07 3.909475e+07 3.909324e+07 3.909283e+07 3.909265e+07
1.082658e+10 7.371613e+07 7.330455e+07 6.934574e+07 5.477566e+07 4.352497e+07 4.007299e+07 3.928622e+07 3.912244e+07 3.908881e+07 3.908187e+07 3.908036e+07 3.907995e+07 3.907976e+07
1.053798e+10 7.381280e+07 7.339149e+07 6.937711e+07 5.480097e+07 4.352741e+07 4.006363e+07 3.927403e+07 3.910966e+07 3.907591e+07 3.906895e+07 3.906743e+07 3.906702e+07 3.906683e+07
1.025707e+10 7.390877e+07 7.347739e+07 6.940694e+07 5.482512e+07 4.352938e+07 4.005403e+07 3.926165e+07 3.909669e+07 3.906282e+07 3.905584e+07 3.905431e+07 3.905390e+07 3.905371e+07
9.984908e+09 7.400284e+07 7.356117e+07 6.943486e+07 5.484783e+07 4.353084e+07 4.004430e+07 3.924921e+07 3.908368e+07 3.904970e+07 3.904269e+07 3.904116e+07 3.904075e+07 3.904056e+07
9.717522e+09 7.409462e+07 7.364249e+07 6.946082e+07 5.486904e+07 4.353182e+07 4.003441e+07 3.923670e+07 3.907062e+07 3.903653e+07 3.902950e+07 3.902796e+07 3.902755e+07 3.902736e+07
9.458486e+09 7.418523e+07 7.372233e+07 6.948515e+07 5.488906e+07 4.353232e+07 4.002424e+07 3.922394e+07 3.905732e+07 3.902312e+07 3.901606e+07 3.901452e+07 3.901411e+07 3.901392e+07
9.206354e+09 7.427504e+07 7.380101e+07 6.950797e+07 5.490795e+07 4.353235e+07 4.001377e+07 3.921087e+07 3.904371e+07 3.900940e+07 3.900232e+07 3.900078e+07 3.900036e+07 3.900017e+07
8.960943e+09 7.436401e+07 7.387847e+07 6.952923e+07 5.492571e+07 4.353191e+07 4.000304e+07 3.919751e+07 3.902979e+07 3.899537e+07 3.898827e+07 3.898672e+07 3.898630e+07 3.898611e+07
8.722075e+09 7.445208e+07 7.395464e+07 6.954892e+07 5.494233e+07 4.353097e+07 3.999206e+07 3.918394e+07 3.901567e+07 3.898113e+07 3.897401e+07 3.897246e+07 3.897204e+07 3.897185e+07
8.489732e+09 7.453748e+07 7.402798e+07 6.956665e+07 5.495748e+07 4.352956e+07 3.998103e+07 3.917043e+07 3.900163e+07 3.896698e+07 3.895984e+07 3.895828e+07 3.895786e+07 3.895768e+07
8.263270e+09 7.462024e+07 7.409853e+07 6.958252e+07 5.497125e+07 4.352773e+07 3.996998e+07 3.915700e+07 3.898769e+07 3.895294e+07 3.894578e+07 3.894422e+07 3.894379e+07 3.894361e+07
8.042999e+09 7.470203e+07 7.416773e+07 6.959687e+07 5.498393e+07 4.352542e+07 3.995868e+07 3.914337e+07 3.897357e+07 3.893871e+07 3.893153e+07 3.892996e+07 3.892954e+07 3.892935e+07
7.828599e+09 7.478286e+07 7.423555e+07 6.960970e+07 5.499552e+07 4.352263e+07 3.994712e+07 3.912953e+07 3.895924e+07 3.892428e+07 3.891708e+07 3.891551e+07 3.891508e+07 3.891490e+07
7.619915e+09 7.486267e+07 7.430194e+07 6.962097e+07 5.500601e+07 4.351936e+07 3.993530e+07 3.911547e+07 3.894470e+07 3.890965e+07 3.890242e+07 3.890085e+07 3.890043e+07 3.890024e+07
7.417680e+09 7.494106e+07 7.436653e+07 6.963063e+07 5.501536e+07 4.351562e+07 3.992326e+07 3.910126e+07 3.893003e+07 3.889488e+07 3.888764e+07 3.888606e+07 3.888563e+07 3.888545e+07
7.219086e+09 7.501675e+07 7.442827e+07 6.963855e+07 5.502342e+07 4.351147e+07 3.991120e+07 3.908713e+07 3.891546e+07 3.888022e+07 3.887295e+07 3.887137e+07 3.887095e+07 3.887076e+07
7.026650e+09 7.509016e+07 7.448753e+07 6.964486e+07 5.503031e+07 4.350693e+07 3.989909e+07 3.907302e+07 3.890092e+07 3.886559e+07 3.885831e+07 3.885673e+07 3.885630e+07 3.885611e+07
6.839343e+09 7.516248e+07 7.454526e+07 6.964966e+07 5.503615e+07 4.350191e+07 3.988671e+07 3.905870e+07 3.888618e+07 3.885076e+07 3.884347e+07 3.884188e+07 3.884145e+07 3.884126e+07
6.657029e+09 7.523366e+07 7.460140e+07 6.965294e+07 5.504094e+07 4.349641e+07 3.987406e+07 3.904415e+07 3.887123e+07 3.883573e+07 3.882841e+07 3.882682e+07 3.882640e+07 3.882621e+07
6.479575e+09 7.530364e+07 7.465589e+07 6.965468e+07 5.504465e+07 4.349043e+07 3.986114e+07 3.902939e+07 3.885606e+07 3.882048e+07 3.881315e+07 3.881156e+07 3.881113e+07 3.881094e+07
6.308497e+09 7.537170e+07 7.470813e+07 6.965485e+07 5.504726e+07 4.348401e+07 3.984807e+07 3.901454e+07 3.884083e+07 3.880518e+07 3.879783e+07 3.879623e+07 3.879580e+07 3.879561e+07
6.138731e+09 7.543711e+07 7.475760e+07 6.965351e+07 5.504878e+07 4.347725e+07 3.983500e+07 3.899978e+07 3.882571e+07 3.878998e+07 3.878261e+07 3.878101e+07 3.878058e+07 3.878040e+07
5.975093e+09 7.550055e+07 7.480482e+07 6.965070e+07 5.504926e+07 4.347010e+07 3.982181e+07 3.898496e+07 3.881054e+07 3.877474e+07 3.876736e+07 3.876576e+07 3.876533e+07 3.876514e+07
5.815817e+09 7.556272e+07 7.485030e+07 6.964640e+07 5.504873e+07 4.346247e+07 3.980835e+07 3.896992e+07 3.879516e+07 3.875929e+07 3.875190e+07 3.875029e+07 3.874986e+07 3.874967e+07
5.660787e+09 7.562356e+07 7.489398e+07 6.964059e+07 5.504716e+07 4.345436e+07 3.979461e+07 3.895465e+07 3.877956e+07 3.874362e+07 3.873622e+07 3.873461e+07 3.873418e+07 3.873399e+07
5.509889e+09 7.568301e+07 7.493578e+07 6.963324e+07 5.504455e+07 4.344576e+07 3.978059e+07 3.893915e+07 3.876374e+07 3.872773e+07 3.872032e+07 3.871870e+07 3.871827e+07 3.871808e+07
5.363885e+09 7.574014e+07 7.497505e+07 6.962448e+07 5.504094e+07 4.343680e+07 3.976650e+07 3.892365e+07 3.874794e+07 3.871187e+07 3.870444e+07 3.870282e+07 3.870239e+07 3.870220e+07
5.220054e+09 7.579468e+07 7.501164e+07 6.961442e+07 5.503642e+07 4.342756e+07 3.975243e+07 3.890825e+07 3.873225e+07 3.869612e+07 3.868867e+07 3.868706e+07 3.868662e+07 3.868643e+07
5.080905e+09 7.584748e+07 7.504614e+07 6.960295e+07 5.503092e+07 4.341790e+07 3.973817e+07 3.889270e+07 3.871642e+07 3.868024e+07 3.867278e+07 3.867116e+07 3.867073e+07 3.867054e+07
4.945465e+09 7.589882e+07 7.507870e+07 6.958999e+07 5.502443e+07 4.340776e+07 3.972362e+07 3.887692e+07 3.870038e+07 3.866413e+07 3.865667e+07 3.865505e+07 3.865461e+07 3.865442e+07
4.813635e+09 7.594862e+07 7.510926e+07 6.957553e+07 5.501693e+07 4.339714e+07 3.970879e+07 3.886090e+07 3.868410e+07 3.864780e+07 3.864033e+07 3.863870e+07 3.863827e+07 3.863808e+07
4.685320e+09 7.599682e+07 7.513775e+07 6.955954e+07 5.500841e+07 4.338602e+07 3.969367e+07 3.884464e+07 3.866759e+07 3.863124e+07 3.862376e+07 3.862213e+07 3.862170e+07 3.862151e+07
4.560463e+09 7.604240e+07 7.516357e+07 6.954236e+07 5.499905e+07 4.337465e+07 3.967857e+07 3.882847e+07 3.865119e+07 3.861479e+07 3.860730e+07 3.860567e+07 3.860524e+07 3.860505e+07
4.438859e+09 7.608545e+07 7.518684e+07 6.952410e+07 5.498893e+07 4.336304e+07 3.966351e+07 3.881241e+07 3.863491e+07 3.859847e+07 3.859096e+07 3.858933e+07 3.858890e+07 3.858871e+07
4.320534e+09 7.612688e+07 7.520805e+07 6.950438e+07 5.497784e+07 4.335096e+07 3.964817e+07 3.879611e+07 3.861840e+07 3.858192e+07 3.857440e+07 3.857277e+07 3.857234e+07 3.857215e+07
4.205363e+09 7.616662e+07 7.522715e+07 6.948318e+07 5.496577e+07 4.333840e+07 3.963253e+07 3.877956e+07 3.860165e+07 3.856513e+07 3.855760e+07 3.855597e+07 3.855554e+07 3.855535e+07
4.093262e+09 7.620461e+07 7.524406e+07 6.946047e+07 5.495271e+07 4.332535e+07 3.961660e+07 3.876277e+07 3.858466e+07 3.854810e+07 3.854057e+07 3.853894e+07 3.853850e+07 3.853831e+07
3.984723e+09 7.624060e+07 7.525867e+07 6.943638e+07 5.493872e+07 4.331188e+07 3.960045e+07 3.874580e+07 3.856752e+07 3.853092e+07 3.852339e+07 3.852175e+07 3.852132e+07 3.852113e+07
3.877945e+09 7.627401e+07 7.527075e+07 6.941131e+07 5.492404e+07 4.329821e+07 3.958435e+07 3.872895e+07 3.855050e+07 3.851387e+07 3.850632e+07 3.850469e+07 3.850425e+07 3.850406e+07
3.774572e+09 7.630512e+07 7.528048e+07 6.938519e+07 5.490865e+07 4.328428e+07 3.956821e+07 3.871211e+07 3.853351e+07 3.849684e+07 3.848929e+07 3.848765e+07 3.848722e+07 3.848703e+07
3.673955e+09 7.633439e+07 7.528801e+07 6.935762e+07 5.489231e+07 4.326988e+07 3.955177e+07 3.869501e+07 3.851627e+07 3.847957e+07 3.847201e+07 3.847038e+07 3.846994e+07 3.846975e+07
3.576019e+09 7.636175e+07 7.529326e+07 6.932856e+07 5.487499e+07 4.325498e+07 3.953502e+07 3.867766e+07 3.849878e+07 3.846206e+07 3.845449e+07 3.845285e+07 3.845242e+07 3.845223e+07
3.480695e+09 7.638714e+07 7.529620e+07 6.929801e+07 5.485669e+07 4.323959e+07 3.951797e+07 3.866004e+07 3.848104e+07 3.844429e+07 3.843672e+07 3.843508e+07 3.843464e+07 3.843445e+07
3.388859e+09 7.641023e+07 7.529675e+07 6.926629e+07 5.483762e+07 4.322387e+07 3.950080e+07 3.864236e+07 3.846324e+07 3.842646e+07 3.841889e+07 3.841725e+07 3.841681e+07 3.841663e+07
3.297601e+09 7.643082e+07 7.529499e+07 6.923379e+07 5.481800e+07 4.320801e+07 3.948369e+07 3.862479e+07 3.844556e+07 3.840877e+07 3.840119e+07 3.839955e+07 3.839911e+07 3.839893e+07
3.209698e+09 7.644920e+07 7.529095e+07 6.920018e+07 5.479764e+07 4.319182e+07 3.946645e+07 3.860714e+07 3.842782e+07 3.839100e+07 3.838342e+07 3.838178e+07 3.838134e+07 3.838115e+07
3.124138e+09 7.646551e+07 7.528458e+07 6.916510e+07 5.477633e+07 4.317514e+07 3.944891e+07 3.858922e+07 3.840981e+07 3.837298e+07 3.836539e+07 3.836375e+07 3.836331e+07 3.836312e+07
3.040859e+09 7.647968e+07 7.527583e+07 6.912854e+07 5.475405e+07 4.315797e+07 3.943104e+07 3.857102e+07 3.839154e+07 3.835469e+07 3.834710e+07 3.834546e+07 3.834502e+07 3.834483e+07
2.959800e+09 7.649163e+07 7.526463e+07 6.909049e+07 5.473080e+07 4.314029e+07 3.941285e+07 3.855255e+07 3.837300e+07 3.833614e+07 3.832855e+07 3.832690e+07 3.832647e+07 3.832628e+07
2.881228e+09 7.650112e+07 7.525118e+07 6.905160e+07 5.470698e+07 4.312243e+07 3.939466e+07 3.853412e+07 3.835451e+07 3.831764e+07 3.831004e+07 3.830840e+07 3.830796e+07 3.830778e+07
2.804106e+09 7.650821e+07 7.523565e+07 6.901210e+07 5.468274e+07 4.310446e+07 3.937654e+07 3.851581e+07 3.833615e+07 3.829927e+07 3.829167e+07 3.829003e+07 3.828959e+07 3.828940e+07
2.729358e+09 7.651303e+07 7.521780e+07 6.897131e+07 5.465766e+07 4.308607e+07 3.935817e+07 3.849729e+07 3.831760e+07 3.828071e+07 3.827311e+07 3.827146e+07 3.827103e+07 3.827084e+07
2.656602e+09 7.651553e+07 7.519752e+07 6.892906e+07 5.463163e+07 4.306719e+07 3.933948e+07 3.847849e+07 3.829877e+07 3.826187e+07 3.825427e+07 3.825263e+07 3.825219e+07 3.825201e+07
2.585786e+09 7.651564e+07 7.517476e+07 6.888532e+07 5.460464e+07 4.304780e+07 3.932046e+07 3.845941e+07 3.827967e+07 3.824276e+07 3.823516e+07 3.823352e+07 3.823308e+07 3.823290e+07
2.516999e+09 7.651328e+07 7.514954e+07 6.884017e+07 5.457674e+07 4.302795e+07 3.930114e+07 3.844007e+07 3.826032e+07 3.822341e+07 3.821581e+07 3.821417e+07 3.821373e+07 3.821355e+07
2.449767e+09 7.650849e+07 7.512235e+07 6.879450e+07 5.454847e+07 4.300801e+07 3.928191e+07 3.842086e+07 3.824110e+07 3.820420e+07 3.819660e+07 3.819495e+07 3.819452e+07 3.819433e+07
2.384464e+09 7.650138e+07 7.509327e+07 6.874827e+07 5.451982e+07 4.298797e+07 3.926272e+07 3.840173e+07 3.822198e+07 3.818507e+07 3.817748e+07 3.817583e+07 3.817540e+07 3.817521e+07
2.320902e+09 7.649176e+07 7.506174e+07 6.870059e+07 5.449023e+07 4.296742e+07 3.924320e+07 3.838231e+07 3.820257e+07 3.816567e+07 3.815807e+07 3.815643e+07 3.815599e+07 3.815580e+07
2.259035e+09 7.647957e+07 7.502771e+07 6.865143e+07 5.445969e+07 4.294637e+07 3.922334e+07 3.836259e+07 3.818288e+07 3.814598e+07 3.813838e+07 3.813673e+07 3.813630e+07 3.813611e+07
2.198817e+09 7.646472e+07 7.499114e+07 6.860077e+07 5.442818e+07 4.292481e+07 3.920314e+07 3.834257e+07 3.816288e+07 3.812599e+07 3.811840e+07 3.811675e+07 3.811632e+07 3.811613e+07
2.140688e+09 7.644727e+07 7.495231e+07 6.854903e+07 5.439598e+07 4.290291e+07 3.918276e+07 3.832241e+07 3.814276e+07 3.810588e+07 3.809829e+07 3.809664e+07 3.809621e+07 3.809602e+07
2.083153e+09 7.642750e+07 7.491181e+07 6.849693e+07 5.436351e+07 4.288096e+07 3.916247e+07 3.830238e+07 3.812278e+07 3.808591e+07 3.807832e+07 3.807667e+07 3.807624e+07 3.807605e+07
2.027623e+09 7.640530e+07 7.486937e+07 6.844406e+07 5.433053e+07 4.285880e+07 3.914212e+07 3.828231e+07 3.810277e+07 3.806591e+07 3.805832e+07 3.805667e+07 3.805624e+07 3.805605e+07
1.973573e+09 7.638033e+07 7.482443e+07 6.838971e+07 5.429660e+07 4.283613e+07 3.912141e+07 3.826193e+07 3.808245e+07 3.804560e+07 3.803802e+07 3.803637e+07 3.803594e+07 3.803575e+07
1.920964e+09 7.635252e+07 7.477694e+07 6.833386e+07 5.426171e+07 4.281293e+07 3.910035e+07 3.824124e+07 3.806183e+07 3.802499e+07 3.801741e+07 3.801577e+07 3.801534e+07 3.801515e+07
1.869758e+09 7.632176e+07 7.472687e+07 6.827650e+07 5.422585e+07 4.278921e+07 3.907893e+07 3.822022e+07 3.804090e+07 3.800408e+07 3.799650e+07 3.799486e+07 3.799442e+07 3.799424e+07
1.820249e+09 7.628848e+07 7.467497e+07 6.821849e+07 5.418955e+07 4.276532e+07 3.905746e+07 3.819920e+07 3.801997e+07 3.798316e+07 3.797559e+07 3.797395e+07 3.797351e+07 3.797333e+07
1.771404e+09 7.625299e+07 7.462168e+07 6.816025e+07 5.415309e+07 4.274142e+07 3.903611e+07 3.817832e+07 3.799918e+07 3.796239e+07 3.795482e+07 3.795318e+07 3.795275e+07 3.795256e+07
1.724184e+09 7.621477e+07 7.456624e+07 6.810093e+07 5.411592e+07 4.271717e+07 3.901454e+07 3.815726e+07 3.797821e+07 3.794145e+07 3.793388e+07 3.793224e+07 3.793181e+07 3.793162e+07
1.678223e+09 7.617349e+07 7.450826e+07 6.804010e+07 5.407778e+07 4.269238e+07 3.899260e+07 3.813586e+07 3.795693e+07 3.792018e+07 3.791262e+07 3.791098e+07 3.791055e+07 3.791037e+07
1.633487e+09 7.612907e+07 7.444771e+07 6.797775e+07 5.403867e+07 4.266706e+07 3.897029e+07 3.811414e+07 3.793532e+07 3.789860e+07 3.789104e+07 3.788940e+07 3.788897e+07 3.788879e+07
1.589952e+09 7.608142e+07 7.438456e+07 6.791388e+07 5.399858e+07 4.264120e+07 3.894760e+07 3.809208e+07 3.791338e+07 3.787669e+07 3.786914e+07 3.786750e+07 3.786707e+07 3.786689e+07
1.547561e+09 7.603154e+07 7.432018e+07 6.784985e+07 5.395837e+07 4.261536e+07 3.892503e+07 3.807015e+07 3.789159e+07 3.785493e+07 3.784738e+07 3.784574e+07 3.784531e+07 3.784513e+07
1.506308e+09 7.597958e+07 7.425470e+07 6.778572e+07 5.391808e+07 4.258955e+07 3.890257e+07 3.804837e+07 3.786994e+07 3.783331e+07 3.782577e+07 3.782413e+07 3.782370e+07 3.782352e+07
1.466155e+09 7.592435e+07 7.418670e+07 6.772007e+07 5.387682e+07 4.256320e+07 3.887973e+07 3.802625e+07 3.784797e+07 3.781136e+07 3.780382e+07 3.780219e+07 3.780176e+07 3.780158e+07
1.427072e+09 7.586576e+07 7.411613e+07 6.765290e+07 5.383457e+07 4.253630e+07 3.885652e+07 3.800378e+07 3.782565e+07 3.778907e+07 3.778154e+07 3.777991e+07 3.777948e+07 3.777930e+07
1.389031e+09 7.580372e+07 7.404297e+07 6.758417e+07 5.379133e+07 4.250885e+07 3.883290e+07 3.798096e+07 3.780299e+07 3.776644e+07 3.775892e+07 3.775729e+07 3.775686e+07 3.775668e+07
1.352264e+09 7.573860e+07 7.396771e+07 6.751438e+07 5.374740e+07 4.248104e+07 3.880907e+07 3.795794e+07 3.778014e+07 3.774363e+07 3.773611e+07 3.773449e+07 3.773406e+07 3.773387e+07
1.315965e+09 7.567137e+07 7.389153e+07 6.744456e+07 5.370342e+07 4.245329e+07 3.878535e+07 3.793507e+07 3.775744e+07 3.772097e+07 3.771346e+07 3.771183e+07 3.771141e+07 3.771122e+07
1.280885e+09 7.560167e+07 7.381395e+07 6.737425e+07 5.365913e+07 4.242539e+07 3.876160e+07 3.791219e+07 3.773474e+07 3.769830e+07 3.769080e+07 3.768917e+07 3.768875e+07 3.768856e+07
1.246741e+09 7.552838e+07 7.373383e+07 6.730239e+07 5.361383e+07 4.239694e+07 3.873745e+07 3.788895e+07 3.771168e+07 3.767528e+07 3.766778e+07 3.766616e+07 3.766573e+07 3.766555e+07
1.213507e+09 7.545141e+07 7.365112e+07 6.722896e+07 5.356753e+07 4.236792e+07 3.871290e+07 3.786533e+07 3.768826e+07 3.765190e+07 3.764441e+07 3.764279e+07 3.764236e+07 3.764218e+07
1.181159e+09 7.537066e+07 7.356579e+07 6.715394e+07 5.352021e+07 4.233833e+07 3.868793e+07 3.784135e+07 3.766447e+07 3.762815e+07 3.762068e+07 3.761906e+07 3.761863e+07 3.761845e+07
1.149913e+09 7.528724e+07 7.347909e+07 6.707841e+07 5.347255e+07 4.230859e+07 3.866291e+07 3.781734e+07 3.764067e+07 3.760439e+07 3.759692e+07 3.759530e+07 3.759488e+07 3.759470e+07
1.119027e+09 7.520188e+07 7.339174e+07 6.700297e+07 5.342492e+07 4.227893e+07 3.863802e+07 3.779348e+07 3.761702e+07 3.758078e+07 3.757332e+07 3.757171e+07 3.757128e+07 3.757110e+07
1.089197e+09 7.511337e+07 7.330253e+07 6.692654e+07 5.337666e+07 4.224893e+07 3.861292e+07 3.776943e+07 3.759318e+07 3.755699e+07 3.754954e+07 3.754793e+07 3.754750e+07 3.754732e+07
1.060163e+09 7.502096e+07 7.321074e+07 6.684852e+07 5.332737e+07 4.221835e+07 3.858739e+07 3.774499e+07 3.756897e+07 3.753282e+07 3.752538e+07 3.752377e+07 3.752335e+07 3.752317e+07
1.031903e+09 7.492453e+07 7.311635e+07 6.676889e+07 5.327704e+07 4.218718e+07 3.856144e+07 3.772017e+07 3.754438e+07 3.750828e+07 3.750085e+07 3.749924e+07 3.749882e+07 3.749864e+07
1.004396e+09 7.482402e+07 7.301932e+07 6.668761e+07 5.322566e+07 4.215542e+07 3.853505e+07 3.769495e+07 3.751940e+07 3.748335e+07 3.747593e+07 3.747432e+07 3.747390e+07 3.747372e+07
