7.245441e+14 4.000346e+07 4.000354e+07 4.000426e+07 4.000745e+07 4.000933e+07 4.000970e+07 4.000967e+07 4.000955e+07 4.000942e+07 4.000928e+07 4.000914e+07 4.000901e+07 4.000887e+07
7.013171e+14 4.000353e+07 4.000361e+07 4.000433e+07 4.000750e+07 4.000934e+07 4.000970e+07 4.000967e+07 4.000955e+07 4.000942e+07 4.000928e+07 4.000914e+07 4.000900e+07 4.000887e+07
6.823586e+14 4.000359e+07 4.000367e+07 4.000440e+07 4.000755e+07 4.000935e+07 4.000970e+07 4.000967e+07 4.000955e+07 4.000942e+07 4.000928e+07 4.000914e+07 4.000900e+07 4.000886e+07
6.640552e+14 4.000365e+07 4.000373e+07 4.000446e+07 4.000760e+07 4.000937e+07 4.000970e+07 4.000967e+07 4.000955e+07 4.000941e+07 4.000928e+07 4.000914e+07 4.000900e+07 4.000886e+07
6.462342e+14 4.000372e+07 4.000380e+07 4.000453e+07 4.000765e+07 4.000938e+07 4.000970e+07 4.000966e+07 4.000955e+07 4.000941e+07 4.000927e+07 4.000914e+07 4.000900e+07 4.000886e+07
6.289740e+14 4.000378e+07 4.000386e+07 4.000460e+07 4.000771e+07 4.000939e+07 4.000970e+07 4.000966e+07 4.000954e+07 4.000941e+07 4.000927e+07 4.000913e+07 4.000900e+07 4.000886e+07
6.121788e+14 4.000385e+07 4.000393e+07 4.000467e+07 4.000776e+07 4.000941e+07 4.000971e+07 4.000966e+07 4.000954e+07 4.000941e+07 4.000927e+07 4.000913e+07 4.000899e+07 4.000885e+07
5.958386e+14 4.000392e+07 4.000400e+07 4.000474e+07 4.000781e+07 4.000942e+07 4.000971e+07 4.000966e+07 4.000954e+07 4.000940e+07 4.000927e+07 4.000913e+07 4.000899e+07 4.000885e+07
5.799842e+14 4.000399e+07 4.000407e+07 4.000481e+07 4.000786e+07 4.000943e+07 4.000971e+07 4.000966e+07 4.000954e+07 4.000940e+07 4.000926e+07 4.000913e+07 4.000899e+07 4.000885e+07
5.644592e+14 4.000405e+07 4.000414e+07 4.000489e+07 4.000791e+07 4.000945e+07 4.000971e+07 4.000966e+07 4.000953e+07 4.000940e+07 4.000926e+07 4.000912e+07 4.000899e+07 4.000885e+07
5.494363e+14 4.000412e+07 4.000421e+07 4.000496e+07 4.000796e+07 4.000946e+07 4.000971e+07 4.000965e+07 4.000953e+07 4.000940e+07 4.000926e+07 4.000912e+07 4.000898e+07 4.000885e+07
5.347454e+14 4.000419e+07 4.000428e+07 4.000503e+07 4.000802e+07 4.000947e+07 4.000971e+07 4.000965e+07 4.000953e+07 4.000939e+07 4.000926e+07 4.000912e+07 4.000898e+07 4.000884e+07
5.205357e+14 4.000427e+07 4.000435e+07 4.000511e+07 4.000807e+07 4.000948e+07 4.000971e+07 4.000965e+07 4.000953e+07 4.000939e+07 4.000925e+07 4.000912e+07 4.000898e+07 4.000884e+07
5.066051e+14 4.000434e+07 4.000442e+07 4.000518e+07 4.000812e+07 4.000949e+07 4.000971e+07 4.000965e+07 4.000953e+07 4.000939e+07 4.000925e+07 4.000911e+07 4.000898e+07 4.000884e+07
4.931811e+14 4.000441e+07 4.000449e+07 4.000526e+07 4.000817e+07 4.000951e+07 4.000971e+07 4.000965e+07 4.000952e+07 4.000939e+07 4.000925e+07 4.000911e+07 4.000897e+07 4.000884e+07
4.799515e+14 4.000448e+07 4.000456e+07 4.000533e+07 4.000822e+07 4.000952e+07 4.000971e+07 4.000964e+07 4.000952e+07 4.000939e+07 4.000925e+07 4.000911e+07 4.000897e+07 4.000883e+07
4.671729e+14 4.000455e+07 4.000464e+07 4.000541e+07 4.000827e+07 4.000953e+07 4.000971e+07 4.000964e+07 4.000952e+07 4.000938e+07 4.000925e+07 4.000911e+07 4.000897e+07 4.000883e+07
4.547555e+14 4.000463e+07 4.000471e+07 4.000548e+07 4.000832e+07 4.000954e+07 4.000971e+07 4.000964e+07 4.000952e+07 4.000938e+07 4.000924e+07 4.000910e+07 4.000897e+07 4.000883e+07
4.425772e+14 4.000470e+07 4.000479e+07 4.000556e+07 4.000837e+07 4.000955e+07 4.000971e+07 4.000964e+07 4.000951e+07 4.000938e+07 4.000924e+07 4.000910e+07 4.000896e+07 4.000883e+07
4.308132e+14 4.000477e+07 4.000486e+07 4.000564e+07 4.000842e+07 4.000956e+07 4.000972e+07 4.000964e+07 4.000951e+07 4.000938e+07 4.000924e+07 4.000910e+07 4.000896e+07 4.000882e+07
4.193441e+14 4.000485e+07 4.000493e+07 4.000572e+07 4.000847e+07 4.000958e+07 4.000972e+07 4.000964e+07 4.000951e+07 4.000937e+07 4.000924e+07 4.000910e+07 4.000896e+07 4.000882e+07
4.081176e+14 4.000492e+07 4.000501e+07 4.000579e+07 4.000852e+07 4.000959e+07 4.000972e+07 4.000963e+07 4.000951e+07 4.000937e+07 4.000923e+07 4.000909e+07 4.000896e+07 4.000882e+07
3.972654e+14 4.000500e+07 4.000509e+07 4.000587e+07 4.000856e+07 4.000960e+07 4.000972e+07 4.000963e+07 4.000950e+07 4.000937e+07 4.000923e+07 4.000909e+07 4.000895e+07 4.000882e+07
3.867082e+14 4.000508e+07 4.000516e+07 4.000595e+07 4.000861e+07 4.000961e+07 4.000972e+07 4.000963e+07 4.000950e+07 4.000937e+07 4.000923e+07 4.000909e+07 4.000895e+07 4.000881e+07
3.763432e+14 4.000515e+07 4.000524e+07 4.000603e+07 4.000866e+07 4.000962e+07 4.000972e+07 4.000963e+07 4.000950e+07 4.000936e+07 4.000922e+07 4.000909e+07 4.000895e+07 4.000881e+07
3.663193e+14 4.000523e+07 4.000532e+07 4.000611e+07 4.000871e+07 4.000963e+07 4.000972e+07 4.000963e+07 4.000950e+07 4.000936e+07 4.000922e+07 4.000908e+07 4.000895e+07 4.000881e+07
3.566146e+14 4.000531e+07 4.000539e+07 4.000619e+07 4.000875e+07 4.000964e+07 4.000972e+07 4.000962e+07 4.000949e+07 4.000936e+07 4.000922e+07 4.000908e+07 4.000894e+07 4.000881e+07
3.470587e+14 4.000538e+07 4.000547e+07 4.000627e+07 4.000880e+07 4.000965e+07 4.000972e+07 4.000962e+07 4.000949e+07 4.000935e+07 4.000922e+07 4.000908e+07 4.000894e+07 4.000880e+07
3.377903e+14 4.000546e+07 4.000555e+07 4.000635e+07 4.000885e+07 4.000966e+07 4.000972e+07 4.000962e+07 4.000949e+07 4.000935e+07 4.000921e+07 4.000908e+07 4.000894e+07 4.000880e+07
3.288245e+14 4.000554e+07 4.000563e+07 4.000643e+07 4.000889e+07 4.000967e+07 4.000972e+07 4.000962e+07 4.000949e+07 4.000935e+07 4.000921e+07 4.000907e+07 4.000894e+07 4.000880e+07
3.200717e+14 4.000562e+07 4.000571e+07 4.000651e+07 4.000894e+07 4.000968e+07 4.000972e+07 4.000962e+07 4.000948e+07 4.000935e+07 4.000921e+07 4.000907e+07 4.000893e+07 4.000879e+07
3.114925e+14 4.000570e+07 4.000579e+07 4.000659e+07 4.000899e+07 4.000969e+07 4.000972e+07 4.000961e+07 4.000948e+07 4.000934e+07 4.000921e+07 4.000907e+07 4.000893e+07 4.000879e+07
3.031732e+14 4.000578e+07 4.000586e+07 4.000668e+07 4.000903e+07 4.000970e+07 4.000972e+07 4.000961e+07 4.000948e+07 4.000934e+07 4.000920e+07 4.000907e+07 4.000893e+07 4.000879e+07
2.951313e+14 4.000585e+07 4.000594e+07 4.000676e+07 4.000908e+07 4.000971e+07 4.000972e+07 4.000961e+07 4.000948e+07 4.000934e+07 4.000920e+07 4.000906e+07 4.000893e+07 4.000879e+07
2.872644e+14 4.000593e+07 4.000602e+07 4.000684e+07 4.000912e+07 4.000972e+07 4.000972e+07 4.000961e+07 4.000947e+07 4.000934e+07 4.000920e+07 4.000906e+07 4.000892e+07 4.000878e+07
2.796077e+14 4.000601e+07 4.000610e+07 4.000692e+07 4.000916e+07 4.000973e+07 4.000972e+07 4.000960e+07 4.000947e+07 4.000933e+07 4.000920e+07 4.000906e+07 4.000892e+07 4.000878e+07
2.721546e+14 4.000609e+07 4.000618e+07 4.000700e+07 4.000921e+07 4.000974e+07 4.000972e+07 4.000960e+07 4.000947e+07 4.000933e+07 4.000919e+07 4.000906e+07 4.000892e+07 4.000878e+07
2.649001e+14 4.000617e+07 4.000626e+07 4.000709e+07 4.000925e+07 4.000974e+07 4.000972e+07 4.000960e+07 4.000947e+07 4.000933e+07 4.000919e+07 4.000905e+07 4.000891e+07 4.000878e+07
2.578390e+14 4.000625e+07 4.000634e+07 4.000717e+07 4.000930e+07 4.000975e+07 4.000972e+07 4.000960e+07 4.000946e+07 4.000933e+07 4.000919e+07 4.000905e+07 4.000891e+07 4.000877e+07
2.509660e+14 4.000633e+07 4.000642e+07 4.000725e+07 4.000934e+07 4.000976e+07 4.000972e+07 4.000960e+07 4.000946e+07 4.000932e+07 4.000919e+07 4.000905e+07 4.000891e+07 4.000877e+07
2.442761e+14 4.000641e+07 4.000650e+07 4.000733e+07 4.000938e+07 4.000977e+07 4.000972e+07 4.000959e+07 4.000946e+07 4.000932e+07 4.000918e+07 4.000905e+07 4.000891e+07 4.000877e+07
2.377645e+14 4.000649e+07 4.000658e+07 4.000741e+07 4.000943e+07 4.000978e+07 4.000972e+07 4.000959e+07 4.000946e+07 4.000932e+07 4.000918e+07 4.000904e+07 4.000890e+07 4.000877e+07
2.314265e+14 4.000658e+07 4.000668e+07 4.000751e+07 4.000947e+07 4.000979e+07 4.000972e+07 4.000959e+07 4.000945e+07 4.000932e+07 4.000918e+07 4.000904e+07 4.000890e+07 4.000876e+07
2.252572e+14 4.000666e+07 4.000676e+07 4.000759e+07 4.000952e+07 4.000980e+07 4.000972e+07 4.000959e+07 4.000945e+07 4.000931e+07 4.000918e+07 4.000904e+07 4.000890e+07 4.000876e+07
2.192524e+14 4.000674e+07 4.000684e+07 4.000767e+07 4.000956e+07 4.000981e+07 4.000972e+07 4.000959e+07 4.000945e+07 4.000931e+07 4.000917e+07 4.000903e+07 4.000890e+07 4.000876e+07
2.134070e+14 4.000682e+07 4.000692e+07 4.000775e+07 4.000960e+07 4.000981e+07 4.000972e+07 4.000958e+07 4.000945e+07 4.000931e+07 4.000917e+07 4.000903e+07 4.000889e+07 4.000876e+07
2.077178e+14 4.000691e+07 4.000700e+07 4.000784e+07 4.000964e+07 4.000982e+07 4.000972e+07 4.000958e+07 4.000944e+07 4.000931e+07 4.000917e+07 4.000903e+07 4.000889e+07 4.000875e+07
2.021801e+14 4.000699e+07 4.000708e+07 4.000792e+07 4.000968e+07 4.000983e+07 4.000971e+07 4.000958e+07 4.000944e+07 4.000930e+07 4.000916e+07 4.000903e+07 4.000889e+07 4.000875e+07
1.967898e+14 4.000707e+07 4.000716e+07 4.000800e+07 4.000972e+07 4.000984e+07 4.000971e+07 4.000958e+07 4.000944e+07 4.000930e+07 4.000916e+07 4.000902e+07 4.000889e+07 4.000875e+07
1.915434e+14 4.000715e+07 4.000725e+07 4.000809e+07 4.000977e+07 4.000985e+07 4.000971e+07 4.000957e+07 4.000944e+07 4.000930e+07 4.000916e+07 4.000902e+07 4.000888e+07 4.000874e+07
1.864367e+14 4.000723e+07 4.000733e+07 4.000817e+07 4.000981e+07 4.000985e+07 4.000971e+07 4.000957e+07 4.000943e+07 4.000929e+07 4.000916e+07 4.000902e+07 4.000888e+07 4.000874e+07
1.814663e+14 4.000732e+07 4.000741e+07 4.000826e+07 4.000985e+07 4.000986e+07 4.000971e+07 4.000957e+07 4.000943e+07 4.000929e+07 4.000915e+07 4.000902e+07 4.000888e+07 4.000874e+07
1.766298e+14 4.000740e+07 4.000750e+07 4.000834e+07 4.000989e+07 4.000987e+07 4.000971e+07 4.000957e+07 4.000943e+07 4.000929e+07 4.000915e+07 4.000901e+07 4.000887e+07 4.000874e+07
1.719216e+14 4.000749e+07 4.000758e+07 4.000843e+07 4.000993e+07 4.000988e+07 4.000971e+07 4.000957e+07 4.000943e+07 4.000929e+07 4.000915e+07 4.000901e+07 4.000887e+07 4.000873e+07
1.673408e+14 4.000757e+07 4.000767e+07 4.000851e+07 4.000997e+07 4.000989e+07 4.000971e+07 4.000956e+07 4.000942e+07 4.000928e+07 4.000915e+07 4.000901e+07 4.000887e+07 4.000873e+07
1.628842e+14 4.000765e+07 4.000775e+07 4.000860e+07 4.001002e+07 4.000989e+07 4.000971e+07 4.000956e+07 4.000942e+07 4.000928e+07 4.000914e+07 4.000900e+07 4.000887e+07 4.000873e+07
1.585487e+14 4.000774e+07 4.000784e+07 4.000869e+07 4.001006e+07 4.000990e+07 4.000971e+07 4.000956e+07 4.000942e+07 4.000928e+07 4.000914e+07 4.000900e+07 4.000886e+07 4.000873e+07
1.543301e+14 4.000782e+07 4.000792e+07 4.000877e+07 4.001010e+07 4.000991e+07 4.000971e+07 4.000956e+07 4.000941e+07 4.000928e+07 4.000914e+07 4.000900e+07 4.000886e+07 4.000872e+07
1.502235e+14 4.000790e+07 4.000800e+07 4.000885e+07 4.001014e+07 4.000992e+07 4.000971e+07 4.000955e+07 4.000941e+07 4.000927e+07 4.000914e+07 4.000900e+07 4.000886e+07 4.000872e+07
1.462285e+14 4.001023e+07 4.001033e+07 4.001121e+07 4.001126e+07 4.001013e+07 4.000970e+07 4.000949e+07 4.000934e+07 4.000920e+07 4.000906e+07 4.000892e+07 4.000878e+07 4.000865e+07
1.423365e+14 4.001238e+07 4.001249e+07 4.001339e+07 4.001230e+07 4.001033e+07 4.000968e+07 4.000943e+07 4.000927e+07 4.000913e+07 4.000899e+07 4.000885e+07 4.000871e+07 4.000858e+07
1.385426e+14 4.001433e+07 4.001445e+07 4.001537e+07 4.001324e+07 4.001050e+07 4.000967e+07 4.000938e+07 4.000921e+07 4.000907e+07 4.000893e+07 4.000879e+07 4.000865e+07 4.000851e+07
1.348461e+14 4.001612e+07 4.001624e+07 4.001717e+07 4.001410e+07 4.001067e+07 4.000966e+07 4.000933e+07 4.000916e+07 4.000901e+07 4.000887e+07 4.000873e+07 4.000859e+07 4.000846e+07
1.312397e+14 4.001776e+07 4.001789e+07 4.001883e+07 4.001488e+07 4.001081e+07 4.000965e+07 4.000929e+07 4.000911e+07 4.000896e+07 4.000882e+07 4.000868e+07 4.000854e+07 4.000840e+07
1.277287e+14 4.001930e+07 4.001944e+07 4.002039e+07 4.001561e+07 4.001095e+07 4.000964e+07 4.000925e+07 4.000906e+07 4.000891e+07 4.000877e+07 4.000863e+07 4.000849e+07 4.000835e+07
1.243120e+14 4.002080e+07 4.002094e+07 4.002190e+07 4.001632e+07 4.001108e+07 4.000963e+07 4.000921e+07 4.000901e+07 4.000886e+07 4.000872e+07 4.000858e+07 4.000844e+07 4.000830e+07
1.209901e+14 4.002227e+07 4.002241e+07 4.002338e+07 4.001701e+07 4.001121e+07 4.000962e+07 4.000917e+07 4.000897e+07 4.000881e+07 4.000867e+07 4.000853e+07 4.000840e+07 4.000826e+07
1.177582e+14 4.002371e+07 4.002387e+07 4.002484e+07 4.001769e+07 4.001134e+07 4.000961e+07 4.000913e+07 4.000892e+07 4.000877e+07 4.000863e+07 4.000849e+07 4.000835e+07 4.000821e+07
1.146161e+14 4.002517e+07 4.002532e+07 4.002630e+07 4.001837e+07 4.001146e+07 4.000960e+07 4.000909e+07 4.000888e+07 4.000872e+07 4.000858e+07 4.000844e+07 4.000830e+07 4.000816e+07
1.115600e+14 4.002663e+07 4.002680e+07 4.002778e+07 4.001905e+07 4.001159e+07 4.000959e+07 4.000905e+07 4.000883e+07 4.000867e+07 4.000853e+07 4.000839e+07 4.000826e+07 4.000812e+07
1.085863e+14 4.002812e+07 4.002829e+07 4.002927e+07 4.001974e+07 4.001172e+07 4.000958e+07 4.000901e+07 4.000878e+07 4.000863e+07 4.000849e+07 4.000835e+07 4.000821e+07 4.000807e+07
1.056925e+14 4.002963e+07 4.002981e+07 4.003079e+07 4.002043e+07 4.001185e+07 4.000956e+07 4.000897e+07 4.000874e+07 4.000858e+07 4.000844e+07 4.000830e+07 4.000816e+07 4.000802e+07
1.028761e+14 4.003116e+07 4.003134e+07 4.003232e+07 4.002113e+07 4.001198e+07 4.000955e+07 4.000893e+07 4.000869e+07 4.000853e+07 4.000839e+07 4.000825e+07 4.000811e+07 4.000797e+07
1.001348e+14 4.003272e+07 4.003290e+07 4.003387e+07 4.002184e+07 4.001211e+07 4.000954e+07 4.000888e+07 4.000864e+07 4.000848e+07 4.000834e+07 4.000820e+07 4.000806e+07 4.000792e+07
9.746542e+13 4.003427e+07 4.003446e+07 4.003543e+07 4.002254e+07 4.001223e+07 4.000953e+07 4.000884e+07 4.000859e+07 4.000843e+07 4.000829e+07 4.000815e+07 4.000801e+07 4.000787e+07
9.486240e+13 4.003585e+07 4.003604e+07 4.003700e+07 4.002325e+07 4.001236e+07 4.000952e+07 4.000880e+07 4.000854e+07 4.000838e+07 4.000824e+07 4.000810e+07 4.000796e+07 4.000782e+07
9.233368e+13 4.003745e+07 4.003765e+07 4.003860e+07 4.002397e+07 4.001249e+07 4.000950e+07 4.000876e+07 4.000849e+07 4.000833e+07 4.000819e+07 4.000805e+07 4.000791e+07 4.000777e+07
8.989929e+13 4.003907e+07 4.003928e+07 4.004021e+07 4.002470e+07 4.001263e+07 4.000949e+07 4.000871e+07 4.000844e+07 4.000828e+07 4.000814e+07 4.000800e+07 4.000786e+07 4.000772e+07
8.747668e+13 4.004069e+07 4.004090e+07 4.004182e+07 4.002542e+07 4.001276e+07 4.000948e+07 4.000867e+07 4.000839e+07 4.000823e+07 4.000808e+07 4.000794e+07 4.000781e+07 4.000767e+07
8.514485e+13 4.004233e+07 4.004255e+07 4.004346e+07 4.002615e+07 4.001289e+07 4.000946e+07 4.000862e+07 4.000834e+07 4.000818e+07 4.000803e+07 4.000789e+07 4.000775e+07 4.000762e+07
8.289547e+13 4.004401e+07 4.004423e+07 4.004512e+07 4.002690e+07 4.001303e+07 4.000945e+07 4.000858e+07 4.000829e+07 4.000812e+07 4.000798e+07 4.000784e+07 4.000770e+07 4.000756e+07
8.066600e+13 4.004568e+07 4.004590e+07 4.004678e+07 4.002764e+07 4.001316e+07 4.000944e+07 4.000853e+07 4.000824e+07 4.000807e+07 4.000792e+07 4.000779e+07 4.000765e+07 4.000751e+07
7.851572e+13 4.004736e+07 4.004759e+07 4.004846e+07 4.002839e+07 4.001330e+07 4.000942e+07 4.000849e+07 4.000819e+07 4.000802e+07 4.000787e+07 4.000773e+07 4.000759e+07 4.000746e+07
7.642275e+13 4.004909e+07 4.004932e+07 4.005018e+07 4.002916e+07 4.001344e+07 4.000941e+07 4.000844e+07 4.000813e+07 4.000796e+07 4.000782e+07 4.000768e+07 4.000754e+07 4.000740e+07
7.439557e+13 4.005082e+07 4.005107e+07 4.005191e+07 4.002994e+07 4.001358e+07 4.000939e+07 4.000839e+07 4.000808e+07 4.000791e+07 4.000776e+07 4.000762e+07 4.000748e+07 4.000734e+07
7.240271e+13 4.005256e+07 4.005281e+07 4.005364e+07 4.003071e+07 4.001372e+07 4.000938e+07 4.000835e+07 4.000803e+07 4.000785e+07 4.000771e+07 4.000757e+07 4.000743e+07 4.000729e+07
7.047269e+13 4.005435e+07 4.005461e+07 4.005542e+07 4.003151e+07 4.001386e+07 4.000937e+07 4.000830e+07 4.000797e+07 4.000779e+07 4.000765e+07 4.000751e+07 4.000737e+07 4.000723e+07
6.860469e+13 4.005618e+07 4.005644e+07 4.005724e+07 4.003232e+07 4.001401e+07 4.000935e+07 4.000825e+07 4.000791e+07 4.000774e+07 4.000759e+07 4.000745e+07 4.000731e+07 4.000717e+07
6.676564e+13 4.005802e+07 4.005829e+07 4.005907e+07 4.003314e+07 4.001416e+07 4.000934e+07 4.000820e+07 4.000786e+07 4.000768e+07 4.000753e+07 4.000739e+07 4.000725e+07 4.000711e+07
6.498589e+13 4.005989e+07 4.006016e+07 4.006093e+07 4.003397e+07 4.001431e+07 4.000932e+07 4.000815e+07 4.000780e+07 4.000762e+07 4.000747e+07 4.000733e+07 4.000719e+07 4.000706e+07
6.325358e+13 4.006181e+07 4.006210e+07 4.006284e+07 4.003483e+07 4.001447e+07 4.000930e+07 4.000810e+07 4.000774e+07 4.000756e+07 4.000741e+07 4.000727e+07 4.000713e+07 4.000699e+07
6.158219e+13 4.006378e+07 4.006407e+07 4.006480e+07 4.003570e+07 4.001463e+07 4.000929e+07 4.000804e+07 4.000768e+07 4.000750e+07 4.000735e+07 4.000721e+07 4.000707e+07 4.000693e+07
5.992628e+13 4.006578e+07 4.006607e+07 4.006678e+07 4.003659e+07 4.001479e+07 4.000927e+07 4.000799e+07 4.000762e+07 4.000743e+07 4.000728e+07 4.000714e+07 4.000701e+07 4.000687e+07
5.832884e+13 4.006782e+07 4.006812e+07 4.006881e+07 4.003750e+07 4.001495e+07 4.000925e+07 4.000793e+07 4.000755e+07 4.000737e+07 4.000722e+07 4.000708e+07 4.000694e+07 4.000680e+07
5.677399e+13 4.006993e+07 4.007024e+07 4.007091e+07 4.003843e+07 4.001512e+07 4.000924e+07 4.000788e+07 4.000749e+07 4.000730e+07 4.000715e+07 4.000701e+07 4.000687e+07 4.000674e+07
5.526552e+13 4.007209e+07 4.007240e+07 4.007305e+07 4.003939e+07 4.001529e+07 4.000922e+07 4.000782e+07 4.000742e+07 4.000723e+07 4.000708e+07 4.000694e+07 4.000680e+07 4.000667e+07
5.378752e+13 4.007429e+07 4.007461e+07 4.007524e+07 4.004037e+07 4.001547e+07 4.000920e+07 4.000776e+07 4.000736e+07 4.000716e+07 4.000701e+07 4.000687e+07 4.000673e+07 4.000660e+07
5.235373e+13 4.007655e+07 4.007688e+07 4.007749e+07 4.004137e+07 4.001565e+07 4.000918e+07 4.000770e+07 4.000729e+07 4.000709e+07 4.000694e+07 4.000680e+07 4.000666e+07 4.000652e+07
5.095815e+13 4.007889e+07 4.007923e+07 4.007982e+07 4.004241e+07 4.001584e+07 4.000916e+07 4.000764e+07 4.000721e+07 4.000702e+07 4.000687e+07 4.000673e+07 4.000659e+07 4.000645e+07
4.960062e+13 4.008129e+07 4.008164e+07 4.008220e+07 4.004347e+07 4.001603e+07 4.000914e+07 4.000757e+07 4.000714e+07 4.000694e+07 4.000679e+07 4.000665e+07 4.000651e+07 4.000637e+07
4.827761e+13 4.008376e+07 4.008411e+07 4.008465e+07 4.004456e+07 4.001623e+07 4.000912e+07 4.000750e+07 4.000706e+07 4.000686e+07 4.000671e+07 4.000657e+07 4.000643e+07 4.000629e+07
4.699069e+13 4.008630e+07 4.008666e+07 4.008718e+07 4.004569e+07 4.001644e+07 4.000910e+07 4.000743e+07 4.000698e+07 4.000678e+07 4.000663e+07 4.000649e+07 4.000635e+07 4.000621e+07
4.573868e+13 4.008893e+07 4.008930e+07 4.008979e+07 4.004685e+07 4.001665e+07 4.000908e+07 4.000736e+07 4.000690e+07 4.000670e+07 4.000655e+07 4.000641e+07 4.000627e+07 4.000613e+07
4.451886e+13 4.009163e+07 4.009201e+07 4.009247e+07 4.004805e+07 4.001686e+07 4.000906e+07 4.000729e+07 4.000682e+07 4.000661e+07 4.000646e+07 4.000632e+07 4.000618e+07 4.000604e+07
4.333213e+13 4.009441e+07 4.009480e+07 4.009524e+07 4.004928e+07 4.001708e+07 4.000903e+07 4.000722e+07 4.000673e+07 4.000653e+07 4.000637e+07 4.000623e+07 4.000609e+07 4.000596e+07
4.217704e+13 4.009729e+07 4.009769e+07 4.009809e+07 4.005055e+07 4.001731e+07 4.000901e+07 4.000714e+07 4.000664e+07 4.000643e+07 4.000628e+07 4.000614e+07 4.000600e+07 4.000586e+07
4.105370e+13 4.010027e+07 4.010067e+07 4.010105e+07 4.005186e+07 4.001755e+07 4.000899e+07 4.000706e+07 4.000655e+07 4.000634e+07 4.000619e+07 4.000605e+07 4.000591e+07 4.000577e+07
3.995841e+13 4.010333e+07 4.010375e+07 4.010409e+07 4.005322e+07 4.001780e+07 4.000896e+07 4.000697e+07 4.000646e+07 4.000624e+07 4.000609e+07 4.000595e+07 4.000581e+07 4.000567e+07
3.889326e+13 4.010649e+07 4.010692e+07 4.010723e+07 4.005461e+07 4.001805e+07 4.000893e+07 4.000689e+07 4.000636e+07 4.000614e+07 4.000599e+07 4.000585e+07 4.000571e+07 4.000557e+07
3.785649e+13 4.010976e+07 4.011020e+07 4.011048e+07 4.005606e+07 4.001831e+07 4.000891e+07 4.000680e+07 4.000626e+07 4.000604e+07 4.000589e+07 4.000574e+07 4.000561e+07 4.000547e+07
3.684836e+13 4.011314e+07 4.011359e+07 4.011383e+07 4.005755e+07 4.001858e+07 4.000888e+07 4.000671e+07 4.000616e+07 4.000593e+07 4.000578e+07 4.000564e+07 4.000550e+07 4.000536e+07
3.586514e+13 4.011663e+07 4.011709e+07 4.011729e+07 4.005909e+07 4.001886e+07 4.000885e+07 4.000661e+07 4.000605e+07 4.000582e+07 4.000567e+07 4.000553e+07 4.000539e+07 4.000525e+07
3.490909e+13 4.012024e+07 4.012071e+07 4.012087e+07 4.006067e+07 4.001914e+07 4.000882e+07 4.000652e+07 4.000594e+07 4.000571e+07 4.000555e+07 4.000541e+07 4.000527e+07 4.000513e+07
3.397853e+13 4.012396e+07 4.012445e+07 4.012456e+07 4.006232e+07 4.001944e+07 4.000879e+07 4.000642e+07 4.000582e+07 4.000559e+07 4.000543e+07 4.000529e+07 4.000515e+07 4.000502e+07
3.307332e+13 4.012781e+07 4.012831e+07 4.012838e+07 4.006401e+07 4.001975e+07 4.000875e+07 4.000631e+07 4.000570e+07 4.000547e+07 4.000531e+07 4.000517e+07 4.000503e+07 4.000489e+07
3.219117e+13 4.013178e+07 4.013229e+07 4.013232e+07 4.006576e+07 4.002006e+07 4.000872e+07 4.000621e+07 4.000558e+07 4.000534e+07 4.000519e+07 4.000504e+07 4.000491e+07 4.000477e+07
3.133306e+13 4.013588e+07 4.013641e+07 4.013639e+07 4.006756e+07 4.002039e+07 4.000869e+07 4.000609e+07 4.000546e+07 4.000522e+07 4.000506e+07 4.000491e+07 4.000477e+07 4.000464e+07
3.049782e+13 4.014012e+07 4.014066e+07 4.014059e+07 4.006943e+07 4.002072e+07 4.000865e+07 4.000598e+07 4.000532e+07 4.000508e+07 4.000492e+07 4.000478e+07 4.000464e+07 4.000450e+07
2.968492e+13 4.014450e+07 4.014505e+07 4.014493e+07 4.007135e+07 4.002107e+07 4.000861e+07 4.000586e+07 4.000519e+07 4.000494e+07 4.000478e+07 4.000464e+07 4.000450e+07 4.000436e+07
2.889356e+13 4.014901e+07 4.014958e+07 4.014941e+07 4.007333e+07 4.002143e+07 4.000858e+07 4.000574e+07 4.000505e+07 4.000480e+07 4.000464e+07 4.000450e+07 4.000436e+07 4.000422e+07
2.812335e+13 4.015367e+07 4.015426e+07 4.015403e+07 4.007538e+07 4.002180e+07 4.000854e+07 4.000561e+07 4.000491e+07 4.000465e+07 4.000449e+07 4.000435e+07 4.000421e+07 4.000407e+07
2.737425e+13 4.015849e+07 4.015909e+07 4.015880e+07 4.007749e+07 4.002218e+07 4.000850e+07 4.000548e+07 4.000476e+07 4.000450e+07 4.000434e+07 4.000420e+07 4.000406e+07 4.000392e+07
2.664398e+13 4.016345e+07 4.016407e+07 4.016371e+07 4.007966e+07 4.002257e+07 4.000845e+07 4.000535e+07 4.000461e+07 4.000435e+07 4.000418e+07 4.000404e+07 4.000390e+07 4.000376e+07
2.593375e+13 4.016856e+07 4.016920e+07 4.016878e+07 4.008191e+07 4.002297e+07 4.000841e+07 4.000521e+07 4.000445e+07 4.000418e+07 4.000402e+07 4.000388e+07 4.000374e+07 4.000360e+07
2.524244e+13 4.017384e+07 4.017449e+07 4.017401e+07 4.008422e+07 4.002339e+07 4.000837e+07 4.000507e+07 4.000429e+07 4.000402e+07 4.000385e+07 4.000371e+07 4.000357e+07 4.000343e+07
2.457033e+13 4.017928e+07 4.017995e+07 4.017940e+07 4.008660e+07 4.002382e+07 4.000832e+07 4.000492e+07 4.000412e+07 4.000385e+07 4.000368e+07 4.000354e+07 4.000340e+07 4.000326e+07
2.391462e+13 4.018488e+07 4.018557e+07 4.018495e+07 4.008905e+07 4.002426e+07 4.000827e+07 4.000477e+07 4.000395e+07 4.000367e+07 4.000350e+07 4.000336e+07 4.000322e+07 4.000308e+07
2.327713e+13 4.019065e+07 4.019136e+07 4.019066e+07 4.009157e+07 4.002471e+07 4.000822e+07 4.000462e+07 4.000377e+07 4.000349e+07 4.000332e+07 4.000318e+07 4.000304e+07 4.000290e+07
2.265691e+13 4.019661e+07 4.019734e+07 4.019656e+07 4.009418e+07 4.002518e+07 4.000817e+07 4.000446e+07 4.000359e+07 4.000330e+07 4.000313e+07 4.000299e+07 4.000285e+07 4.000271e+07
2.205269e+13 4.020273e+07 4.020347e+07 4.020262e+07 4.009685e+07 4.002566e+07 4.000812e+07 4.000429e+07 4.000340e+07 4.000311e+07 4.000294e+07 4.000279e+07 4.000265e+07 4.000252e+07
2.146484e+13 4.020901e+07 4.020978e+07 4.020884e+07 4.009959e+07 4.002616e+07 4.000807e+07 4.000412e+07 4.000321e+07 4.000291e+07 4.000274e+07 4.000260e+07 4.000246e+07 4.000232e+07
2.089266e+13 4.021550e+07 4.021628e+07 4.021525e+07 4.010242e+07 4.002666e+07 4.000801e+07 4.000395e+07 4.000301e+07 4.000271e+07 4.000253e+07 4.000239e+07 4.000225e+07 4.000211e+07
2.033705e+13 4.022216e+07 4.022297e+07 4.022185e+07 4.010533e+07 4.002719e+07 4.000795e+07 4.000377e+07 4.000280e+07 4.000250e+07 4.000232e+07 4.000218e+07 4.000204e+07 4.000190e+07
1.979365e+13 4.022900e+07 4.022983e+07 4.022861e+07 4.010830e+07 4.002772e+07 4.000789e+07 4.000358e+07 4.000259e+07 4.000228e+07 4.000211e+07 4.000196e+07 4.000182e+07 4.000168e+07
1.926602e+13 4.023603e+07 4.023688e+07 4.023556e+07 4.011136e+07 4.002827e+07 4.000783e+07 4.000339e+07 4.000238e+07 4.000206e+07 4.000189e+07 4.000174e+07 4.000160e+07 4.000146e+07
1.875273e+13 4.024327e+07 4.024415e+07 4.024273e+07 4.011451e+07 4.002883e+07 4.000777e+07 4.000320e+07 4.000216e+07 4.000183e+07 4.000166e+07 4.000151e+07 4.000137e+07 4.000123e+07
1.825257e+13 4.025068e+07 4.025159e+07 4.025006e+07 4.011774e+07 4.002941e+07 4.000771e+07 4.000300e+07 4.000193e+07 4.000160e+07 4.000142e+07 4.000128e+07 4.000114e+07 4.000100e+07
1.776602e+13 4.025828e+07 4.025921e+07 4.025756e+07 4.012104e+07 4.003000e+07 4.000764e+07 4.000279e+07 4.000170e+07 4.000136e+07 4.000118e+07 4.000104e+07 4.000090e+07 4.000076e+07
1.729244e+13 4.026610e+07 4.026705e+07 4.026529e+07 4.012443e+07 4.003061e+07 4.000758e+07 4.000258e+07 4.000146e+07 4.000112e+07 4.000094e+07 4.000079e+07 4.000065e+07 4.000051e+07
1.683277e+13 4.027411e+07 4.027510e+07 4.027321e+07 4.012791e+07 4.003124e+07 4.000751e+07 4.000237e+07 4.000121e+07 4.000086e+07 4.000068e+07 4.000054e+07 4.000040e+07 4.000026e+07
1.638281e+13 4.028230e+07 4.028331e+07 4.028130e+07 4.013146e+07 4.003187e+07 4.000744e+07 4.000215e+07 4.000096e+07 4.000061e+07 4.000043e+07 4.000028e+07 4.000014e+07 4.000000e+07
1.594610e+13 4.029071e+07 4.029174e+07 4.028960e+07 4.013510e+07 4.003252e+07 4.000736e+07 4.000192e+07 4.000070e+07 4.000034e+07 4.000016e+07 4.000001e+07 3.999987e+07 3.999974e+07
1.552181e+13 4.029934e+07 4.030041e+07 4.029813e+07 4.013884e+07 4.003319e+07 4.000729e+07 4.000169e+07 4.000044e+07 4.000007e+07 3.999989e+07 3.999974e+07 3.999960e+07 3.999946e+07
1.510729e+13 4.030815e+07 4.030924e+07 4.030683e+07 4.014265e+07 4.003387e+07 4.000721e+07 4.000145e+07 4.000017e+07 3.999980e+07 3.999961e+07 3.999946e+07 3.999932e+07 3.999919e+07
1.470458e+13 4.031715e+07 4.031827e+07 4.031571e+07 4.014654e+07 4.003457e+07 4.000713e+07 4.000121e+07 3.999989e+07 3.999951e+07 3.999933e+07 3.999918e+07 3.999904e+07 3.999890e+07
1.431260e+13 4.032640e+07 4.032756e+07 4.032485e+07 4.015053e+07 4.003528e+07 4.000705e+07 4.000096e+07 3.999961e+07 3.999922e+07 3.999904e+07 3.999889e+07 3.999875e+07 3.999861e+07
1.393172e+13 4.033585e+07 4.033703e+07 4.033417e+07 4.015461e+07 4.003601e+07 4.000697e+07 4.000071e+07 3.999932e+07 3.999893e+07 3.999874e+07 3.999859e+07 3.999845e+07 3.999831e+07
1.355972e+13 4.034547e+07 4.034668e+07 4.034365e+07 4.015876e+07 4.003675e+07 4.000689e+07 4.000045e+07 3.999903e+07 3.999863e+07 3.999844e+07 3.999829e+07 3.999815e+07 3.999801e+07
1.319826e+13 4.035533e+07 4.035658e+07 4.035339e+07 4.016301e+07 4.003751e+07 4.000680e+07 4.000019e+07 3.999873e+07 3.999832e+07 3.999813e+07 3.999798e+07 3.999784e+07 3.999770e+07
1.284814e+13 4.036542e+07 4.036670e+07 4.036334e+07 4.016735e+07 4.003829e+07 4.000671e+07 3.999992e+07 3.999842e+07 3.999800e+07 3.999781e+07 3.999766e+07 3.999752e+07 3.999738e+07
1.250400e+13 4.037568e+07 4.037699e+07 4.037345e+07 4.017176e+07 4.003907e+07 4.000662e+07 3.999964e+07 3.999811e+07 3.999768e+07 3.999749e+07 3.999734e+07 3.999720e+07 3.999706e+07
1.217068e+13 4.038615e+07 4.038750e+07 4.038377e+07 4.017626e+07 4.003988e+07 4.000653e+07 3.999936e+07 3.999779e+07 3.999736e+07 3.999716e+07 3.999701e+07 3.999687e+07 3.999673e+07
1.184668e+13 4.039689e+07 4.039828e+07 4.039435e+07 4.018087e+07 4.004070e+07 4.000644e+07 3.999907e+07 3.999746e+07 3.999702e+07 3.999682e+07 3.999667e+07 3.999653e+07 3.999639e+07
1.153047e+13 4.040780e+07 4.040922e+07 4.040510e+07 4.018555e+07 4.004153e+07 4.000634e+07 3.999878e+07 3.999713e+07 3.999668e+07 3.999648e+07 3.999633e+07 3.999619e+07 3.999605e+07
1.122311e+13 4.041888e+07 4.042033e+07 4.041601e+07 4.019030e+07 4.004238e+07 4.000624e+07 3.999848e+07 3.999679e+07 3.999633e+07 3.999613e+07 3.999598e+07 3.999584e+07 3.999570e+07
1.092394e+13 4.043025e+07 4.043174e+07 4.042720e+07 4.019517e+07 4.004324e+07 4.000614e+07 3.999818e+07 3.999644e+07 3.999598e+07 3.999578e+07 3.999562e+07 3.999548e+07 3.999534e+07
1.063354e+13 4.044180e+07 4.044333e+07 4.043858e+07 4.020011e+07 4.004412e+07 4.000604e+07 3.999787e+07 3.999609e+07 3.999562e+07 3.999541e+07 3.999526e+07 3.999512e+07 3.999498e+07
1.034931e+13 4.045351e+07 4.045508e+07 4.045010e+07 4.020511e+07 4.004501e+07 4.000594e+07 3.999756e+07 3.999573e+07 3.999525e+07 3.999505e+07 3.999489e+07 3.999475e+07 3.999462e+07
1.007343e+13 4.046548e+07 4.046709e+07 4.046188e+07 4.021023e+07 4.004592e+07 4.000583e+07 3.999724e+07 3.999537e+07 3.999488e+07 3.999467e+07 3.999452e+07 3.999438e+07 3.999424e+07
9.806516e+12 4.047768e+07 4.047933e+07 4.047389e+07 4.021543e+07 4.004685e+07 4.000572e+07 3.999691e+07 3.999500e+07 3.999450e+07 3.999429e+07 3.999414e+07 3.999400e+07 3.999386e+07
9.543542e+12 4.049003e+07 4.049172e+07 4.048603e+07 4.022069e+07 4.004778e+07 4.000561e+07 3.999658e+07 3.999462e+07 3.999412e+07 3.999390e+07 3.999375e+07 3.999361e+07 3.999347e+07
9.289143e+12 4.050259e+07 4.050432e+07 4.049837e+07 4.022604e+07 4.004873e+07 4.000550e+07 3.999624e+07 3.999424e+07 3.999373e+07 3.999351e+07 3.999336e+07 3.999322e+07 3.999308e+07
9.042007e+12 4.051543e+07 4.051720e+07 4.051100e+07 4.023151e+07 4.004970e+07 4.000539e+07 3.999590e+07 3.999385e+07 3.999333e+07 3.999311e+07 3.999296e+07 3.999281e+07 3.999268e+07
8.800509e+12 4.052841e+07 4.053023e+07 4.052375e+07 4.023702e+07 4.005068e+07 4.000527e+07 3.999555e+07 3.999346e+07 3.999292e+07 3.999270e+07 3.999255e+07 3.999241e+07 3.999227e+07
8.565917e+12 4.054155e+07 4.054340e+07 4.053666e+07 4.024260e+07 4.005167e+07 4.000515e+07 3.999520e+07 3.999306e+07 3.999251e+07 3.999229e+07 3.999214e+07 3.999200e+07 3.999186e+07
8.337578e+12 4.055500e+07 4.055690e+07 4.054987e+07 4.024830e+07 4.005268e+07 4.000503e+07 3.999484e+07 3.999265e+07 3.999210e+07 3.999187e+07 3.999172e+07 3.999158e+07 3.999144e+07
8.115927e+12 4.056860e+07 4.057055e+07 4.056323e+07 4.025407e+07 4.005370e+07 4.000491e+07 3.999448e+07 3.999224e+07 3.999167e+07 3.999145e+07 3.999129e+07 3.999115e+07 3.999101e+07
7.898999e+12 4.058232e+07 4.058431e+07 4.057669e+07 4.025987e+07 4.005473e+07 4.000479e+07 3.999411e+07 3.999182e+07 3.999125e+07 3.999102e+07 3.999087e+07 3.999072e+07 3.999059e+07
7.688438e+12 4.059632e+07 4.059836e+07 4.059043e+07 4.026579e+07 4.005577e+07 4.000466e+07 3.999374e+07 3.999140e+07 3.999081e+07 3.999059e+07 3.999043e+07 3.999029e+07 3.999015e+07
7.485052e+12 4.061054e+07 4.061262e+07 4.060438e+07 4.027180e+07 4.005683e+07 4.000454e+07 3.999336e+07 3.999097e+07 3.999037e+07 3.999014e+07 3.998999e+07 3.998984e+07 3.998971e+07
7.284005e+12 4.062486e+07 4.062699e+07 4.061842e+07 4.027784e+07 4.005790e+07 4.000441e+07 3.999298e+07 3.999054e+07 3.998993e+07 3.998970e+07 3.998954e+07 3.998940e+07 3.998926e+07
7.089838e+12 4.063939e+07 4.064157e+07 4.063267e+07 4.028397e+07 4.005898e+07 4.000428e+07 3.999259e+07 3.999010e+07 3.998948e+07 3.998925e+07 3.998909e+07 3.998895e+07 3.998881e+07
6.901326e+12 4.065421e+07 4.065644e+07 4.064719e+07 4.029021e+07 4.006009e+07 4.000414e+07 3.999220e+07 3.998965e+07 3.998902e+07 3.998879e+07 3.998863e+07 3.998848e+07 3.998835e+07
6.716893e+12 4.066912e+07 4.067140e+07 4.066180e+07 4.029648e+07 4.006119e+07 4.000401e+07 3.999180e+07 3.998920e+07 3.998856e+07 3.998832e+07 3.998816e+07 3.998802e+07 3.998788e+07
6.537843e+12 4.068415e+07 4.068647e+07 4.067652e+07 4.030279e+07 4.006230e+07 4.000387e+07 3.999140e+07 3.998875e+07 3.998810e+07 3.998785e+07 3.998770e+07 3.998755e+07 3.998741e+07
6.363566e+12 4.069950e+07 4.070188e+07 4.069156e+07 4.030923e+07 4.006344e+07 4.000373e+07 3.999099e+07 3.998828e+07 3.998762e+07 3.998738e+07 3.998722e+07 3.998708e+07 3.998694e+07
6.194527e+12 4.071499e+07 4.071741e+07 4.070671e+07 4.031573e+07 4.006458e+07 4.000359e+07 3.999058e+07 3.998782e+07 3.998714e+07 3.998690e+07 3.998674e+07 3.998660e+07 3.998646e+07
6.028825e+12 4.073053e+07 4.073301e+07 4.072193e+07 4.032224e+07 4.006573e+07 4.000345e+07 3.999017e+07 3.998735e+07 3.998666e+07 3.998642e+07 3.998626e+07 3.998611e+07 3.998597e+07
5.868117e+12 4.074636e+07 4.074888e+07 4.073741e+07 4.032886e+07 4.006689e+07 4.000331e+07 3.998975e+07 3.998687e+07 3.998618e+07 3.998592e+07 3.998576e+07 3.998562e+07 3.998548e+07
5.712843e+12 4.076240e+07 4.076498e+07 4.075310e+07 4.033556e+07 4.006807e+07 4.000316e+07 3.998932e+07 3.998639e+07 3.998568e+07 3.998543e+07 3.998527e+07 3.998512e+07 3.998499e+07
5.559438e+12 4.077848e+07 4.078112e+07 4.076883e+07 4.034227e+07 4.006925e+07 4.000301e+07 3.998889e+07 3.998590e+07 3.998519e+07 3.998493e+07 3.998477e+07 3.998463e+07 3.998449e+07
5.411242e+12 4.079473e+07 4.079741e+07 4.078470e+07 4.034905e+07 4.007044e+07 4.000286e+07 3.998846e+07 3.998541e+07 3.998468e+07 3.998443e+07 3.998427e+07 3.998412e+07 3.998398e+07
5.266999e+12 4.081131e+07 4.081405e+07 4.080090e+07 4.035595e+07 4.007165e+07 4.000271e+07 3.998802e+07 3.998492e+07 3.998417e+07 3.998391e+07 3.998375e+07 3.998361e+07 3.998347e+07
5.126596e+12 4.082792e+07 4.083072e+07 4.081713e+07 4.036286e+07 4.007287e+07 4.000256e+07 3.998758e+07 3.998442e+07 3.998366e+07 3.998340e+07 3.998324e+07 3.998309e+07 3.998296e+07
4.989938e+12 4.084455e+07 4.084740e+07 4.083337e+07 4.036977e+07 4.007408e+07 4.000241e+07 3.998714e+07 3.998392e+07 3.998315e+07 3.998289e+07 3.998272e+07 3.998258e+07 3.998244e+07
4.856923e+12 4.086152e+07 4.086442e+07 4.084993e+07 4.037681e+07 4.007531e+07 4.000225e+07 3.998669e+07 3.998341e+07 3.998263e+07 3.998236e+07 3.998220e+07 3.998206e+07 3.998192e+07
4.728631e+12 4.087864e+07 4.088160e+07 4.086664e+07 4.038391e+07 4.007656e+07 4.000209e+07 3.998624e+07 3.998289e+07 3.998210e+07 3.998183e+07 3.998167e+07 3.998153e+07 3.998139e+07
4.601436e+12 4.089576e+07 4.089878e+07 4.088334e+07 4.039100e+07 4.007780e+07 4.000193e+07 3.998579e+07 3.998238e+07 3.998158e+07 3.998131e+07 3.998114e+07 3.998100e+07 3.998086e+07
4.478777e+12 4.091306e+07 4.091613e+07 4.090021e+07 4.039816e+07 4.007905e+07 4.000177e+07 3.998533e+07 3.998186e+07 3.998105e+07 3.998077e+07 3.998061e+07 3.998046e+07 3.998032e+07
4.359455e+12 4.093069e+07 4.093381e+07 4.091739e+07 4.040544e+07 4.008032e+07 4.000161e+07 3.998486e+07 3.998133e+07 3.998051e+07 3.998023e+07 3.998006e+07 3.997992e+07 3.997978e+07
4.243181e+12 4.094829e+07 4.095148e+07 4.093454e+07 4.041270e+07 4.008159e+07 4.000145e+07 3.998440e+07 3.998081e+07 3.997997e+07 3.997969e+07 3.997952e+07 3.997938e+07 3.997924e+07
4.130072e+12 4.096587e+07 4.096911e+07 4.095167e+07 4.041995e+07 4.008286e+07 4.000128e+07 3.998393e+07 3.998028e+07 3.997943e+07 3.997915e+07 3.997898e+07 3.997884e+07 3.997870e+07
4.019978e+12 4.098378e+07 4.098708e+07 4.096911e+07 4.042732e+07 4.008414e+07 4.000112e+07 3.998346e+07 3.997975e+07 3.997888e+07 3.997860e+07 3.997843e+07 3.997828e+07 3.997815e+07
3.913809e+12 4.100186e+07 4.100522e+07 4.098671e+07 4.043475e+07 4.008544e+07 4.000095e+07 3.998298e+07 3.997921e+07 3.997833e+07 3.997804e+07 3.997787e+07 3.997773e+07 3.997759e+07
3.808516e+12 4.101989e+07 4.102331e+07 4.100425e+07 4.044216e+07 4.008673e+07 4.000078e+07 3.998251e+07 3.997867e+07 3.997778e+07 3.997749e+07 3.997732e+07 3.997717e+07 3.997703e+07
3.706994e+12 4.103803e+07 4.104151e+07 4.102190e+07 4.044960e+07 4.008803e+07 4.000061e+07 3.998203e+07 3.997812e+07 3.997722e+07 3.997693e+07 3.997676e+07 3.997662e+07 3.997648e+07
3.608178e+12 4.105650e+07 4.106004e+07 4.103986e+07 4.045717e+07 4.008935e+07 4.000044e+07 3.998154e+07 3.997757e+07 3.997666e+07 3.997636e+07 3.997619e+07 3.997605e+07 3.997591e+07
3.512434e+12 4.107498e+07 4.107858e+07 4.105783e+07 4.046473e+07 4.009066e+07 4.000026e+07 3.998105e+07 3.997702e+07 3.997609e+07 3.997580e+07 3.997562e+07 3.997548e+07 3.997534e+07
3.418378e+12 4.109338e+07 4.109704e+07 4.107571e+07 4.047225e+07 4.009197e+07 4.000009e+07 3.998057e+07 3.997647e+07 3.997553e+07 3.997523e+07 3.997506e+07 3.997492e+07 3.997478e+07
3.327255e+12 4.111202e+07 4.111573e+07 4.109381e+07 4.047986e+07 4.009329e+07 3.999991e+07 3.998008e+07 3.997592e+07 3.997496e+07 3.997466e+07 3.997449e+07 3.997434e+07 3.997420e+07
3.238646e+12 4.113096e+07 4.113474e+07 4.111220e+07 4.048758e+07 4.009463e+07 3.999974e+07 3.997958e+07 3.997535e+07 3.997439e+07 3.997408e+07 3.997391e+07 3.997376e+07 3.997362e+07
3.152233e+12 4.114981e+07 4.115365e+07 4.113050e+07 4.049526e+07 4.009597e+07 3.999956e+07 3.997908e+07 3.997479e+07 3.997381e+07 3.997350e+07 3.997333e+07 3.997319e+07 3.997305e+07
3.068205e+12 4.116856e+07 4.117246e+07 4.114869e+07 4.050289e+07 4.009729e+07 3.999938e+07 3.997859e+07 3.997424e+07 3.997324e+07 3.997293e+07 3.997276e+07 3.997261e+07 3.997247e+07
2.986417e+12 4.118763e+07 4.119159e+07 4.116719e+07 4.051064e+07 4.009864e+07 3.999920e+07 3.997809e+07 3.997367e+07 3.997266e+07 3.997235e+07 3.997217e+07 3.997203e+07 3.997189e+07
2.907130e+12 4.120694e+07 4.121096e+07 4.118591e+07 4.051847e+07 4.009999e+07 3.999902e+07 3.997758e+07 3.997309e+07 3.997207e+07 3.997176e+07 3.997158e+07 3.997144e+07 3.997130e+07
2.829323e+12 4.122612e+07 4.123020e+07 4.120450e+07 4.052625e+07 4.010134e+07 3.999883e+07 3.997707e+07 3.997253e+07 3.997149e+07 3.997117e+07 3.997100e+07 3.997085e+07 3.997071e+07
2.753903e+12 4.124524e+07 4.124938e+07 4.122302e+07 4.053399e+07 4.010268e+07 3.999865e+07 3.997657e+07 3.997196e+07 3.997091e+07 3.997059e+07 3.997041e+07 3.997027e+07 3.997013e+07
2.680493e+12 4.126466e+07 4.126887e+07 4.124184e+07 4.054185e+07 4.010404e+07 3.999847e+07 3.997606e+07 3.997138e+07 3.997032e+07 3.996999e+07 3.996982e+07 3.996967e+07 3.996953e+07
2.609337e+12 4.128432e+07 4.128859e+07 4.126087e+07 4.054979e+07 4.010541e+07 3.999828e+07 3.997555e+07 3.997080e+07 3.996972e+07 3.996940e+07 3.996922e+07 3.996907e+07 3.996893e+07
2.539492e+12 4.130382e+07 4.130816e+07 4.127975e+07 4.055765e+07 4.010677e+07 3.999809e+07 3.997503e+07 3.997022e+07 3.996913e+07 3.996880e+07 3.996862e+07 3.996848e+07 3.996834e+07
2.471797e+12 4.132324e+07 4.132764e+07 4.129853e+07 4.056548e+07 4.010812e+07 3.999791e+07 3.997453e+07 3.996964e+07 3.996854e+07 3.996821e+07 3.996803e+07 3.996789e+07 3.996775e+07
2.405907e+12 4.134295e+07 4.134741e+07 4.131760e+07 4.057341e+07 4.010949e+07 3.999772e+07 3.997401e+07 3.996906e+07 3.996795e+07 3.996761e+07 3.996743e+07 3.996729e+07 3.996715e+07
2.341804e+12 4.136296e+07 4.136749e+07 4.133694e+07 4.058145e+07 4.011088e+07 3.999753e+07 3.997348e+07 3.996847e+07 3.996734e+07 3.996700e+07 3.996682e+07 3.996668e+07 3.996654e+07
2.279350e+12 4.138280e+07 4.138739e+07 4.135611e+07 4.058941e+07 4.011225e+07 3.999734e+07 3.997297e+07 3.996788e+07 3.996674e+07 3.996640e+07 3.996622e+07 3.996607e+07 3.996593e+07
2.218590e+12 4.140244e+07 4.140710e+07 4.137509e+07 4.059729e+07 4.011361e+07 3.999715e+07 3.997245e+07 3.996730e+07 3.996615e+07 3.996580e+07 3.996562e+07 3.996548e+07 3.996534e+07
2.159450e+12 4.142238e+07 4.142710e+07 4.139434e+07 4.060527e+07 4.011499e+07 3.999696e+07 3.997193e+07 3.996671e+07 3.996554e+07 3.996520e+07 3.996502e+07 3.996487e+07 3.996473e+07
2.101886e+12 4.144261e+07 4.144739e+07 4.141386e+07 4.061337e+07 4.011638e+07 3.999676e+07 3.997140e+07 3.996612e+07 3.996493e+07 3.996458e+07 3.996440e+07 3.996425e+07 3.996412e+07
2.046329e+12 4.146280e+07 4.146765e+07 4.143335e+07 4.062143e+07 4.011777e+07 3.999657e+07 3.997087e+07 3.996552e+07 3.996432e+07 3.996397e+07 3.996379e+07 3.996364e+07 3.996350e+07
1.991321e+12 4.148278e+07 4.148769e+07 4.145262e+07 4.062941e+07 4.011914e+07 3.999637e+07 3.997035e+07 3.996493e+07 3.996372e+07 3.996336e+07 3.996318e+07 3.996304e+07 3.996290e+07
1.938239e+12 4.150286e+07 4.150784e+07 4.147198e+07 4.063741e+07 4.012051e+07 3.999618e+07 3.996982e+07 3.996434e+07 3.996311e+07 3.996276e+07 3.996257e+07 3.996243e+07 3.996229e+07
1.886572e+12 4.152323e+07 4.152827e+07 4.149161e+07 4.064552e+07 4.012190e+07 3.999598e+07 3.996929e+07 3.996374e+07 3.996250e+07 3.996214e+07 3.996196e+07 3.996181e+07 3.996167e+07
1.836382e+12 4.154384e+07 4.154895e+07 4.151147e+07 4.065371e+07 4.012331e+07 3.999578e+07 3.996875e+07 3.996313e+07 3.996188e+07 3.996151e+07 3.996133e+07 3.996118e+07 3.996104e+07
1.787334e+12 4.156422e+07 4.156940e+07 4.153110e+07 4.066180e+07 4.012470e+07 3.999558e+07 3.996822e+07 3.996253e+07 3.996126e+07 3.996090e+07 3.996071e+07 3.996057e+07 3.996043e+07
1.739689e+12 4.158439e+07 4.158963e+07 4.155052e+07 4.066981e+07 4.012607e+07 3.999539e+07 3.996770e+07 3.996194e+07 3.996066e+07 3.996029e+07 3.996010e+07 3.995996e+07 3.995982e+07
1.693315e+12 4.160483e+07 4.161013e+07 4.157018e+07 4.067790e+07 4.012746e+07 3.999519e+07 3.996716e+07 3.996134e+07 3.996004e+07 3.995967e+07 3.995949e+07 3.995934e+07 3.995920e+07
1.648177e+12 4.162554e+07 4.163091e+07 4.159010e+07 4.068610e+07 4.012886e+07 3.999498e+07 3.996662e+07 3.996073e+07 3.995942e+07 3.995904e+07 3.995886e+07 3.995871e+07 3.995857e+07
1.604474e+12 4.164641e+07 4.165185e+07 4.161017e+07 4.069435e+07 4.013027e+07 3.999478e+07 3.996608e+07 3.996011e+07 3.995879e+07 3.995841e+07 3.995823e+07 3.995808e+07 3.995794e+07
1.561478e+12 4.166704e+07 4.167254e+07 4.163000e+07 4.070250e+07 4.013167e+07 3.999458e+07 3.996554e+07 3.995951e+07 3.995817e+07 3.995779e+07 3.995760e+07 3.995746e+07 3.995732e+07
1.519854e+12 4.168760e+07 4.169317e+07 4.164975e+07 4.071060e+07 4.013305e+07 3.999438e+07 3.996501e+07 3.995890e+07 3.995755e+07 3.995717e+07 3.995698e+07 3.995684e+07 3.995670e+07
1.479340e+12 4.170850e+07 4.171414e+07 4.166983e+07 4.071884e+07 4.013446e+07 3.999417e+07 3.996446e+07 3.995829e+07 3.995693e+07 3.995654e+07 3.995635e+07 3.995620e+07 3.995607e+07
1.439906e+12 4.172976e+07 4.173546e+07 4.169024e+07 4.072720e+07 4.013589e+07 3.999396e+07 3.996391e+07 3.995767e+07 3.995629e+07 3.995590e+07 3.995571e+07 3.995556e+07 3.995542e+07
1.401525e+12 4.175138e+07 4.175715e+07 4.171098e+07 4.073569e+07 4.013734e+07 3.999375e+07 3.996334e+07 3.995703e+07 3.995564e+07 3.995525e+07 3.995506e+07 3.995491e+07 3.995477e+07
1.364163e+12 4.177281e+07 4.177864e+07 4.173153e+07 4.074410e+07 4.013877e+07 3.999354e+07 3.996279e+07 3.995641e+07 3.995500e+07 3.995460e+07 3.995441e+07 3.995427e+07 3.995413e+07
1.327799e+12 4.179393e+07 4.179983e+07 4.175178e+07 4.075238e+07 4.014018e+07 3.999333e+07 3.996224e+07 3.995579e+07 3.995437e+07 3.995397e+07 3.995378e+07 3.995363e+07 3.995349e+07
1.292404e+12 4.181529e+07 4.182126e+07 4.177226e+07 4.076074e+07 4.014161e+07 3.999312e+07 3.996168e+07 3.995516e+07 3.995373e+07 3.995333e+07 3.995314e+07 3.995299e+07 3.995285e+07
1.257953e+12 4.183691e+07 4.184295e+07 4.179297e+07 4.076919e+07 4.014304e+07 3.999290e+07 3.996112e+07 3.995453e+07 3.995308e+07 3.995268e+07 3.995249e+07 3.995234e+07 3.995220e+07
1.224420e+12 4.185878e+07 4.186489e+07 4.181391e+07 4.077773e+07 4.014450e+07 3.999268e+07 3.996055e+07 3.995389e+07 3.995243e+07 3.995202e+07 3.995183e+07 3.995168e+07 3.995154e+07
1.192079e+12 4.188069e+07 4.188687e+07 4.183489e+07 4.078627e+07 4.014595e+07 3.999247e+07 3.995998e+07 3.995325e+07 3.995177e+07 3.995136e+07 3.995117e+07 3.995102e+07 3.995088e+07
1.160012e+12 4.190228e+07 4.190853e+07 4.185554e+07 4.079468e+07 4.014738e+07 3.999225e+07 3.995942e+07 3.995262e+07 3.995113e+07 3.995071e+07 3.995052e+07 3.995037e+07 3.995023e+07
1.129090e+12 4.192373e+07 4.193004e+07 4.187606e+07 4.080303e+07 4.014880e+07 3.999204e+07 3.995887e+07 3.995199e+07 3.995049e+07 3.995007e+07 3.994988e+07 3.994973e+07 3.994959e+07
1.098993e+12 4.194541e+07 4.195179e+07 4.189678e+07 4.081146e+07 4.015023e+07 3.999182e+07 3.995831e+07 3.995136e+07 3.994984e+07 3.994942e+07 3.994923e+07 3.994908e+07 3.994894e+07
1.069697e+12 4.196732e+07 4.197377e+07 4.191772e+07 4.081996e+07 4.015167e+07 3.999160e+07 3.995774e+07 3.995072e+07 3.994918e+07 3.994876e+07 3.994857e+07 3.994842e+07 3.994828e+07
1.041183e+12 4.198947e+07 4.199599e+07 4.193887e+07 4.082855e+07 4.015313e+07 3.999138e+07 3.995716e+07 3.995007e+07 3.994852e+07 3.994810e+07 3.994790e+07 3.994775e+07 3.994762e+07
1.013553e+12 4.201175e+07 4.201834e+07 4.196015e+07 4.083718e+07 4.015459e+07 3.999116e+07 3.995659e+07 3.994942e+07 3.994786e+07 3.994743e+07 3.994724e+07 3.994709e+07 3.994695e+07
9.864135e+11 4.203364e+07 4.204031e+07 4.198105e+07 4.084565e+07 4.015602e+07 3.999094e+07 3.995602e+07 3.994879e+07 3.994721e+07 3.994678e+07 3.994658e+07 3.994643e+07 3.994629e+07
9.601190e+11 4.205522e+07 4.206195e+07 4.200163e+07 4.085398e+07 4.015743e+07 3.999072e+07 3.995546e+07 3.994816e+07 3.994656e+07 3.994613e+07 3.994593e+07 3.994579e+07 3.994565e+07
9.345254e+11 4.207700e+07 4.208380e+07 4.202240e+07 4.086238e+07 4.015885e+07 3.999050e+07 3.995490e+07 3.994752e+07 3.994592e+07 3.994548e+07 3.994528e+07 3.994513e+07 3.994499e+07
9.096141e+11 4.209900e+07 4.210587e+07 4.204336e+07 4.087086e+07 4.016029e+07 3.999028e+07 3.995433e+07 3.994688e+07 3.994526e+07 3.994482e+07 3.994463e+07 3.994448e+07 3.994434e+07
8.853668e+11 4.212122e+07 4.212815e+07 4.206453e+07 4.087940e+07 4.016173e+07 3.999005e+07 3.995375e+07 3.994624e+07 3.994460e+07 3.994416e+07 3.994396e+07 3.994381e+07 3.994367e+07
8.617659e+11 4.214365e+07 4.215066e+07 4.208589e+07 4.088802e+07 4.016318e+07 3.998983e+07 3.995317e+07 3.994559e+07 3.994393e+07 3.994349e+07 3.994329e+07 3.994314e+07 3.994300e+07
8.389448e+11 4.216615e+07 4.217323e+07 4.210731e+07 4.089666e+07 4.016464e+07 3.998960e+07 3.995259e+07 3.994493e+07 3.994327e+07 3.994282e+07 3.994262e+07 3.994247e+07 3.994233e+07
8.164347e+11 4.218815e+07 4.219529e+07 4.212823e+07 4.090509e+07 4.016606e+07 3.998938e+07 3.995202e+07 3.994429e+07 3.994261e+07 3.994216e+07 3.994196e+07 3.994181e+07 3.994167e+07
7.946713e+11 4.220975e+07 4.221696e+07 4.214878e+07 4.091336e+07 4.016746e+07 3.998916e+07 3.995146e+07 3.994367e+07 3.994197e+07 3.994152e+07 3.994132e+07 3.994117e+07 3.994103e+07
7.734880e+11 4.223155e+07 4.223883e+07 4.216950e+07 4.092169e+07 4.016886e+07 3.998894e+07 3.995090e+07 3.994303e+07 3.994133e+07 3.994087e+07 3.994067e+07 3.994052e+07 3.994038e+07
7.528694e+11 4.225353e+07 4.226088e+07 4.219039e+07 4.093009e+07 4.017027e+07 3.998871e+07 3.995033e+07 3.994240e+07 3.994067e+07 3.994022e+07 3.994001e+07 3.993986e+07 3.993972e+07
7.328004e+11 4.227571e+07 4.228313e+07 4.221145e+07 4.093854e+07 4.017170e+07 3.998849e+07 3.994976e+07 3.994175e+07 3.994002e+07 3.993956e+07 3.993935e+07 3.993920e+07 3.993906e+07
7.132664e+11 4.229809e+07 4.230557e+07 4.223269e+07 4.094706e+07 4.017313e+07 3.998826e+07 3.994919e+07 3.994111e+07 3.993936e+07 3.993889e+07 3.993869e+07 3.993854e+07 3.993840e+07
6.942531e+11 4.232065e+07 4.232821e+07 4.225410e+07 4.095564e+07 4.017457e+07 3.998803e+07 3.994860e+07 3.994045e+07 3.993869e+07 3.993822e+07 3.993802e+07 3.993787e+07 3.993773e+07
6.757007e+11 4.234347e+07 4.235110e+07 4.227574e+07 4.096431e+07 4.017603e+07 3.998779e+07 3.994802e+07 3.993979e+07 3.993801e+07 3.993754e+07 3.993734e+07 3.993719e+07 3.993705e+07
6.577335e+11 4.236690e+07 4.237460e+07 4.229795e+07 4.097320e+07 4.017752e+07 3.998755e+07 3.994741e+07 3.993912e+07 3.993732e+07 3.993685e+07 3.993664e+07 3.993649e+07 3.993635e+07
6.402005e+11 4.239087e+07 4.239864e+07 4.232065e+07 4.098229e+07 4.017904e+07 3.998731e+07 3.994679e+07 3.993842e+07 3.993661e+07 3.993613e+07 3.993593e+07 3.993578e+07 3.993564e+07
6.231349e+11 4.241501e+07 4.242286e+07 4.234351e+07 4.099142e+07 4.018057e+07 3.998706e+07 3.994617e+07 3.993772e+07 3.993590e+07 3.993542e+07 3.993521e+07 3.993506e+07 3.993492e+07
6.065242e+11 4.243934e+07 4.244726e+07 4.236654e+07 4.100062e+07 4.018211e+07 3.998681e+07 3.994555e+07 3.993702e+07 3.993518e+07 3.993470e+07 3.993449e+07 3.993434e+07 3.993420e+07
5.903563e+11 4.246385e+07 4.247185e+07 4.238972e+07 4.100987e+07 4.018366e+07 3.998655e+07 3.994491e+07 3.993631e+07 3.993446e+07 3.993397e+07 3.993376e+07 3.993361e+07 3.993347e+07
5.746193e+11 4.248855e+07 4.249663e+07 4.241307e+07 4.101918e+07 4.018522e+07 3.998630e+07 3.994428e+07 3.993560e+07 3.993373e+07 3.993324e+07 3.993303e+07 3.993288e+07 3.993274e+07
5.593019e+11 4.251344e+07 4.252159e+07 4.243659e+07 4.102854e+07 4.018678e+07 3.998604e+07 3.994364e+07 3.993488e+07 3.993299e+07 3.993250e+07 3.993229e+07 3.993214e+07 3.993200e+07
5.443928e+11 4.253852e+07 4.254675e+07 4.246027e+07 4.103796e+07 4.018835e+07 3.998578e+07 3.994299e+07 3.993416e+07 3.993225e+07 3.993176e+07 3.993155e+07 3.993140e+07 3.993126e+07
5.285283e+11 4.256638e+07 4.257469e+07 4.248656e+07 4.104841e+07 4.019010e+07 3.998549e+07 3.994228e+07 3.993336e+07 3.993143e+07 3.993093e+07 3.993072e+07 3.993057e+07 3.993043e+07
5.157562e+11 4.260064e+07 4.260906e+07 4.251887e+07 4.106123e+07 4.019224e+07 3.998513e+07 3.994140e+07 3.993237e+07 3.993043e+07 3.992992e+07 3.992971e+07 3.992956e+07 3.992942e+07
5.020078e+11 4.263874e+07 4.264727e+07 4.255475e+07 4.107545e+07 4.019460e+07 3.998474e+07 3.994042e+07 3.993127e+07 3.992930e+07 3.992880e+07 3.992858e+07 3.992843e+07 3.992829e+07
4.886260e+11 4.267711e+07 4.268576e+07 4.259083e+07 4.108970e+07 4.019698e+07 3.998433e+07 3.993943e+07 3.993017e+07 3.992818e+07 3.992766e+07 3.992745e+07 3.992730e+07 3.992716e+07
4.756008e+11 4.271576e+07 4.272452e+07 4.262707e+07 4.110398e+07 4.019934e+07 3.998392e+07 3.993844e+07 3.992906e+07 3.992704e+07 3.992653e+07 3.992631e+07 3.992616e+07 3.992602e+07
4.629229e+11 4.275470e+07 4.276358e+07 4.266347e+07 4.111824e+07 4.020170e+07 3.998351e+07 3.993745e+07 3.992794e+07 3.992590e+07 3.992538e+07 3.992517e+07 3.992501e+07 3.992487e+07
4.505573e+11 4.279402e+07 4.280300e+07 4.270004e+07 4.113248e+07 4.020404e+07 3.998308e+07 3.993644e+07 3.992682e+07 3.992475e+07 3.992423e+07 3.992401e+07 3.992386e+07 3.992372e+07
4.385718e+11 4.284235e+07 4.285147e+07 4.274467e+07 4.114970e+07 4.020686e+07 3.998254e+07 3.993520e+07 3.992544e+07 3.992334e+07 3.992281e+07 3.992259e+07 3.992244e+07 3.992230e+07
4.268809e+11 4.289683e+07 4.290608e+07 4.279450e+07 4.116868e+07 4.020993e+07 3.998192e+07 3.993381e+07 3.992389e+07 3.992176e+07 3.992122e+07 3.992100e+07 3.992085e+07 3.992071e+07
4.155017e+11 4.294889e+07 4.295826e+07 4.284180e+07 4.118654e+07 4.021280e+07 3.998132e+07 3.993248e+07 3.992241e+07 3.992025e+07 3.991971e+07 3.991949e+07 3.991933e+07 3.991919e+07
4.044258e+11 4.299862e+07 4.300811e+07 4.288680e+07 4.120343e+07 4.021549e+07 3.998074e+07 3.993121e+07 3.992100e+07 3.991882e+07 3.991826e+07 3.991804e+07 3.991789e+07 3.991775e+07
3.932530e+11 4.304789e+07 4.305749e+07 4.293124e+07 4.122003e+07 4.021814e+07 3.998016e+07 3.992995e+07 3.991961e+07 3.991740e+07 3.991684e+07 3.991662e+07 3.991646e+07 3.991632e+07
3.831519e+11 4.310048e+07 4.311019e+07 4.297859e+07 4.123766e+07 4.022094e+07 3.997953e+07 3.992861e+07 3.991812e+07 3.991588e+07 3.991532e+07 3.991510e+07 3.991494e+07 3.991480e+07
3.729383e+11 4.315692e+07 4.316675e+07 4.302930e+07 4.125649e+07 4.022392e+07 3.997886e+07 3.992718e+07 3.991653e+07 3.991426e+07 3.991369e+07 3.991346e+07 3.991331e+07 3.991317e+07
3.629970e+11 4.321509e+07 4.322503e+07 4.308145e+07 4.127579e+07 4.022697e+07 3.997817e+07 3.992570e+07 3.991489e+07 3.991259e+07 3.991201e+07 3.991179e+07 3.991163e+07 3.991149e+07
3.532304e+11 4.327577e+07 4.328583e+07 4.313573e+07 4.129582e+07 4.023012e+07 3.997744e+07 3.992416e+07 3.991319e+07 3.991085e+07 3.991027e+07 3.991004e+07 3.990988e+07 3.990974e+07
3.439024e+11 4.333962e+07 4.334979e+07 4.319271e+07 4.131677e+07 4.023342e+07 3.997667e+07 3.992254e+07 3.991139e+07 3.990902e+07 3.990843e+07 3.990820e+07 3.990804e+07 3.990790e+07
3.347351e+11 4.340600e+07 4.341628e+07 4.325179e+07 4.133844e+07 4.023682e+07 3.997586e+07 3.992085e+07 3.990953e+07 3.990712e+07 3.990652e+07 3.990629e+07 3.990613e+07 3.990599e+07
3.258122e+11 4.347439e+07 4.348478e+07 4.331252e+07 4.136064e+07 4.024029e+07 3.997502e+07 3.991911e+07 3.990761e+07 3.990516e+07 3.990455e+07 3.990432e+07 3.990417e+07 3.990402e+07
3.171313e+11 4.354463e+07 4.355513e+07 4.337472e+07 4.138328e+07 4.024382e+07 3.997416e+07 3.991733e+07 3.990564e+07 3.990315e+07 3.990254e+07 3.990231e+07 3.990215e+07 3.990201e+07
3.086736e+11 4.361667e+07 4.362726e+07 4.343834e+07 4.140637e+07 4.024741e+07 3.997327e+07 3.991551e+07 3.990362e+07 3.990110e+07 3.990048e+07 3.990024e+07 3.990009e+07 3.989995e+07
3.004454e+11 4.369079e+07 4.370145e+07 4.350362e+07 4.142999e+07 4.025106e+07 3.997235e+07 3.991363e+07 3.990155e+07 3.989899e+07 3.989836e+07 3.989812e+07 3.989797e+07 3.989782e+07
2.924611e+11 4.376690e+07 4.377763e+07 4.357046e+07 4.145408e+07 4.025478e+07 3.997140e+07 3.991171e+07 3.989943e+07 3.989682e+07 3.989619e+07 3.989595e+07 3.989579e+07 3.989565e+07
2.846411e+11 4.384430e+07 4.385508e+07 4.363823e+07 4.147840e+07 4.025853e+07 3.997043e+07 3.990975e+07 3.989727e+07 3.989462e+07 3.989398e+07 3.989374e+07 3.989358e+07 3.989344e+07
2.770535e+11 4.392322e+07 4.393403e+07 4.370713e+07 4.150303e+07 4.026231e+07 3.996943e+07 3.990775e+07 3.989507e+07 3.989239e+07 3.989173e+07 3.989149e+07 3.989133e+07 3.989119e+07
2.696682e+11 4.400443e+07 4.401526e+07 4.377782e+07 4.152821e+07 4.026616e+07 3.996840e+07 3.990570e+07 3.989281e+07 3.989008e+07 3.988942e+07 3.988918e+07 3.988902e+07 3.988888e+07
2.625221e+11 4.408731e+07 4.409812e+07 4.384973e+07 4.155374e+07 4.027005e+07 3.996734e+07 3.990361e+07 3.989051e+07 3.988774e+07 3.988707e+07 3.988682e+07 3.988667e+07 3.988652e+07
2.554829e+11 4.417140e+07 4.418216e+07 4.392246e+07 4.157946e+07 4.027396e+07 3.996626e+07 3.990149e+07 3.988818e+07 3.988536e+07 3.988469e+07 3.988444e+07 3.988428e+07 3.988414e+07
2.486726e+11 4.425741e+07 4.426810e+07 4.399662e+07 4.160558e+07 4.027792e+07 3.996515e+07 3.989932e+07 3.988580e+07 3.988294e+07 3.988225e+07 3.988200e+07 3.988184e+07 3.988170e+07
2.420438e+11 4.434589e+07 4.435645e+07 4.407264e+07 4.163227e+07 4.028194e+07 3.996400e+07 3.989709e+07 3.988335e+07 3.988045e+07 3.987975e+07 3.987950e+07 3.987934e+07 3.987920e+07
2.356001e+11 4.443588e+07 4.444629e+07 4.414969e+07 4.165923e+07 4.028599e+07 3.996283e+07 3.989483e+07 3.988086e+07 3.987791e+07 3.987721e+07 3.987695e+07 3.987679e+07 3.987665e+07
2.293117e+11 4.452724e+07 4.453744e+07 4.422764e+07 4.168640e+07 4.029006e+07 3.996163e+07 3.989253e+07 3.987833e+07 3.987534e+07 3.987463e+07 3.987437e+07 3.987421e+07 3.987407e+07
2.231990e+11 4.462106e+07 4.463100e+07 4.430739e+07 4.171410e+07 4.029420e+07 3.996038e+07 3.989016e+07 3.987574e+07 3.987270e+07 3.987198e+07 3.987172e+07 3.987156e+07 3.987142e+07
2.172598e+11 4.471735e+07 4.472696e+07 4.438894e+07 4.174233e+07 4.029840e+07 3.995910e+07 3.988774e+07 3.987309e+07 3.987000e+07 3.986927e+07 3.986901e+07 3.986885e+07 3.986871e+07
2.114581e+11 4.481541e+07 4.482462e+07 4.447169e+07 4.177083e+07 4.030262e+07 3.995779e+07 3.988527e+07 3.987039e+07 3.986725e+07 3.986651e+07 3.986625e+07 3.986609e+07 3.986595e+07
2.058213e+11 4.491534e+07 4.492408e+07 4.455568e+07 4.179967e+07 4.030688e+07 3.995645e+07 3.988276e+07 3.986764e+07 3.986445e+07 3.986370e+07 3.986344e+07 3.986328e+07 3.986313e+07
2.003348e+11 4.501805e+07 4.502622e+07 4.464166e+07 4.182907e+07 4.031121e+07 3.995506e+07 3.988018e+07 3.986481e+07 3.986158e+07 3.986082e+07 3.986055e+07 3.986039e+07 3.986025e+07
1.950139e+11 4.512323e+07 4.513072e+07 4.472934e+07 4.185895e+07 4.031558e+07 3.995363e+07 3.987754e+07 3.986192e+07 3.985864e+07 3.985787e+07 3.985760e+07 3.985744e+07 3.985730e+07
1.897967e+11 4.523017e+07 4.523687e+07 4.481815e+07 4.188907e+07 4.031997e+07 3.995216e+07 3.987485e+07 3.985899e+07 3.985566e+07 3.985488e+07 3.985461e+07 3.985444e+07 3.985430e+07
1.847373e+11 4.533883e+07 4.534461e+07 4.490800e+07 4.191943e+07 4.032437e+07 3.995067e+07 3.987213e+07 3.985602e+07 3.985263e+07 3.985184e+07 3.985157e+07 3.985141e+07 3.985126e+07
1.798128e+11 4.544973e+07 4.545445e+07 4.499930e+07 4.195016e+07 4.032881e+07 3.994913e+07 3.986935e+07 3.985298e+07 3.984955e+07 3.984875e+07 3.984847e+07 3.984831e+07 3.984817e+07
1.750290e+11 4.556236e+07 4.556586e+07 4.509159e+07 4.198111e+07 4.033326e+07 3.994756e+07 3.986653e+07 3.984991e+07 3.984642e+07 3.984560e+07 3.984533e+07 3.984517e+07 3.984502e+07
1.703542e+11 4.567696e+07 4.567907e+07 4.518509e+07 4.201232e+07 4.033773e+07 3.994596e+07 3.986365e+07 3.984677e+07 3.984323e+07 3.984241e+07 3.984213e+07 3.984197e+07 3.984183e+07
1.658131e+11 4.579437e+07 4.579489e+07 4.528045e+07 4.204403e+07 4.034225e+07 3.994430e+07 3.986070e+07 3.984356e+07 3.983997e+07 3.983914e+07 3.983886e+07 3.983869e+07 3.983855e+07
1.613932e+11 4.591490e+07 4.591358e+07 4.537787e+07 4.207630e+07 4.034683e+07 3.994259e+07 3.985768e+07 3.984027e+07 3.983663e+07 3.983578e+07 3.983550e+07 3.983533e+07 3.983519e+07
1.570909e+11 4.603784e+07 4.603445e+07 4.547677e+07 4.210892e+07 4.035143e+07 3.994083e+07 3.985460e+07 3.983692e+07 3.983322e+07 3.983236e+07 3.983208e+07 3.983191e+07 3.983177e+07
1.529034e+11 4.616318e+07 4.615744e+07 4.557708e+07 4.214188e+07 4.035606e+07 3.993903e+07 3.985146e+07 3.983351e+07 3.982975e+07 3.982888e+07 3.982860e+07 3.982843e+07 3.982829e+07
1.488275e+11 4.629180e+07 4.628339e+07 4.567946e+07 4.217540e+07 4.036073e+07 3.993717e+07 3.984824e+07 3.983001e+07 3.982620e+07 3.982532e+07 3.982503e+07 3.982486e+07 3.982472e+07
1.448677e+11 4.642353e+07 4.641210e+07 4.578373e+07 4.220940e+07 4.036545e+07 3.993525e+07 3.984493e+07 3.982643e+07 3.982256e+07 3.982167e+07 3.982138e+07 3.982121e+07 3.982107e+07
1.409988e+11 4.655773e+07 4.654292e+07 4.588942e+07 4.224372e+07 4.037019e+07 3.993328e+07 3.984157e+07 3.982278e+07 3.981885e+07 3.981795e+07 3.981765e+07 3.981749e+07 3.981734e+07
1.372402e+11 4.669477e+07 4.667615e+07 4.599670e+07 4.227842e+07 4.037495e+07 3.993126e+07 3.983813e+07 3.981905e+07 3.981507e+07 3.981415e+07 3.981386e+07 3.981369e+07 3.981355e+07
1.335818e+11 4.683533e+07 4.681243e+07 4.610608e+07 4.231366e+07 4.037976e+07 3.992917e+07 3.983461e+07 3.981524e+07 3.981119e+07 3.981027e+07 3.980997e+07 3.980980e+07 3.980966e+07
1.300296e+11 4.697879e+07 4.695111e+07 4.621711e+07 4.234928e+07 4.038459e+07 3.992702e+07 3.983101e+07 3.981134e+07 3.980724e+07 3.980630e+07 3.980600e+07 3.980583e+07 3.980569e+07
1.265551e+11 4.712487e+07 4.709187e+07 4.632945e+07 4.238515e+07 4.038943e+07 3.992482e+07 3.982734e+07 3.980738e+07 3.980321e+07 3.980226e+07 3.980196e+07 3.980179e+07 3.980165e+07
1.231815e+11 4.727427e+07 4.723533e+07 4.644359e+07 4.242145e+07 4.039429e+07 3.992256e+07 3.982359e+07 3.980333e+07 3.979910e+07 3.979813e+07 3.979783e+07 3.979766e+07 3.979752e+07
1.198979e+11 4.742733e+07 4.738177e+07 4.655982e+07 4.245825e+07 4.039918e+07 3.992022e+07 3.981975e+07 3.979918e+07 3.979489e+07 3.979391e+07 3.979360e+07 3.979343e+07 3.979329e+07
1.167025e+11 4.758304e+07 4.753016e+07 4.667726e+07 4.249533e+07 4.040408e+07 3.991782e+07 3.981583e+07 3.979495e+07 3.979060e+07 3.978961e+07 3.978930e+07 3.978913e+07 3.978899e+07
1.135910e+11 4.774131e+07 4.768037e+07 4.679581e+07 4.253264e+07 4.040898e+07 3.991537e+07 3.981185e+07 3.979065e+07 3.978624e+07 3.978523e+07 3.978492e+07 3.978475e+07 3.978461e+07
1.105630e+11 4.790329e+07 4.783341e+07 4.691636e+07 4.257043e+07 4.041390e+07 3.991284e+07 3.980776e+07 3.978625e+07 3.978177e+07 3.978075e+07 3.978044e+07 3.978027e+07 3.978013e+07
1.076229e+11 4.806883e+07 4.798908e+07 4.703866e+07 4.260860e+07 4.041883e+07 3.991023e+07 3.980358e+07 3.978175e+07 3.977721e+07 3.977618e+07 3.977587e+07 3.977569e+07 3.977555e+07
1.047471e+11 4.823717e+07 4.814659e+07 4.716208e+07 4.264691e+07 4.042375e+07 3.990757e+07 3.979934e+07 3.977719e+07 3.977258e+07 3.977154e+07 3.977122e+07 3.977105e+07 3.977090e+07
1.019549e+11 4.840867e+07 4.830625e+07 4.728689e+07 4.268547e+07 4.042865e+07 3.990483e+07 3.979502e+07 3.977254e+07 3.976787e+07 3.976681e+07 3.976649e+07 3.976632e+07 3.976617e+07
9.923711e+10 4.858380e+07 4.846865e+07 4.741364e+07 4.272447e+07 4.043357e+07 3.990202e+07 3.979059e+07 3.976779e+07 3.976304e+07 3.976198e+07 3.976165e+07 3.976148e+07 3.976133e+07
9.659747e+10 4.876025e+07 4.863286e+07 4.754153e+07 4.276370e+07 4.043847e+07 3.989913e+07 3.978608e+07 3.976294e+07 3.975813e+07 3.975705e+07 3.975673e+07 3.975655e+07 3.975641e+07
9.401697e+10 4.893731e+07 4.879844e+07 4.767019e+07 4.280304e+07 4.044335e+07 3.989618e+07 3.978149e+07 3.975803e+07 3.975315e+07 3.975206e+07 3.975173e+07 3.975155e+07 3.975141e+07
9.151079e+10 4.911592e+07 4.896626e+07 4.780034e+07 4.284270e+07 4.044821e+07 3.989314e+07 3.977681e+07 3.975301e+07 3.974807e+07 3.974696e+07 3.974663e+07 3.974645e+07 3.974631e+07
8.907392e+10 4.929627e+07 4.913650e+07 4.793221e+07 4.288271e+07 4.045306e+07 3.989002e+07 3.977203e+07 3.974789e+07 3.974288e+07 3.974175e+07 3.974142e+07 3.974124e+07 3.974110e+07
8.669707e+10 4.947716e+07 4.930799e+07 4.806484e+07 4.292273e+07 4.045788e+07 3.988683e+07 3.976716e+07 3.974269e+07 3.973760e+07 3.973647e+07 3.973613e+07 3.973595e+07 3.973581e+07
8.438602e+10 4.965858e+07 4.948071e+07 4.819829e+07 4.296279e+07 4.046265e+07 3.988356e+07 3.976222e+07 3.973740e+07 3.973225e+07 3.973110e+07 3.973076e+07 3.973058e+07 3.973044e+07
8.213657e+10 4.984180e+07 4.965581e+07 4.833341e+07 4.300319e+07 4.046741e+07 3.988020e+07 3.975716e+07 3.973200e+07 3.972678e+07 3.972562e+07 3.972527e+07 3.972509e+07 3.972495e+07
7.995570e+10 5.002593e+07 4.983242e+07 4.846947e+07 4.304375e+07 4.047213e+07 3.987675e+07 3.975202e+07 3.972651e+07 3.972121e+07 3.972004e+07 3.971969e+07 3.971951e+07 3.971937e+07
7.781596e+10 5.021013e+07 5.000973e+07 4.860597e+07 4.308425e+07 4.047678e+07 3.987324e+07 3.974680e+07 3.972094e+07 3.971558e+07 3.971439e+07 3.971404e+07 3.971386e+07 3.971371e+07
7.574165e+10 5.039525e+07 5.018846e+07 4.874348e+07 4.312486e+07 4.048140e+07 3.986964e+07 3.974148e+07 3.971528e+07 3.970985e+07 3.970864e+07 3.970829e+07 3.970811e+07 3.970796e+07
7.372263e+10 5.058201e+07 5.036930e+07 4.888245e+07 4.316576e+07 4.048598e+07 3.986593e+07 3.973605e+07 3.970949e+07 3.970399e+07 3.970277e+07 3.970241e+07 3.970223e+07 3.970209e+07
7.175771e+10 5.076861e+07 5.055047e+07 4.902160e+07 4.320658e+07 4.049048e+07 3.986215e+07 3.973054e+07 3.970363e+07 3.969805e+07 3.969682e+07 3.969646e+07 3.969628e+07 3.969613e+07
6.984462e+10 5.095502e+07 5.073189e+07 4.916082e+07 4.324727e+07 4.049492e+07 3.985829e+07 3.972495e+07 3.969769e+07 3.969204e+07 3.969079e+07 3.969043e+07 3.969025e+07 3.969011e+07
6.798279e+10 5.114292e+07 5.091515e+07 4.930133e+07 4.328820e+07 4.049931e+07 3.985433e+07 3.971924e+07 3.969162e+07 3.968591e+07 3.968464e+07 3.968428e+07 3.968409e+07 3.968395e+07
6.617797e+10 5.133146e+07 5.109943e+07 4.944255e+07 4.332915e+07 4.050363e+07 3.985026e+07 3.971343e+07 3.968546e+07 3.967967e+07 3.967839e+07 3.967802e+07 3.967784e+07 3.967769e+07
6.440671e+10 5.151953e+07 5.128357e+07 4.958368e+07 4.336989e+07 4.050786e+07 3.984613e+07 3.970755e+07 3.967922e+07 3.967336e+07 3.967206e+07 3.967169e+07 3.967151e+07 3.967137e+07
6.268984e+10 5.170796e+07 5.146834e+07 4.972519e+07 4.341060e+07 4.051201e+07 3.984191e+07 3.970158e+07 3.967289e+07 3.966696e+07 3.966565e+07 3.966528e+07 3.966509e+07 3.966495e+07
6.101874e+10 5.189771e+07 5.165469e+07 4.986781e+07 4.345144e+07 4.051609e+07 3.983756e+07 3.969547e+07 3.966643e+07 3.966042e+07 3.965910e+07 3.965872e+07 3.965854e+07 3.965839e+07
5.939388e+10 5.208693e+07 5.184075e+07 5.001022e+07 4.349205e+07 4.052008e+07 3.983314e+07 3.968929e+07 3.965989e+07 3.965381e+07 3.965247e+07 3.965209e+07 3.965190e+07 3.965176e+07
5.780899e+10 5.227537e+07 5.202622e+07 5.015213e+07 4.353233e+07 4.052396e+07 3.982863e+07 3.968303e+07 3.965327e+07 3.964712e+07 3.964577e+07 3.964538e+07 3.964520e+07 3.964506e+07
5.626799e+10 5.246469e+07 5.221275e+07 5.029477e+07 4.357266e+07 4.052776e+07 3.982401e+07 3.967664e+07 3.964653e+07 3.964030e+07 3.963893e+07 3.963855e+07 3.963836e+07 3.963822e+07
5.477360e+10 5.265449e+07 5.239990e+07 5.043772e+07 4.361293e+07 4.053147e+07 3.981928e+07 3.967015e+07 3.963967e+07 3.963337e+07 3.963199e+07 3.963160e+07 3.963142e+07 3.963127e+07
5.330814e+10 5.284351e+07 5.258639e+07 5.057998e+07 4.365286e+07 4.053505e+07 3.981447e+07 3.966358e+07 3.963275e+07 3.962638e+07 3.962498e+07 3.962459e+07 3.962441e+07 3.962426e+07
5.188713e+10 5.303239e+07 5.277284e+07 5.072202e+07 4.369260e+07 4.053853e+07 3.980957e+07 3.965692e+07 3.962573e+07 3.961929e+07 3.961788e+07 3.961748e+07 3.961730e+07 3.961715e+07
5.050399e+10 5.322217e+07 5.296026e+07 5.086473e+07 4.373234e+07 4.054191e+07 3.980453e+07 3.965012e+07 3.961858e+07 3.961206e+07 3.961063e+07 3.961024e+07 3.961005e+07 3.960990e+07
4.915988e+10 5.341116e+07 5.314693e+07 5.100670e+07 4.377171e+07 4.054516e+07 3.979941e+07 3.964325e+07 3.961134e+07 3.960475e+07 3.960331e+07 3.960291e+07 3.960273e+07 3.960258e+07
4.784734e+10 5.359910e+07 5.333261e+07 5.114769e+07 4.381066e+07 4.054827e+07 3.979421e+07 3.963631e+07 3.960405e+07 3.959739e+07 3.959593e+07 3.959553e+07 3.959534e+07 3.959520e+07
4.657189e+10 5.378754e+07 5.351881e+07 5.128892e+07 4.384951e+07 4.055127e+07 3.978889e+07 3.962925e+07 3.959663e+07 3.958990e+07 3.958843e+07 3.958802e+07 3.958783e+07 3.958769e+07
4.533486e+10 5.397606e+07 5.370508e+07 5.143002e+07 4.388816e+07 4.055415e+07 3.978345e+07 3.962206e+07 3.958909e+07 3.958228e+07 3.958080e+07 3.958039e+07 3.958020e+07 3.958005e+07
4.412208e+10 5.416327e+07 5.389005e+07 5.156984e+07 4.392630e+07 4.055688e+07 3.977792e+07 3.961480e+07 3.958148e+07 3.957460e+07 3.957310e+07 3.957269e+07 3.957250e+07 3.957236e+07
4.294594e+10 5.434984e+07 5.407434e+07 5.170885e+07 4.396410e+07 4.055947e+07 3.977230e+07 3.960746e+07 3.957379e+07 3.956684e+07 3.956532e+07 3.956491e+07 3.956472e+07 3.956457e+07
4.180114e+10 5.453706e+07 5.425925e+07 5.184809e+07 4.400178e+07 4.056193e+07 3.976654e+07 3.959997e+07 3.956595e+07 3.955893e+07 3.955740e+07 3.955698e+07 3.955679e+07 3.955664e+07
4.068893e+10 5.472322e+07 5.444306e+07 5.198623e+07 4.403897e+07 4.056424e+07 3.976068e+07 3.959240e+07 3.955802e+07 3.955093e+07 3.954939e+07 3.954897e+07 3.954878e+07 3.954863e+07
3.960229e+10 5.490790e+07 5.462538e+07 5.212289e+07 4.407561e+07 4.056639e+07 3.975475e+07 3.958477e+07 3.955005e+07 3.954288e+07 3.954133e+07 3.954090e+07 3.954071e+07 3.954057e+07
3.854662e+10 5.509273e+07 5.480784e+07 5.225927e+07 4.411203e+07 4.056840e+07 3.974868e+07 3.957700e+07 3.954194e+07 3.953470e+07 3.953313e+07 3.953271e+07 3.953251e+07 3.953237e+07
3.752287e+10 5.527736e+07 5.499001e+07 5.239514e+07 4.414811e+07 4.057026e+07 3.974249e+07 3.956911e+07 3.953370e+07 3.952640e+07 3.952481e+07 3.952439e+07 3.952419e+07 3.952405e+07
3.651896e+10 5.546034e+07 5.517048e+07 5.252943e+07 4.418360e+07 4.057195e+07 3.973621e+07 3.956116e+07 3.952541e+07 3.951803e+07 3.951644e+07 3.951600e+07 3.951581e+07 3.951566e+07
3.554549e+10 5.564233e+07 5.534991e+07 5.266261e+07 4.421861e+07 4.057347e+07 3.972983e+07 3.955312e+07 3.951703e+07 3.950959e+07 3.950797e+07 3.950754e+07 3.950735e+07 3.950720e+07
3.459797e+10 5.582471e+07 5.552961e+07 5.279553e+07 4.425338e+07 4.057484e+07 3.972330e+07 3.954493e+07 3.950849e+07 3.950098e+07 3.949936e+07 3.949892e+07 3.949873e+07 3.949858e+07
3.367737e+10 5.600569e+07 5.570785e+07 5.292689e+07 4.428757e+07 4.057603e+07 3.971668e+07 3.953665e+07 3.949988e+07 3.949231e+07 3.949067e+07 3.949023e+07 3.949003e+07 3.948989e+07
3.277802e+10 5.618493e+07 5.588427e+07 5.305645e+07 4.432110e+07 4.057705e+07 3.970997e+07 3.952832e+07 3.949122e+07 3.948357e+07 3.948192e+07 3.948148e+07 3.948128e+07 3.948113e+07
3.190427e+10 5.636412e+07 5.606054e+07 5.318541e+07 4.435428e+07 4.057790e+07 3.970312e+07 3.951984e+07 3.948241e+07 3.947469e+07 3.947303e+07 3.947258e+07 3.947238e+07 3.947224e+07
3.105720e+10 5.654282e+07 5.623623e+07 5.331338e+07 4.438704e+07 4.057857e+07 3.969613e+07 3.951124e+07 3.947348e+07 3.946570e+07 3.946402e+07 3.946357e+07 3.946337e+07 3.946323e+07
3.022602e+10 5.671962e+07 5.640995e+07 5.343938e+07 4.441914e+07 4.057906e+07 3.968907e+07 3.950259e+07 3.946450e+07 3.945666e+07 3.945496e+07 3.945451e+07 3.945431e+07 3.945417e+07
2.942029e+10 5.689530e+07 5.658244e+07 5.356391e+07 4.445069e+07 4.057936e+07 3.968191e+07 3.949385e+07 3.945544e+07 3.944753e+07 3.944582e+07 3.944537e+07 3.944517e+07 3.944503e+07
2.863604e+10 5.707112e+07 5.675498e+07 5.368785e+07 4.448189e+07 4.057949e+07 3.967459e+07 3.948495e+07 3.944622e+07 3.943824e+07 3.943652e+07 3.943607e+07 3.943587e+07 3.943572e+07
2.787387e+10 5.724523e+07 5.692571e+07 5.380993e+07 4.451243e+07 4.057942e+07 3.966717e+07 3.947597e+07 3.943693e+07 3.942889e+07 3.942715e+07 3.942670e+07 3.942650e+07 3.942635e+07
2.712971e+10 5.741736e+07 5.709439e+07 5.392997e+07 4.454225e+07 4.057916e+07 3.965967e+07 3.946694e+07 3.942758e+07 3.941948e+07 3.941773e+07 3.941727e+07 3.941708e+07 3.941693e+07
2.640652e+10 5.758925e+07 5.726272e+07 5.404911e+07 4.457166e+07 4.057871e+07 3.965201e+07 3.945776e+07 3.941809e+07 3.940993e+07 3.940817e+07 3.940770e+07 3.940750e+07 3.940736e+07
2.570578e+10 5.776040e+07 5.743020e+07 5.416694e+07 4.460054e+07 4.057807e+07 3.964423e+07 3.944846e+07 3.940849e+07 3.940026e+07 3.939848e+07 3.939802e+07 3.939782e+07 3.939767e+07
2.501747e+10 5.792955e+07 5.759560e+07 5.428261e+07 4.462871e+07 4.057723e+07 3.963637e+07 3.943911e+07 3.939883e+07 3.939054e+07 3.938876e+07 3.938829e+07 3.938809e+07 3.938794e+07
2.435058e+10 5.809769e+07 5.775967e+07 5.439662e+07 4.465626e+07 4.057619e+07 3.962839e+07 3.942967e+07 3.938909e+07 3.938073e+07 3.937894e+07 3.937847e+07 3.937827e+07 3.937812e+07
2.370148e+10 5.826831e+07 5.792574e+07 5.450976e+07 4.468340e+07 4.057495e+07 3.962024e+07 3.942006e+07 3.937917e+07 3.937076e+07 3.936895e+07 3.936848e+07 3.936828e+07 3.936813e+07
2.307034e+10 5.843953e+07 5.809224e+07 5.462077e+07 4.470983e+07 4.057351e+07 3.961202e+07 3.941039e+07 3.936921e+07 3.936074e+07 3.935892e+07 3.935844e+07 3.935824e+07 3.935809e+07
2.245472e+10 5.860896e+07 5.825684e+07 5.472954e+07 4.473553e+07 4.057188e+07 3.960372e+07 3.940067e+07 3.935921e+07 3.935068e+07 3.934884e+07 3.934837e+07 3.934816e+07 3.934802e+07
2.185615e+10 5.877820e+07 5.842110e+07 5.483728e+07 4.476075e+07 4.057004e+07 3.959526e+07 3.939080e+07 3.934905e+07 3.934046e+07 3.933862e+07 3.933814e+07 3.933794e+07 3.933779e+07
2.127654e+10 5.894655e+07 5.858435e+07 5.494354e+07 4.478539e+07 4.056798e+07 3.958666e+07 3.938082e+07 3.933878e+07 3.933013e+07 3.932828e+07 3.932780e+07 3.932759e+07 3.932745e+07
2.070646e+10 5.911395e+07 5.874648e+07 5.504823e+07 4.480928e+07 4.056573e+07 3.957799e+07 3.937078e+07 3.932846e+07 3.931976e+07 3.931789e+07 3.931741e+07 3.931720e+07 3.931706e+07
2.015449e+10 5.928037e+07 5.890802e+07 5.515266e+07 4.483254e+07 4.056327e+07 3.956919e+07 3.936064e+07 3.931805e+07 3.930929e+07 3.930741e+07 3.930692e+07 3.930672e+07 3.930657e+07
1.961724e+10 5.944641e+07 5.906900e+07 5.525749e+07 4.485532e+07 4.056058e+07 3.956022e+07 3.935033e+07 3.930746e+07 3.929865e+07 3.929676e+07 3.929627e+07 3.929606e+07 3.929592e+07
1.909452e+10 5.961013e+07 5.922752e+07 5.536090e+07 4.487736e+07 4.055770e+07 3.955118e+07 3.933997e+07 3.929684e+07 3.928797e+07 3.928607e+07 3.928557e+07 3.928537e+07 3.928522e+07
1.858532e+10 5.977148e+07 5.938354e+07 5.546180e+07 4.489866e+07 4.055462e+07 3.954206e+07 3.932957e+07 3.928617e+07 3.927725e+07 3.927533e+07 3.927484e+07 3.927464e+07 3.927449e+07
1.808990e+10 5.993235e+07 5.953887e+07 5.556137e+07 4.491945e+07 4.055131e+07 3.953276e+07 3.931899e+07 3.927534e+07 3.926636e+07 3.926444e+07 3.926394e+07 3.926374e+07 3.926359e+07
1.761054e+10 6.009179e+07 5.969261e+07 5.565901e+07 4.493962e+07 4.054778e+07 3.952334e+07 3.930831e+07 3.926440e+07 3.925537e+07 3.925344e+07 3.925294e+07 3.925273e+07 3.925259e+07
1.713832e+10 6.024884e+07 5.984382e+07 5.575414e+07 4.495904e+07 4.054406e+07 3.951385e+07 3.929759e+07 3.925342e+07 3.924434e+07 3.924240e+07 3.924190e+07 3.924170e+07 3.924155e+07
1.668147e+10 6.040445e+07 5.999341e+07 5.584734e+07 4.497785e+07 4.054013e+07 3.950424e+07 3.928676e+07 3.924235e+07 3.923321e+07 3.923126e+07 3.923076e+07 3.923055e+07 3.923041e+07
1.623696e+10 6.055949e+07 6.014223e+07 5.593912e+07 4.499612e+07 4.053595e+07 3.949444e+07 3.927576e+07 3.923110e+07 3.922192e+07 3.921995e+07 3.921945e+07 3.921924e+07 3.921910e+07
1.580398e+10 6.071212e+07 6.028846e+07 5.602839e+07 4.501365e+07 4.053158e+07 3.948457e+07 3.926472e+07 3.921982e+07 3.921059e+07 3.920861e+07 3.920811e+07 3.920790e+07 3.920775e+07
1.538270e+10 6.086241e+07 6.043222e+07 5.611522e+07 4.503046e+07 4.052702e+07 3.947464e+07 3.925364e+07 3.920850e+07 3.919922e+07 3.919724e+07 3.919673e+07 3.919653e+07 3.919638e+07
1.497265e+10 6.101216e+07 6.057518e+07 5.620064e+07 4.504674e+07 4.052221e+07 3.946452e+07 3.924238e+07 3.919701e+07 3.918768e+07 3.918569e+07 3.918518e+07 3.918498e+07 3.918483e+07
1.457566e+10 6.116029e+07 6.071633e+07 5.628403e+07 4.506238e+07 4.051719e+07 3.945428e+07 3.923102e+07 3.918542e+07 3.917605e+07 3.917405e+07 3.917354e+07 3.917333e+07 3.917318e+07
1.418504e+10 6.130601e+07 6.085490e+07 5.636496e+07 4.507734e+07 4.051197e+07 3.944397e+07 3.921962e+07 3.917380e+07 3.916438e+07 3.916237e+07 3.916186e+07 3.916165e+07 3.916150e+07
1.380692e+10 6.145035e+07 6.099188e+07 5.644402e+07 4.509189e+07 4.050653e+07 3.943353e+07 3.920810e+07 3.916206e+07 3.915259e+07 3.915057e+07 3.915006e+07 3.914985e+07 3.914971e+07
1.343933e+10 6.159386e+07 6.112778e+07 5.652151e+07 4.510606e+07 4.050085e+07 3.942290e+07 3.919641e+07 3.915015e+07 3.914065e+07 3.913862e+07 3.913810e+07 3.913789e+07 3.913775e+07
1.308064e+10 6.173496e+07 6.126108e+07 5.659657e+07 4.511967e+07 4.049498e+07 3.941221e+07 3.918469e+07 3.913822e+07 3.912867e+07 3.912663e+07 3.912612e+07 3.912591e+07 3.912576e+07
1.273195e+10 6.187387e+07 6.139200e+07 5.666934e+07 4.513256e+07 4.048892e+07 3.940146e+07 3.917292e+07 3.912624e+07 3.911665e+07 3.911461e+07 3.911409e+07 3.911388e+07 3.911373e+07
1.239256e+10 6.201209e+07 6.152195e+07 5.674063e+07 4.514486e+07 4.048260e+07 3.939050e+07 3.916097e+07 3.911409e+07 3.910445e+07 3.910240e+07 3.910188e+07 3.910167e+07 3.910152e+07
1.206368e+10 6.214850e+07 6.164985e+07 5.680985e+07 4.515649e+07 4.047607e+07 3.937943e+07 3.914892e+07 3.910184e+07 3.909217e+07 3.909011e+07 3.908959e+07 3.908938e+07 3.908923e+07
1.174068e+10 6.228251e+07 6.177518e+07 5.687673e+07 4.516743e+07 4.046929e+07 3.936821e+07 3.913674e+07 3.908946e+07 3.907975e+07 3.907768e+07 3.907715e+07 3.907694e+07 3.907680e+07
1.142771e+10 6.241521e+07 6.189892e+07 5.694181e+07 4.517774e+07 4.046219e+07 3.935669e+07 3.912430e+07 3.907684e+07 3.906709e+07 3.906501e+07 3.906448e+07 3.906427e+07 3.906413e+07
1.112376e+10 6.254683e+07 6.202129e+07 5.700524e+07 4.518744e+07 4.045474e+07 3.934499e+07 3.911170e+07 3.906406e+07 3.905427e+07 3.905218e+07 3.905166e+07 3.905145e+07 3.905130e+07
1.082658e+10 6.267603e+07 6.214103e+07 5.706636e+07 4.519642e+07 4.044710e+07 3.933323e+07 3.909907e+07 3.905125e+07 3.904142e+07 3.903933e+07 3.903880e+07 3.903859e+07 3.903845e+07
1.053798e+10 6.280316e+07 6.225846e+07 5.712537e+07 4.520473e+07 4.043927e+07 3.932140e+07 3.908639e+07 3.903840e+07 3.902854e+07 3.902644e+07 3.902591e+07 3.902570e+07 3.902555e+07
1.025707e+10 6.292947e+07 6.237474e+07 5.718287e+07 4.521245e+07 4.043117e+07 3.930937e+07 3.907352e+07 3.902535e+07 3.901546e+07 3.901335e+07 3.901282e+07 3.901261e+07 3.901247e+07
9.984908e+09 6.305341e+07 6.248844e+07 5.723816e+07 4.521948e+07 4.042289e+07 3.929727e+07 3.906061e+07 3.901228e+07 3.900235e+07 3.900024e+07 3.899971e+07 3.899950e+07 3.899935e+07
9.717522e+09 6.317449e+07 6.259908e+07 5.729105e+07 4.522582e+07 4.041442e+07 3.928510e+07 3.904765e+07 3.899915e+07 3.898919e+07 3.898708e+07 3.898654e+07 3.898633e+07 3.898618e+07
9.458486e+09 6.329419e+07 6.270804e+07 5.734221e+07 4.523155e+07 4.040565e+07 3.927267e+07 3.903445e+07 3.898579e+07 3.897580e+07 3.897367e+07 3.897314e+07 3.897293e+07 3.897278e+07
9.206354e+09 6.341301e+07 6.281576e+07 5.739187e+07 4.523669e+07 4.039660e+07 3.925992e+07 3.902093e+07 3.897212e+07 3.896210e+07 3.895996e+07 3.895943e+07 3.895922e+07 3.895907e+07
8.960943e+09 6.353091e+07 6.292217e+07 5.744000e+07 4.524124e+07 4.038727e+07 3.924689e+07 3.900710e+07 3.895813e+07 3.894808e+07 3.894594e+07 3.894540e+07 3.894519e+07 3.894505e+07
8.722075e+09 6.364783e+07 6.302721e+07 5.748658e+07 4.524518e+07 4.037765e+07 3.923365e+07 3.899307e+07 3.894394e+07 3.893385e+07 3.893171e+07 3.893117e+07 3.893096e+07 3.893081e+07
8.489732e+09 6.376141e+07 6.312876e+07 5.753067e+07 4.524844e+07 4.036793e+07 3.922045e+07 3.897912e+07 3.892984e+07 3.891972e+07 3.891757e+07 3.891703e+07 3.891681e+07 3.891667e+07
8.263270e+09 6.387168e+07 6.322685e+07 5.757239e+07 4.525106e+07 4.035814e+07 3.920733e+07 3.896527e+07 3.891583e+07 3.890568e+07 3.890353e+07 3.890299e+07 3.890277e+07 3.890263e+07
8.042999e+09 6.398090e+07 6.332351e+07 5.761260e+07 4.525310e+07 4.034807e+07 3.919399e+07 3.895122e+07 3.890164e+07 3.889146e+07 3.888930e+07 3.888876e+07 3.888855e+07 3.888840e+07
7.828599e+09 6.408913e+07 6.341873e+07 5.765132e+07 4.525455e+07 4.033772e+07 3.918044e+07 3.893697e+07 3.888725e+07 3.887704e+07 3.887488e+07 3.887433e+07 3.887412e+07 3.887397e+07
7.619915e+09 6.419629e+07 6.351248e+07 5.768850e+07 4.525540e+07 4.032707e+07 3.916667e+07 3.892252e+07 3.887266e+07 3.886243e+07 3.886025e+07 3.885971e+07 3.885949e+07 3.885935e+07
7.417680e+09 6.430188e+07 6.360426e+07 5.772398e+07 4.525565e+07 4.031618e+07 3.915275e+07 3.890793e+07 3.885793e+07 3.884767e+07 3.884549e+07 3.884494e+07 3.884473e+07 3.884458e+07
7.219086e+09 6.440417e+07 6.369259e+07 5.775721e+07 4.525531e+07 4.030522e+07 3.913888e+07 3.889344e+07 3.884331e+07 3.883302e+07 3.883083e+07 3.883029e+07 3.883007e+07 3.882993e+07
7.026650e+09 6.450369e+07 6.377795e+07 5.778843e+07 4.525439e+07 4.029416e+07 3.912504e+07 3.887898e+07 3.882872e+07 3.881841e+07 3.881622e+07 3.881567e+07 3.881546e+07 3.881531e+07
6.839343e+09 6.460211e+07 6.386176e+07 5.781819e+07 4.525290e+07 4.028281e+07 3.911097e+07 3.886431e+07 3.881393e+07 3.880359e+07 3.880140e+07 3.880085e+07 3.880064e+07 3.880049e+07
6.657029e+09 6.469938e+07 6.394396e+07 5.784647e+07 4.525081e+07 4.027116e+07 3.909667e+07 3.884944e+07 3.879894e+07 3.878857e+07 3.878637e+07 3.878583e+07 3.878561e+07 3.878547e+07
6.479575e+09 6.479545e+07 6.402449e+07 5.787323e+07 4.524814e+07 4.025922e+07 3.908215e+07 3.883435e+07 3.878373e+07 3.877335e+07 3.877114e+07 3.877059e+07 3.877038e+07 3.877023e+07
6.308497e+09 6.488933e+07 6.410252e+07 5.789821e+07 4.524489e+07 4.024709e+07 3.906754e+07 3.881919e+07 3.876846e+07 3.875805e+07 3.875584e+07 3.875529e+07 3.875508e+07 3.875493e+07
6.138731e+09 6.498003e+07 6.417722e+07 5.792120e+07 4.524113e+07 4.023492e+07 3.905300e+07 3.880414e+07 3.875330e+07 3.874287e+07 3.874066e+07 3.874011e+07 3.873989e+07 3.873975e+07
5.975093e+09 6.506849e+07 6.424940e+07 5.794249e+07 4.523683e+07 4.022259e+07 3.903841e+07 3.878904e+07 3.873811e+07 3.872765e+07 3.872543e+07 3.872488e+07 3.872467e+07 3.872452e+07
5.815817e+09 6.515569e+07 6.431985e+07 5.796233e+07 4.523196e+07 4.020997e+07 3.902358e+07 3.877373e+07 3.872269e+07 3.871222e+07 3.871000e+07 3.870945e+07 3.870923e+07 3.870909e+07
5.660787e+09 6.524157e+07 6.438851e+07 5.798070e+07 4.522651e+07 4.019704e+07 3.900852e+07 3.875820e+07 3.870707e+07 3.869657e+07 3.869435e+07 3.869379e+07 3.869358e+07 3.869343e+07
5.509889e+09 6.532609e+07 6.445532e+07 5.799758e+07 4.522046e+07 4.018381e+07 3.899323e+07 3.874244e+07 3.869122e+07 3.868071e+07 3.867848e+07 3.867792e+07 3.867771e+07 3.867756e+07
5.363885e+09 6.540792e+07 6.451922e+07 5.801272e+07 4.521391e+07 4.017047e+07 3.897792e+07 3.872670e+07 3.867539e+07 3.866486e+07 3.866263e+07 3.866207e+07 3.866186e+07 3.866171e+07
5.220054e+09 6.548667e+07 6.457994e+07 5.802612e+07 4.520692e+07 4.015712e+07 3.896271e+07 3.871108e+07 3.865968e+07 3.864913e+07 3.864689e+07 3.864634e+07 3.864612e+07 3.864598e+07
5.080905e+09 6.556357e+07 6.463845e+07 5.803803e+07 4.519940e+07 4.014354e+07 3.894734e+07 3.869532e+07 3.864384e+07 3.863327e+07 3.863103e+07 3.863048e+07 3.863026e+07 3.863012e+07
4.945465e+09 6.563905e+07 6.469506e+07 5.804850e+07 4.519131e+07 4.012965e+07 3.893174e+07 3.867933e+07 3.862777e+07 3.861719e+07 3.861495e+07 3.861439e+07 3.861418e+07 3.861403e+07
4.813635e+09 6.571305e+07 6.474971e+07 5.805753e+07 4.518263e+07 4.011545e+07 3.891589e+07 3.866312e+07 3.861148e+07 3.860088e+07 3.859864e+07 3.859808e+07 3.859787e+07 3.859772e+07
4.685320e+09 6.578549e+07 6.480233e+07 5.806510e+07 4.517336e+07 4.010094e+07 3.889980e+07 3.864667e+07 3.859496e+07 3.858435e+07 3.858210e+07 3.858154e+07 3.858133e+07 3.858118e+07
4.560463e+09 6.585487e+07 6.485183e+07 5.807106e+07 4.516369e+07 4.008642e+07 3.888379e+07 3.863033e+07 3.857855e+07 3.856793e+07 3.856567e+07 3.856512e+07 3.856490e+07 3.856476e+07
4.438859e+09 6.592128e+07 6.489832e+07 5.807552e+07 4.515367e+07 4.007190e+07 3.886788e+07 3.861410e+07 3.856226e+07 3.855162e+07 3.854937e+07 3.854881e+07 3.854860e+07 3.854845e+07
4.320534e+09 6.598611e+07 6.494280e+07 5.807859e+07 4.514307e+07 4.005707e+07 3.885173e+07 3.859765e+07 3.854575e+07 3.853510e+07 3.853284e+07 3.853228e+07 3.853207e+07 3.853192e+07
4.205363e+09 6.604934e+07 6.498523e+07 5.808025e+07 4.513189e+07 4.004193e+07 3.883532e+07 3.858096e+07 3.852900e+07 3.851834e+07 3.851608e+07 3.851552e+07 3.851530e+07 3.851516e+07
4.093262e+09 6.611089e+07 6.502555e+07 5.808050e+07 4.512013e+07 4.002647e+07 3.881866e+07 3.856403e+07 3.851201e+07 3.850134e+07 3.849908e+07 3.849852e+07 3.849830e+07 3.849816e+07
3.984723e+09 6.617039e+07 6.506350e+07 5.807931e+07 4.510785e+07 4.001076e+07 3.880183e+07 3.854694e+07 3.849487e+07 3.848419e+07 3.848193e+07 3.848137e+07 3.848115e+07 3.848101e+07
3.877945e+09 6.622690e+07 6.509851e+07 5.807675e+07 4.509524e+07 3.999507e+07 3.878510e+07 3.852997e+07 3.847786e+07 3.846716e+07 3.846490e+07 3.846434e+07 3.846412e+07 3.846398e+07
3.774572e+09 6.628083e+07 6.513088e+07 5.807288e+07 4.508227e+07 3.997931e+07 3.876838e+07 3.851303e+07 3.846087e+07 3.845016e+07 3.844790e+07 3.844734e+07 3.844712e+07 3.844698e+07
3.673955e+09 6.633301e+07 6.516113e+07 5.806764e+07 4.506872e+07 3.996323e+07 3.875140e+07 3.849584e+07 3.844364e+07 3.843292e+07 3.843066e+07 3.843010e+07 3.842988e+07 3.842974e+07
3.576019e+09 6.638338e+07 6.518919e+07 5.806102e+07 4.505460e+07 3.994682e+07 3.873415e+07 3.847841e+07 3.842616e+07 3.841544e+07 3.841317e+07 3.841261e+07 3.841239e+07 3.841225e+07
3.480695e+09 6.643188e+07 6.521503e+07 5.805300e+07 4.503989e+07 3.993008e+07 3.871664e+07 3.846072e+07 3.840843e+07 3.839770e+07 3.839543e+07 3.839487e+07 3.839465e+07 3.839451e+07
3.388859e+09 6.647791e+07 6.523832e+07 5.804367e+07 4.502475e+07 3.991320e+07 3.869906e+07 3.844297e+07 3.839065e+07 3.837991e+07 3.837764e+07 3.837708e+07 3.837686e+07 3.837672e+07
3.297601e+09 6.652108e+07 6.525890e+07 5.803319e+07 4.500936e+07 3.989635e+07 3.868158e+07 3.842534e+07 3.837299e+07 3.836225e+07 3.835997e+07 3.835941e+07 3.835920e+07 3.835906e+07
3.209698e+09 6.656192e+07 6.527710e+07 5.802148e+07 4.499355e+07 3.987935e+07 3.866401e+07 3.840764e+07 3.835526e+07 3.834451e+07 3.834224e+07 3.834168e+07 3.834146e+07 3.834132e+07
3.124138e+09 6.660081e+07 6.529306e+07 5.800842e+07 4.497717e+07 3.986202e+07 3.864617e+07 3.838968e+07 3.833727e+07 3.832652e+07 3.832425e+07 3.832368e+07 3.832347e+07 3.832333e+07
3.040859e+09 6.663767e+07 6.530675e+07 5.799400e+07 4.496020e+07 3.984434e+07 3.862806e+07 3.837145e+07 3.831903e+07 3.830827e+07 3.830599e+07 3.830543e+07 3.830522e+07 3.830508e+07
2.959800e+09 6.667244e+07 6.531812e+07 5.797821e+07 4.494265e+07 3.982633e+07 3.860966e+07 3.835296e+07 3.830052e+07 3.828975e+07 3.828748e+07 3.828692e+07 3.828670e+07 3.828656e+07
2.881228e+09 6.670449e+07 6.532696e+07 5.796132e+07 4.492480e+07 3.980828e+07 3.859130e+07 3.833452e+07 3.828205e+07 3.827129e+07 3.826901e+07 3.826845e+07 3.826824e+07 3.826809e+07
2.804106e+09 6.673378e+07 6.533336e+07 5.794347e+07 4.490677e+07 3.979027e+07 3.857305e+07 3.831620e+07 3.826372e+07 3.825296e+07 3.825068e+07 3.825012e+07 3.824990e+07 3.824976e+07
2.729358e+09 6.676084e+07 6.533748e+07 5.792438e+07 4.488823e+07 3.977201e+07 3.855459e+07 3.829769e+07 3.824520e+07 3.823443e+07 3.823215e+07 3.823159e+07 3.823138e+07 3.823123e+07
2.656602e+09 6.678573e+07 6.533930e+07 5.790396e+07 4.486911e+07 3.975339e+07 3.853585e+07 3.827891e+07 3.822641e+07 3.821564e+07 3.821336e+07 3.821279e+07 3.821258e+07 3.821244e+07
2.585786e+09 6.680836e+07 6.533877e+07 5.788220e+07 4.484940e+07 3.973443e+07 3.851682e+07 3.825984e+07 3.820734e+07 3.819656e+07 3.819429e+07 3.819372e+07 3.819351e+07 3.819337e+07
2.516999e+09 6.682863e+07 6.533587e+07 5.785912e+07 4.482914e+07 3.971515e+07 3.849753e+07 3.824054e+07 3.818803e+07 3.817725e+07 3.817498e+07 3.817441e+07 3.817420e+07 3.817406e+07
2.449767e+09 6.684613e+07 6.533065e+07 5.783520e+07 4.480871e+07 3.969593e+07 3.847835e+07 3.822136e+07 3.816885e+07 3.815808e+07 3.815580e+07 3.815524e+07 3.815502e+07 3.815488e+07
2.384464e+09 6.686102e+07 6.532327e+07 5.781045e+07 4.478811e+07 3.967674e+07 3.845926e+07 3.820228e+07 3.814977e+07 3.813900e+07 3.813672e+07 3.813616e+07 3.813594e+07 3.813580e+07
2.320902e+09 6.687356e+07 6.531358e+07 5.778440e+07 4.476692e+07 3.965719e+07 3.843987e+07 3.818291e+07 3.813040e+07 3.811963e+07 3.811735e+07 3.811679e+07 3.811658e+07 3.811644e+07
2.259035e+09 6.688369e+07 6.530154e+07 5.775702e+07 4.474514e+07 3.963728e+07 3.842018e+07 3.816325e+07 3.811075e+07 3.809998e+07 3.809770e+07 3.809714e+07 3.809693e+07 3.809679e+07
2.198817e+09 6.689133e+07 6.528712e+07 5.772831e+07 4.472276e+07 3.961701e+07 3.840018e+07 3.814330e+07 3.809081e+07 3.808004e+07 3.807776e+07 3.807720e+07 3.807699e+07 3.807685e+07
2.140688e+09 6.689634e+07 6.527041e+07 5.769850e+07 4.469997e+07 3.959654e+07 3.838004e+07 3.812322e+07 3.807074e+07 3.805997e+07 3.805769e+07 3.805713e+07 3.805692e+07 3.805678e+07
2.083153e+09 6.689871e+07 6.525170e+07 5.766802e+07 4.467707e+07 3.957615e+07 3.836003e+07 3.810327e+07 3.805081e+07 3.804004e+07 3.803777e+07 3.803720e+07 3.803699e+07 3.803685e+07
2.027623e+09 6.689854e+07 6.523094e+07 5.763666e+07 4.465389e+07 3.955566e+07 3.833997e+07 3.808329e+07 3.803084e+07 3.802008e+07 3.801781e+07 3.801725e+07 3.801703e+07 3.801689e+07
1.973573e+09 6.689577e+07 6.520783e+07 5.760400e+07 4.463011e+07 3.953481e+07 3.831960e+07 3.806301e+07 3.801058e+07 3.799982e+07 3.799755e+07 3.799699e+07 3.799678e+07 3.799664e+07
1.920964e+09 6.689033e+07 6.518235e+07 5.757002e+07 4.460573e+07 3.951359e+07 3.829892e+07 3.804243e+07 3.799001e+07 3.797926e+07 3.797699e+07 3.797643e+07 3.797622e+07 3.797608e+07
1.869758e+09 6.688213e+07 6.515447e+07 5.753471e+07 4.458074e+07 3.949198e+07 3.827790e+07 3.802153e+07 3.796914e+07 3.795839e+07 3.795612e+07 3.795556e+07 3.795535e+07 3.795521e+07
1.820249e+09 6.687125e+07 6.512459e+07 5.749859e+07 4.455551e+07 3.947031e+07 3.825688e+07 3.800063e+07 3.794827e+07 3.793752e+07 3.793525e+07 3.793469e+07 3.793448e+07 3.793434e+07
1.771404e+09 6.685786e+07 6.509304e+07 5.746197e+07 4.453023e+07 3.944874e+07 3.823599e+07 3.797987e+07 3.792754e+07 3.791680e+07 3.791453e+07 3.791397e+07 3.791376e+07 3.791362e+07
1.724184e+09 6.684178e+07 6.505937e+07 5.742431e+07 4.450451e+07 3.942693e+07 3.821491e+07 3.795894e+07 3.790663e+07 3.789590e+07 3.789363e+07 3.789307e+07 3.789286e+07 3.789272e+07
1.678223e+09 6.682283e+07 6.502335e+07 5.738534e+07 4.447819e+07 3.940473e+07 3.819351e+07 3.793769e+07 3.788541e+07 3.787469e+07 3.787242e+07 3.787186e+07 3.787165e+07 3.787151e+07
1.633487e+09 6.680094e+07 6.498494e+07 5.734505e+07 4.445125e+07 3.938214e+07 3.817176e+07 3.791611e+07 3.786387e+07 3.785315e+07 3.785089e+07 3.785033e+07 3.785012e+07 3.784998e+07
1.589952e+09 6.677602e+07 6.494413e+07 5.730344e+07 4.442369e+07 3.935916e+07 3.814968e+07 3.789421e+07 3.784200e+07 3.783129e+07 3.782903e+07 3.782847e+07 3.782826e+07 3.782812e+07
1.547561e+09 6.674857e+07 6.490180e+07 5.726140e+07 4.439610e+07 3.933628e+07 3.812773e+07 3.787245e+07 3.782028e+07 3.780958e+07 3.780732e+07 3.780676e+07 3.780655e+07 3.780641e+07
1.506308e+09 6.671875e+07 6.485809e+07 5.721899e+07 4.436850e+07 3.931350e+07 3.810592e+07 3.785083e+07 3.779871e+07 3.778801e+07 3.778575e+07 3.778519e+07 3.778498e+07 3.778484e+07
1.466155e+09 6.668586e+07 6.481206e+07 5.717529e+07 4.434029e+07 3.929033e+07 3.808377e+07 3.782889e+07 3.777680e+07 3.776611e+07 3.776385e+07 3.776330e+07 3.776309e+07 3.776295e+07
1.427072e+09 6.664983e+07 6.476366e+07 5.713027e+07 4.431145e+07 3.926675e+07 3.806126e+07 3.780660e+07 3.775456e+07 3.774388e+07 3.774162e+07 3.774107e+07 3.774086e+07 3.774072e+07
1.389031e+09 6.661056e+07 6.471289e+07 5.708393e+07 4.428197e+07 3.924276e+07 3.803840e+07 3.778397e+07 3.773197e+07 3.772130e+07 3.771905e+07 3.771849e+07 3.771828e+07 3.771814e+07
1.352264e+09 6.656825e+07 6.466008e+07 5.703658e+07 4.425206e+07 3.921852e+07 3.801535e+07 3.776115e+07 3.770920e+07 3.769854e+07 3.769629e+07 3.769574e+07 3.769553e+07 3.769539e+07
1.315965e+09 6.652356e+07 6.460606e+07 5.698895e+07 4.422218e+07 3.919440e+07 3.799243e+07 3.773848e+07 3.768658e+07 3.767594e+07 3.767369e+07 3.767313e+07 3.767292e+07 3.767278e+07
1.280885e+09 6.647627e+07 6.455055e+07 5.694072e+07 4.419211e+07 3.917023e+07 3.796950e+07 3.771580e+07 3.766396e+07 3.765332e+07 3.765107e+07 3.765052e+07 3.765031e+07 3.765017e+07
1.246741e+09 6.642562e+07 6.449271e+07 5.689119e+07 4.416141e+07 3.914564e+07 3.794620e+07 3.769277e+07 3.764098e+07 3.763035e+07 3.762811e+07 3.762756e+07 3.762735e+07 3.762721e+07
1.213507e+09 6.637151e+07 6.443251e+07 5.684033e+07 4.413006e+07 3.912062e+07 3.792254e+07 3.766938e+07 3.761764e+07 3.760703e+07 3.760479e+07 3.760424e+07 3.760403e+07 3.760389e+07
1.181159e+09 6.631385e+07 6.436994e+07 5.678812e+07 4.409805e+07 3.909518e+07 3.789850e+07 3.764563e+07 3.759395e+07 3.758335e+07 3.758110e+07 3.758055e+07 3.758035e+07 3.758021e+07
1.149913e+09 6.625341e+07 6.430588e+07 5.673532e+07 4.406585e+07 3.906967e+07 3.787442e+07 3.762185e+07 3.757023e+07 3.755964e+07 3.755740e+07 3.755685e+07 3.755664e+07 3.755650e+07
1.119027e+09 6.619076e+07 6.424091e+07 5.668236e+07 4.403371e+07 3.904428e+07 3.785050e+07 3.759822e+07 3.754667e+07 3.753609e+07 3.753385e+07 3.753330e+07 3.753310e+07 3.753296e+07
1.089197e+09 6.612500e+07 6.417414e+07 5.662849e+07 4.400117e+07 3.901866e+07 3.782638e+07 3.757441e+07 3.752292e+07 3.751235e+07 3.751012e+07 3.750957e+07 3.750936e+07 3.750923e+07
1.060163e+09 6.605556e+07 6.410504e+07 5.657328e+07 4.396796e+07 3.899261e+07 3.780187e+07 3.755023e+07 3.749880e+07 3.748825e+07 3.748602e+07 3.748547e+07 3.748526e+07 3.748512e+07
1.031903e+09 6.598236e+07 6.403358e+07 5.651672e+07 4.393409e+07 3.896610e+07 3.777698e+07 3.752566e+07 3.747430e+07 3.746376e+07 3.746154e+07 3.746099e+07 3.746078e+07 3.746064e+07
1.004396e+09 6.590531e+07 6.395974e+07 5.645879e+07 4.389954e+07 3.893914e+07 3.775168e+07 3.750071e+07 3.744942e+07 3.743890e+07 3.743667e+07 3.743612e+07 3.743592e+07 3.743578e+07
