 482  2.107779e+000
0.00000000e+000 0.000000e+000 1.9428885e+035 9.9682617e+014 -6.077144e-001 5.309588e-001 5.325893e-002 3.939765e-002
2.09937841e-009 1.000000e-002 1.9428857e+035 9.9682617e+014 -6.077142e-001 5.309585e-001 5.325887e-002 3.939760e-002
2.82537244e-009 1.104066e-002 1.9428851e+035 9.9682544e+014 -6.077141e-001 5.309585e-001 5.325886e-002 3.939759e-002
3.81384880e-009 1.220181e-002 1.9428843e+035 9.9682527e+014 -6.077140e-001 5.309584e-001 5.325885e-002 3.939758e-002
5.14814921e-009 1.348508e-002 1.9428834e+035 9.9682508e+014 -6.077140e-001 5.309583e-001 5.325883e-002 3.939756e-002
6.94926124e-009 1.490331e-002 1.9428823e+035 9.9682483e+014 -6.077139e-001 5.309582e-001 5.325881e-002 3.939754e-002
9.38049970e-009 1.647069e-002 1.9428809e+035 9.9682453e+014 -6.077137e-001 5.309581e-001 5.325878e-002 3.939751e-002
1.26623144e-008 1.820292e-002 1.9428792e+035 9.9682417e+014 -6.077136e-001 5.309579e-001 5.325874e-002 3.939748e-002
1.70922778e-008 2.011731e-002 1.9428772e+035 9.9682373e+014 -6.077134e-001 5.309577e-001 5.325870e-002 3.939744e-002
2.30720650e-008 2.223304e-002 1.9428747e+035 9.9682319e+014 -6.077132e-001 5.309575e-001 5.325865e-002 3.939739e-002
3.11438709e-008 2.457127e-002 1.9428716e+035 9.9682252e+014 -6.077129e-001 5.309572e-001 5.325859e-002 3.939734e-002
4.20395660e-008 2.715540e-002 1.9428679e+035 9.9682172e+014 -6.077125e-001 5.309568e-001 5.325851e-002 3.939727e-002
5.67470458e-008 3.001129e-002 1.9428633e+035 9.9682073e+014 -6.077121e-001 5.309564e-001 5.325842e-002 3.939718e-002
7.65997867e-008 3.316751e-002 1.9428578e+035 9.9681952e+014 -6.077116e-001 5.309559e-001 5.325831e-002 3.939708e-002
1.03397721e-007 3.665564e-002 1.9428510e+035 9.9681805e+014 -6.077110e-001 5.309552e-001 5.325817e-002 3.939695e-002
1.39570387e-007 4.051057e-002 1.9428427e+035 9.9681625e+014 -6.077102e-001 5.309544e-001 5.325800e-002 3.939679e-002
1.88397122e-007 4.477087e-002 1.9428325e+035 9.9681406e+014 -6.077093e-001 5.309535e-001 5.325780e-002 3.939660e-002
2.54304249e-007 4.947915e-002 1.9428202e+035 9.9681137e+014 -6.077082e-001 5.309523e-001 5.325755e-002 3.939637e-002
3.43266149e-007 5.468250e-002 1.9428051e+035 9.9680810e+014 -6.077068e-001 5.309509e-001 5.325724e-002 3.939609e-002
4.63346523e-007 6.043293e-002 1.9427866e+035 9.9680409e+014 -6.077051e-001 5.309491e-001 5.325687e-002 3.939574e-002
6.25428790e-007 6.678794e-002 1.9427640e+035 9.9679920e+014 -6.077030e-001 5.309470e-001 5.325641e-002 3.939532e-002
8.44201663e-007 7.381105e-002 1.9427365e+035 9.9679323e+014 -6.077005e-001 5.309443e-001 5.325585e-002 3.939480e-002
1.13948893e-006 8.157241e-002 1.9427029e+035 9.9678594e+014 -6.076974e-001 5.309411e-001 5.325517e-002 3.939417e-002
1.53804345e-006 9.014955e-002 1.9426618e+035 9.9677704e+014 -6.076936e-001 5.309372e-001 5.325434e-002 3.939340e-002
2.07596724e-006 9.962809e-002 1.9426116e+035 9.9676616e+014 -6.076890e-001 5.309325e-001 5.325332e-002 3.939246e-002
2.80197543e-006 1.101026e-001 1.9425504e+035 9.9675288e+014 -6.076834e-001 5.309266e-001 5.325208e-002 3.939132e-002
3.78179774e-006 1.216775e-001 1.9424755e+035 9.9673666e+014 -6.076765e-001 5.309195e-001 5.325056e-002 3.938991e-002
5.10411260e-006 1.344681e-001 1.9423842e+035 9.9671685e+014 -6.076682e-001 5.309108e-001 5.324871e-002 3.938820e-002
6.88854517e-006 1.486017e-001 1.9422726e+035 9.9669266e+014 -6.076579e-001 5.309002e-001 5.324645e-002 3.938611e-002
9.29644375e-006 1.642188e-001 1.9421364e+035 9.9666312e+014 -6.076454e-001 5.308872e-001 5.324369e-002 3.938355e-002
1.25453937e-005 1.814743e-001 1.9419700e+035 9.9662706e+014 -6.076302e-001 5.308714e-001 5.324032e-002 3.938044e-002
1.69287553e-005 2.005392e-001 1.9417670e+035 9.9658303e+014 -6.076115e-001 5.308521e-001 5.323620e-002 3.937663e-002
2.28419490e-005 2.216018e-001 1.9415191e+035 9.9652928e+014 -6.075888e-001 5.308285e-001 5.323118e-002 3.937198e-002
3.08177906e-005 2.448698e-001 1.9412165e+035 9.9646366e+014 -6.075610e-001 5.307997e-001 5.322505e-002 3.936631e-002
4.15739513e-005 2.705715e-001 1.9408472e+035 9.9638358e+014 -6.075271e-001 5.307645e-001 5.321756e-002 3.935939e-002
5.60766297e-005 2.989584e-001 1.9403966e+035 9.9628585e+014 -6.074858e-001 5.307216e-001 5.320843e-002 3.935094e-002
7.56258584e-005 3.303067e-001 1.9398469e+035 9.9616662e+014 -6.074353e-001 5.306692e-001 5.319729e-002 3.934063e-002
1.01969607e-004 3.649193e-001 1.9391765e+035 9.9602118e+014 -6.073738e-001 5.306054e-001 5.318370e-002 3.932806e-002
1.37456089e-004 4.031284e-001 1.9383591e+035 9.9584383e+014 -6.072987e-001 5.305275e-001 5.316713e-002 3.931273e-002
1.85236557e-004 4.452970e-001 1.9373629e+035 9.9562763e+014 -6.072072e-001 5.304325e-001 5.314693e-002 3.929405e-002
2.49534503e-004 4.918214e-001 1.9361493e+035 9.9536421e+014 -6.070957e-001 5.303168e-001 5.312232e-002 3.927129e-002
3.36001659e-004 5.431324e-001 1.9346718e+035 9.9504340e+014 -6.069599e-001 5.301759e-001 5.309236e-002 3.924358e-002
4.52186638e-004 5.996970e-001 1.9328742e+035 9.9465296e+014 -6.067946e-001 5.300044e-001 5.305590e-002 3.920986e-002
6.08148355e-004 6.620192e-001 1.9306891e+035 9.9417814e+014 -6.065936e-001 5.297957e-001 5.301157e-002 3.916886e-002
8.17253398e-004 7.306398e-001 1.9280355e+035 9.9360124e+014 -6.063493e-001 5.295422e-001 5.295773e-002 3.911907e-002
1.09720363e-003 8.061355e-001 1.9248171e+035 9.9290110e+014 -6.060527e-001 5.292344e-001 5.289240e-002 3.905866e-002
1.47134643e-003 8.891154e-001 1.9209195e+035 9.9205255e+014 -6.056933e-001 5.288612e-001 5.281326e-002 3.898548e-002
1.97032341e-003 9.802168e-001 1.9162078e+035 9.9102582e+014 -6.052582e-001 5.284095e-001 5.271755e-002 3.889699e-002
2.63411080e-003 1.080097e+000 1.9105241e+035 9.8978589e+014 -6.047327e-001 5.278637e-001 5.260204e-002 3.879019e-002
3.51449213e-003 1.189424e+000 1.9036856e+035 9.8829200e+014 -6.040992e-001 5.272057e-001 5.246297e-002 3.866164e-002
4.67797538e-003 1.308858e+000 1.8954825e+035 9.8649708e+014 -6.033378e-001 5.264146e-001 5.229602e-002 3.850734e-002
6.20911529e-003 1.439038e+000 1.8856780e+035 9.8434751e+014 -6.024255e-001 5.254664e-001 5.209630e-002 3.832279e-002
8.21412094e-003 1.580551e+000 1.8740085e+035 9.8178303e+014 -6.013365e-001 5.243339e-001 5.185833e-002 3.810294e-002
1.08245146e-002 1.733909e+000 1.8601874e+035 9.7873712e+014 -6.000420e-001 5.229873e-001 5.157614e-002 3.784230e-002
1.42004631e-002 1.899515e+000 1.8439104e+035 9.7513788e+014 -5.985111e-001 5.213937e-001 5.124329e-002 3.753499e-002
1.85332429e-002 2.077627e+000 1.8248647e+035 9.7090957e+014 -5.967109e-001 5.195185e-001 5.085315e-002 3.717490e-002
2.40461559e-002 2.268324e+000 1.8027416e+035 9.6597486e+014 -5.946075e-001 5.173256e-001 5.039903e-002 3.675596e-002
3.09931329e-002 2.471474e+000 1.7772524e+035 9.6025783e+014 -5.921674e-001 5.147792e-001 4.987457e-002 3.627239e-002
3.96543103e-002 2.686713e+000 1.7481473e+035 9.5368756e+014 -5.893590e-001 5.118450e-001 4.927408e-002 3.571908e-002
5.03280872e-002 2.913426e+000 1.7152350e+035 9.4620218e+014 -5.861541e-001 5.084919e-001 4.859294e-002 3.509191e-002
6.33195881e-002 3.150753e+000 1.6784021e+035 9.3775286e+014 -5.825298e-001 5.046938e-001 4.782800e-002 3.438819e-002
7.89260315e-002 3.397604e+000 1.6376290e+035 9.2830753e+014 -5.784702e-001 5.004315e-001 4.697793e-002 3.360695e-002
9.74201128e-002 3.652691e+000 1.5930006e+035 9.1785364e+014 -5.739675e-001 4.956937e-001 4.604351e-002 3.274917e-002
1.19033011e-001 3.914575e+000 1.5447100e+035 9.0639980e+014 -5.690230e-001 4.904778e-001 4.502770e-002 3.181792e-002
1.43938862e-001 4.181716e+000 1.4930542e+035 8.9397599e+014 -5.636474e-001 4.847908e-001 4.393564e-002 3.081827e-002
1.72242431e-001 4.452537e+000 1.4384223e+035 8.8063232e+014 -5.578603e-001 4.786482e-001 4.277447e-002 2.975718e-002
2.03971269e-001 4.725470e+000 1.3812780e+035 8.6643661e+014 -5.516897e-001 4.720741e-001 4.155301e-002 2.864314e-002
2.39072987e-001 4.999009e+000 1.3221375e+035 8.5147101e+014 -5.451703e-001 4.650993e-001 4.028137e-002 2.748586e-002
2.77417586e-001 5.271745e+000 1.2615465e+035 8.3582822e+014 -5.383424e-001 4.577600e-001 3.897053e-002 2.629576e-002
3.18804168e-001 5.542397e+000 1.2000578e+035 8.1960741e+014 -5.312501e-001 4.500965e-001 3.763177e-002 2.508359e-002
3.62970977e-001 5.809823e+000 1.1382109e+035 8.0291060e+014 -5.239398e-001 4.421514e-001 3.627640e-002 2.386003e-002
4.09607540e-001 6.073029e+000 1.0765154e+035 7.8583931e+014 -5.164586e-001 4.339683e-001 3.491527e-002 2.263533e-002
4.58367734e-001 6.331171e+000 1.0154387e+035 7.6849186e+014 -5.088531e-001 4.255905e-001 3.355852e-002 2.141901e-002
5.08882743e-001 6.583545e+000 9.5539735e+034 7.5096128e+014 -5.011687e-001 4.170601e-001 3.221537e-002 2.021970e-002
5.60773169e-001 6.829578e+000 8.9675233e+034 7.3333386e+014 -4.934482e-001 4.084174e-001 3.089394e-002 1.904497e-002
6.13659746e-001 7.068816e+000 8.3980736e+034 7.1568815e+014 -4.857318e-001 3.996999e-001 2.960120e-002 1.790131e-002
6.67172410e-001 7.300914e+000 7.8480979e+034 6.9809457e+014 -4.780564e-001 3.909425e-001 2.834298e-002 1.679404e-002
7.20957594e-001 7.525616e+000 7.3195331e+034 6.8061518e+014 -4.704554e-001 3.821769e-001 2.712389e-002 1.572739e-002
7.74683826e-001 7.742750e+000 6.8138191e+034 6.6330395e+014 -4.629588e-001 3.734317e-001 2.594752e-002 1.470457e-002
8.28045727e-001 7.952210e+000 6.3319466e+034 6.4620704e+014 -4.555928e-001 3.647323e-001 2.481639e-002 1.372781e-002
8.80766623e-001 8.153952e+000 5.8745082e+034 6.2936334e+014 -4.483805e-001 3.561011e-001 2.373218e-002 1.279850e-002
9.32599956e-001 8.347979e+000 5.4417505e+034 6.1280498e+014 -4.413413e-001 3.475577e-001 2.269571e-002 1.191725e-002
9.83329719e-001 8.534335e+000 5.0336254e+034 5.9655796e+014 -4.344917e-001 3.391186e-001 2.170717e-002 1.108403e-002
1.03277010e+000 8.713101e+000 4.6498379e+034 5.8064284e+014 -4.278452e-001 3.307983e-001 2.076613e-002 1.029827e-002
1.08076454e+000 8.884384e+000 4.2898904e+034 5.6507525e+014 -4.214125e-001 3.226085e-001 1.987171e-002 9.558961e-003
1.12718430e+000 9.048314e+000 3.9531234e+034 5.4986655e+014 -4.152019e-001 3.145590e-001 1.902265e-002 8.864714e-003
1.17192676e+000 9.205043e+000 3.6387504e+034 5.3502423e+014 -4.092195e-001 3.066576e-001 1.821737e-002 8.213878e-003
1.21491348e+000 9.354735e+000 3.3458897e+034 5.2055258e+014 -4.034691e-001 2.989103e-001 1.745412e-002 7.604606e-003
1.25608816e+000 9.497568e+000 3.0735916e+034 5.0645306e+014 -3.979527e-001 2.913216e-001 1.673095e-002 7.034897e-003
1.29541454e+000 9.633728e+000 2.8208612e+034 4.9272477e+014 -3.926709e-001 2.838946e-001 1.604584e-002 6.502687e-003
1.33287429e+000 9.763409e+000 2.5866780e+034 4.7936473e+014 -3.876226e-001 2.766312e-001 1.539672e-002 6.005848e-003
1.36846501e+000 9.886813e+000 2.3700125e+034 4.6636831e+014 -3.828056e-001 2.695322e-001 1.478151e-002 5.542274e-003
1.40219823e+000 1.000414e+001 2.1698391e+034 4.5372941e+014 -3.782164e-001 2.625976e-001 1.419815e-002 5.109861e-003
1.43409759e+000 1.011560e+001 1.9851473e+034 4.4144085e+014 -3.738508e-001 2.558263e-001 1.364461e-002 4.706584e-003
1.46419703e+000 1.022140e+001 1.8149502e+034 4.2949446e+014 -3.697036e-001 2.492168e-001 1.311897e-002 4.330459e-003
1.49253922e+000 1.032175e+001 1.6582908e+034 4.1788137e+014 -3.657692e-001 2.427668e-001 1.261934e-002 3.979612e-003
1.51917405e+000 1.041686e+001 1.5142479e+034 4.0659215e+014 -3.620412e-001 2.364736e-001 1.214394e-002 3.652233e-003
1.54415724e+000 1.050692e+001 1.3819386e+034 3.9561696e+014 -3.585129e-001 2.303341e-001 1.169109e-002 3.346639e-003
1.56754911e+000 1.059216e+001 1.2605220e+034 3.8494563e+014 -3.551773e-001 2.243449e-001 1.125921e-002 3.061214e-003
1.58941345e+000 1.067276e+001 1.1491997e+034 3.7456782e+014 -3.520270e-001 2.185021e-001 1.084679e-002 2.794480e-003
1.60981656e+000 1.074893e+001 1.0472170e+034 3.6447310e+014 -3.490547e-001 2.128018e-001 1.045245e-002 2.545024e-003
1.62882631e+000 1.082087e+001 9.5386306e+033 3.5465102e+014 -3.462529e-001 2.072398e-001 1.007490e-002 2.311565e-003
1.64651139e+000 1.088877e+001 8.6847007e+033 3.4509116e+014 -3.436139e-001 2.018120e-001 9.712930e-003 2.092885e-003
1.66294062e+000 1.095281e+001 7.9041263e+033 3.3578323e+014 -3.411302e-001 1.965138e-001 9.365424e-003 1.887880e-003
1.67818238e+000 1.101318e+001 7.1910645e+033 3.2671706e+014 -3.387945e-001 1.913410e-001 9.031354e-003 1.695524e-003
1.69230408e+000 1.107006e+001 6.5400695e+033 3.1788272e+014 -3.365993e-001 1.862892e-001 8.709771e-003 1.514889e-003
1.70537178e+000 1.112362e+001 5.9460756e+033 3.0927050e+014 -3.345375e-001 1.813539e-001 8.399798e-003 1.345104e-003
1.71744980e+000 1.117403e+001 5.4043803e+033 3.0087093e+014 -3.326021e-001 1.765308e-001 8.100635e-003 1.185326e-003
1.71975217e+000 1.118375e+001 5.3019278e+033 2.9921572e+014 -3.322296e-001 1.755792e-001 8.042034e-003 1.154519e-003
1.72088960e+000 1.118856e+001 5.2514098e+033 2.9839115e+014 -3.320451e-001 1.751051e-001 8.012882e-003 1.139254e-003
1.72201794e+000 1.119335e+001 5.2013586e+033 2.9756858e+014 -3.318618e-001 1.746320e-001 7.983829e-003 1.124079e-003
1.72313725e+000 1.119810e+001 5.1517700e+033 2.9674801e+014 -3.316796e-001 1.741600e-001 7.954874e-003 1.108995e-003
1.72424760e+000 1.120283e+001 5.1026400e+033 2.9592943e+014 -3.314986e-001 1.736890e-001 7.926016e-003 1.094001e-003
1.72534903e+000 1.120753e+001 5.0539645e+033 2.9511283e+014 -3.313188e-001 1.732191e-001 7.897255e-003 1.079096e-003
1.72644162e+000 1.121220e+001 5.0057397e+033 2.9429820e+014 -3.311401e-001 1.727502e-001 7.868590e-003 1.064280e-003
1.72752542e+000 1.121684e+001 4.9579615e+033 2.9348554e+014 -3.309626e-001 1.722824e-001 7.840020e-003 1.049551e-003
1.72860049e+000 1.122145e+001 4.9106261e+033 2.9267484e+014 -3.307862e-001 1.718157e-001 7.811544e-003 1.034910e-003
1.72966689e+000 1.122604e+001 4.8637295e+033 2.9186608e+014 -3.306109e-001 1.713499e-001 7.783163e-003 1.020356e-003
1.73072467e+000 1.123059e+001 4.8172678e+033 2.9105927e+014 -3.304368e-001 1.708852e-001 7.754875e-003 1.005887e-003
1.73177391e+000 1.123512e+001 4.7712374e+033 2.9025438e+014 -3.302637e-001 1.704216e-001 7.726679e-003 9.915046e-004
1.73281465e+000 1.123962e+001 4.7256343e+033 2.8945142e+014 -3.300918e-001 1.699589e-001 7.698576e-003 9.772064e-004
1.73384695e+000 1.124409e+001 4.6804547e+033 2.8865036e+014 -3.299210e-001 1.694973e-001 7.670564e-003 9.629925e-004
1.73487088e+000 1.124854e+001 4.6356951e+033 2.8785120e+014 -3.297513e-001 1.690367e-001 7.642643e-003 9.488623e-004
1.73588648e+000 1.125296e+001 4.5913516e+033 2.8705393e+014 -3.295826e-001 1.685771e-001 7.614812e-003 9.348149e-004
1.73689382e+000 1.125735e+001 4.5474205e+033 2.8625856e+014 -3.294151e-001 1.681185e-001 7.587070e-003 9.208500e-004
1.73789295e+000 1.126171e+001 4.5038983e+033 2.8546506e+014 -3.292486e-001 1.676609e-001 7.559418e-003 9.069669e-004
1.73888393e+000 1.126605e+001 4.4607813e+033 2.8467344e+014 -3.290832e-001 1.672043e-001 7.531853e-003 8.931652e-004
1.73986682e+000 1.127036e+001 4.4180659e+033 2.8388369e+014 -3.289189e-001 1.667487e-001 7.504377e-003 8.794440e-004
1.74084168e+000 1.127464e+001 4.3757485e+033 2.8309579e+014 -3.287556e-001 1.662942e-001 7.476988e-003 8.658029e-004
1.74180855e+000 1.127890e+001 4.3338257e+033 2.8230973e+014 -3.285934e-001 1.658406e-001 7.449686e-003 8.522415e-004
1.74276750e+000 1.128313e+001 4.2922939e+033 2.8152551e+014 -3.284322e-001 1.653879e-001 7.422469e-003 8.387590e-004
1.74371858e+000 1.128733e+001 4.2511496e+033 2.8074311e+014 -3.282721e-001 1.649363e-001 7.395339e-003 8.253550e-004
1.74466184e+000 1.129151e+001 4.2103894e+033 2.7996254e+014 -3.281130e-001 1.644857e-001 7.368293e-003 8.120288e-004
1.74559735e+000 1.129566e+001 4.1700099e+033 2.7918377e+014 -3.279550e-001 1.640360e-001 7.341331e-003 7.987800e-004
1.74652515e+000 1.129979e+001 4.1300077e+033 2.7840682e+014 -3.277979e-001 1.635873e-001 7.314454e-003 7.856081e-004
1.74744530e+000 1.130389e+001 4.0903794e+033 2.7763166e+014 -3.276419e-001 1.631395e-001 7.287659e-003 7.725124e-004
1.74835786e+000 1.130796e+001 4.0511217e+033 2.7685829e+014 -3.274869e-001 1.626928e-001 7.260948e-003 7.594925e-004
1.74926287e+000 1.131201e+001 4.0122313e+033 2.7608670e+014 -3.273329e-001 1.622469e-001 7.234318e-003 7.465478e-004
1.75016040e+000 1.131604e+001 3.9737048e+033 2.7531689e+014 -3.271798e-001 1.618021e-001 7.207771e-003 7.336779e-004
1.75105050e+000 1.132004e+001 3.9355391e+033 2.7454885e+014 -3.270278e-001 1.613582e-001 7.181305e-003 7.208823e-004
1.75193321e+000 1.132402e+001 3.8977309e+033 2.7378256e+014 -3.268768e-001 1.609152e-001 7.154919e-003 7.081603e-004
1.75280860e+000 1.132797e+001 3.8602770e+033 2.7301803e+014 -3.267267e-001 1.604732e-001 7.128614e-003 6.955114e-004
1.75367671e+000 1.133189e+001 3.8231743e+033 2.7225524e+014 -3.265776e-001 1.600321e-001 7.102388e-003 6.829355e-004
1.75453760e+000 1.133579e+001 3.7864195e+033 2.7149418e+014 -3.264295e-001 1.595920e-001 7.076241e-003 6.704318e-004
1.75539132e+000 1.133967e+001 3.7500096e+033 2.7073485e+014 -3.262824e-001 1.591527e-001 7.050173e-003 6.579997e-004
1.75623792e+000 1.134352e+001 3.7139414e+033 2.6997724e+014 -3.261362e-001 1.587145e-001 7.024183e-003 6.456388e-004
1.75707745e+000 1.134735e+001 3.6782119e+033 2.6922134e+014 -3.259909e-001 1.582771e-001 6.998271e-003 6.333489e-004
1.75790997e+000 1.135116e+001 3.6428181e+033 2.6846715e+014 -3.258466e-001 1.578407e-001 6.972436e-003 6.211294e-004
1.75873553e+000 1.135494e+001 3.6077569e+033 2.6771466e+014 -3.257033e-001 1.574052e-001 6.946678e-003 6.089796e-004
1.75955417e+000 1.135870e+001 3.5730253e+033 2.6696386e+014 -3.255609e-001 1.569706e-001 6.920996e-003 5.968992e-004
1.76036595e+000 1.136243e+001 3.5386203e+033 2.6621474e+014 -3.254194e-001 1.565369e-001 6.895390e-003 5.848879e-004
1.76117092e+000 1.136614e+001 3.5045391e+033 2.6546731e+014 -3.252788e-001 1.561041e-001 6.869859e-003 5.729452e-004
1.76196913e+000 1.136983e+001 3.4707786e+033 2.6472155e+014 -3.251391e-001 1.556722e-001 6.844404e-003 5.610703e-004
1.76276062e+000 1.137349e+001 3.4373360e+033 2.6397744e+014 -3.250004e-001 1.552412e-001 6.819022e-003 5.492630e-004
1.76354545e+000 1.137714e+001 3.4042085e+033 2.6323500e+014 -3.248626e-001 1.548112e-001 6.793715e-003 5.375231e-004
1.76432367e+000 1.138075e+001 3.3713931e+033 2.6249420e+014 -3.247256e-001 1.543820e-001 6.768481e-003 5.258501e-004
1.76509532e+000 1.138435e+001 3.3388870e+033 2.6175504e+014 -3.245896e-001 1.539537e-001 6.743321e-003 5.142432e-004
1.76586046e+000 1.138792e+001 3.3066874e+033 2.6101752e+014 -3.244544e-001 1.535263e-001 6.718233e-003 5.027020e-004
1.76661913e+000 1.139148e+001 3.2747916e+033 2.6028163e+014 -3.243202e-001 1.530997e-001 6.693217e-003 4.912265e-004
1.76737139e+000 1.139500e+001 3.2431968e+033 2.5954736e+014 -3.241868e-001 1.526741e-001 6.668273e-003 4.798162e-004
1.76811727e+000 1.139851e+001 3.2119003e+033 2.5881471e+014 -3.240543e-001 1.522494e-001 6.643401e-003 4.684704e-004
1.76885683e+000 1.140200e+001 3.1808993e+033 2.5808367e+014 -3.239226e-001 1.518255e-001 6.618600e-003 4.571888e-004
1.76959011e+000 1.140546e+001 3.1501912e+033 2.5735422e+014 -3.237918e-001 1.514025e-001 6.593869e-003 4.459716e-004
1.77031717e+000 1.140890e+001 3.1197733e+033 2.5662637e+014 -3.236619e-001 1.509803e-001 6.569209e-003 4.348183e-004
1.77103804e+000 1.141232e+001 3.0896430e+033 2.5590012e+014 -3.235328e-001 1.505590e-001 6.544618e-003 4.237276e-004
1.77175278e+000 1.141572e+001 3.0597976e+033 2.5517544e+014 -3.234046e-001 1.501386e-001 6.520097e-003 4.126988e-004
1.77246143e+000 1.141909e+001 3.0302346e+033 2.5445235e+014 -3.232772e-001 1.497190e-001 6.495645e-003 4.017317e-004
1.77316403e+000 1.142245e+001 3.0009513e+033 2.5373083e+014 -3.231506e-001 1.493003e-001 6.471262e-003 3.908266e-004
1.77386064e+000 1.142578e+001 2.9719453e+033 2.5301087e+014 -3.230249e-001 1.488825e-001 6.446947e-003 3.799833e-004
1.77455130e+000 1.142910e+001 2.9432140e+033 2.5229247e+014 -3.229000e-001 1.484655e-001 6.422701e-003 3.692025e-004
1.77523606e+000 1.143239e+001 2.9147548e+033 2.5157562e+014 -3.227759e-001 1.480494e-001 6.398521e-003 3.584855e-004
1.77591495e+000 1.143566e+001 2.8865654e+033 2.5086032e+014 -3.226526e-001 1.476340e-001 6.374409e-003 3.478314e-004
1.77658803e+000 1.143891e+001 2.8586431e+033 2.5014655e+014 -3.225302e-001 1.472196e-001 6.350364e-003 3.372350e-004
1.77725533e+000 1.144214e+001 2.8309857e+033 2.4943433e+014 -3.224085e-001 1.468060e-001 6.326386e-003 3.266923e-004
1.77791691e+000 1.144535e+001 2.8035907e+033 2.4872363e+014 -3.222877e-001 1.463932e-001 6.302473e-003 3.162009e-004
1.77857281e+000 1.144854e+001 2.7764555e+033 2.4801446e+014 -3.221676e-001 1.459812e-001 6.278627e-003 3.057632e-004
1.77922306e+000 1.145171e+001 2.7495780e+033 2.4730681e+014 -3.220483e-001 1.455701e-001 6.254846e-003 2.953895e-004
1.77986772e+000 1.145486e+001 2.7229557e+033 2.4660068e+014 -3.219299e-001 1.451598e-001 6.231130e-003 2.850907e-004
1.78050683e+000 1.145799e+001 2.6965863e+033 2.4589605e+014 -3.218121e-001 1.447503e-001 6.207480e-003 2.748781e-004
1.78114043e+000 1.146110e+001 2.6704674e+033 2.4519292e+014 -3.216952e-001 1.443417e-001 6.183893e-003 2.647457e-004
1.78176856e+000 1.146419e+001 2.6445967e+033 2.4449129e+014 -3.215791e-001 1.439339e-001 6.160372e-003 2.546520e-004
1.78239126e+000 1.146726e+001 2.6189720e+033 2.4379115e+014 -3.214637e-001 1.435269e-001 6.136914e-003 2.445586e-004
1.78300859e+000 1.147031e+001 2.5935911e+033 2.4309250e+014 -3.213490e-001 1.431207e-001 6.113520e-003 2.344363e-004
1.78362057e+000 1.147335e+001 2.5684516e+033 2.4239534e+014 -3.212351e-001 1.427153e-001 6.090189e-003 2.243049e-004
1.78422725e+000 1.147636e+001 2.5435513e+033 2.4169965e+014 -3.211220e-001 1.423107e-001 6.066921e-003 2.142833e-004
1.78482868e+000 1.147935e+001 2.5188881e+033 2.4100544e+014 -3.210096e-001 1.419070e-001 6.043717e-003 2.044882e-004
1.78542489e+000 1.148233e+001 2.4944597e+033 2.4031270e+014 -3.208980e-001 1.415040e-001 6.020574e-003 1.950172e-004
1.78601592e+000 1.148528e+001 2.4702640e+033 2.3962142e+014 -3.207871e-001 1.411019e-001 5.997495e-003 1.858142e-004
1.78660182e+000 1.148822e+001 2.4462988e+033 2.3893160e+014 -3.206769e-001 1.407005e-001 5.974477e-003 1.764913e-004
1.78718263e+000 1.149114e+001 2.4225621e+033 2.3824323e+014 -3.205674e-001 1.403000e-001 5.951521e-003 1.666883e-004
1.78775838e+000 1.149404e+001 2.3990516e+033 2.3755631e+014 -3.204587e-001 1.399002e-001 5.928626e-003 1.561434e-004
1.78832911e+000 1.149692e+001 2.3757653e+033 2.3687083e+014 -3.203507e-001 1.395013e-001 5.905792e-003 1.450740e-004
1.78889487e+000 1.149978e+001 2.3527012e+033 2.3618680e+014 -3.202434e-001 1.391031e-001 5.883020e-003 1.346081e-004
1.78945570e+000 1.150263e+001 2.3298572e+033 2.3550421e+014 -3.201368e-001 1.387058e-001 5.860308e-003 1.257264e-004
1.79001163e+000 1.150546e+001 2.3072312e+033 2.3482305e+014 -3.200309e-001 1.383092e-001 5.837657e-003 1.191537e-004
1.79056270e+000 1.150827e+001 2.2848212e+033 2.3414333e+014 -3.199257e-001 1.379134e-001 5.815065e-003 1.143143e-004
1.79110895e+000 1.151106e+001 2.2626253e+033 2.3346504e+014 -3.198212e-001 1.375184e-001 5.792534e-003 1.078558e-004
1.79165042e+000 1.151383e+001 2.2406413e+033 2.3278816e+014 -3.197174e-001 1.371242e-001 5.770063e-003 9.681054e-005
1.79218715e+000 1.151659e+001 2.2188675e+033 2.3211271e+014 -3.196143e-001 1.367308e-001 5.747652e-003 7.997649e-005
1.79271918e+000 1.151933e+001 2.1973018e+033 2.3143867e+014 -3.195118e-001 1.363382e-001 5.725300e-003 6.118065e-005
1.79324653e+000 1.152205e+001 2.1759422e+033 2.3076605e+014 -3.194101e-001 1.359463e-001 5.703007e-003 4.795156e-005
1.79376926e+000 1.152475e+001 2.1547870e+033 2.3009483e+014 -3.193090e-001 1.355553e-001 5.680774e-003 4.321365e-005
1.79428740e+000 1.152744e+001 2.1338341e+033 2.2942503e+014 -3.192086e-001 1.351650e-001 5.658599e-003 5.021418e-005
1.79480098e+000 1.153011e+001 2.1130817e+033 2.2875663e+014 -3.191088e-001 1.347754e-001 5.636482e-003 7.101591e-005
1.79531004e+000 1.153276e+001 2.0925279e+033 2.2808964e+014 -3.190097e-001 1.343867e-001 5.614424e-003 7.907236e-005
1.79581462e+000 1.153539e+001 2.0721709e+033 2.2742404e+014 -3.189112e-001 1.339987e-001 5.592425e-003 4.263033e-005
1.79631475e+000 1.153801e+001 2.0520089e+033 2.2675984e+014 -3.188134e-001 1.336115e-001 5.570483e-003 6.865984e-006
1.79681047e+000 1.154062e+001 2.0320400e+033 2.2609704e+014 -3.187163e-001 1.332251e-001 5.548600e-003 3.098560e-007
1.79730181e+000 1.154320e+001 2.0122624e+033 2.2543562e+014 -3.186198e-001 1.328395e-001 5.526774e-003 8.213246e-009
1.79778882e+000 1.154577e+001 1.9926744e+033 2.2477559e+014 -3.185239e-001 1.324546e-001 5.505006e-003 2.937673e-010
1.79827152e+000 1.154832e+001 1.9732741e+033 2.2411696e+014 -3.184287e-001 1.320705e-001 5.483296e-003 3.236228e-011
1.79874995e+000 1.155086e+001 1.9540599e+033 2.2345971e+014 -3.183341e-001 1.316872e-001 5.461643e-003 1.527473e-011
1.79922415e+000 1.155338e+001 1.9350299e+033 2.2280385e+014 -3.182401e-001 1.313046e-001 5.440047e-003 1.919703e-011
1.79969415e+000 1.155589e+001 1.9161826e+033 2.2214937e+014 -3.181467e-001 1.309228e-001 5.418508e-003 3.706606e-011
1.80015998e+000 1.155837e+001 1.8975161e+033 2.2149627e+014 -3.180540e-001 1.305418e-001 5.397027e-003 6.384640e-011
1.80062168e+000 1.156085e+001 1.8790287e+033 2.2084455e+014 -3.179619e-001 1.301615e-001 5.375602e-003 7.572894e-011
1.80107928e+000 1.156330e+001 1.8607189e+033 2.2019421e+014 -3.178703e-001 1.297820e-001 5.354234e-003 6.984936e-011
1.80153282e+000 1.156574e+001 1.8425849e+033 2.1954524e+014 -3.177794e-001 1.294033e-001 5.332923e-003 5.810448e-011
1.80198232e+000 1.156817e+001 1.8246251e+033 2.1889766e+014 -3.176891e-001 1.290253e-001 5.311668e-003 5.039162e-011
1.80242783e+000 1.157058e+001 1.8068378e+033 2.1825144e+014 -3.175994e-001 1.286482e-001 5.290470e-003 4.826553e-011
1.80286937e+000 1.157297e+001 1.7892215e+033 2.1760661e+014 -3.175103e-001 1.282717e-001 5.269328e-003 4.928014e-011
1.80330698e+000 1.157535e+001 1.7717745e+033 2.1696315e+014 -3.174217e-001 1.278961e-001 5.248243e-003 5.153646e-011
1.80374069e+000 1.157772e+001 1.7544953e+033 2.1632106e+014 -3.173338e-001 1.275212e-001 5.227214e-003 5.312542e-011
1.80417053e+000 1.158007e+001 1.7373822e+033 2.1568035e+014 -3.172464e-001 1.271471e-001 5.206241e-003 5.334920e-011
1.80459653e+000 1.158240e+001 1.7204338e+033 2.1504102e+014 -3.171596e-001 1.267737e-001 5.185324e-003 5.272070e-011
1.80501873e+000 1.158472e+001 1.7036484e+033 2.1440306e+014 -3.170734e-001 1.264011e-001 5.164463e-003 5.182473e-011
1.80543716e+000 1.158703e+001 1.6870246e+033 2.1376647e+014 -3.169878e-001 1.260293e-001 5.143659e-003 5.118625e-011
1.80585184e+000 1.158932e+001 1.6705608e+033 2.1313127e+014 -3.169027e-001 1.256583e-001 5.122910e-003 5.090034e-011
1.80626281e+000 1.159159e+001 1.6542555e+033 2.1249744e+014 -3.168182e-001 1.252880e-001 5.102217e-003 5.081721e-011
1.80667010e+000 1.159385e+001 1.6381073e+033 2.1186499e+014 -3.167342e-001 1.249185e-001 5.081581e-003 5.078834e-011
1.80707375e+000 1.159610e+001 1.6221145e+033 2.1123391e+014 -3.166508e-001 1.245498e-001 5.061000e-003 5.068294e-011
1.80747377e+000 1.159833e+001 1.6062759e+033 2.1060422e+014 -3.165680e-001 1.241819e-001 5.040475e-003 5.048942e-011
1.80787021e+000 1.160055e+001 1.5905899e+033 2.0997591e+014 -3.164857e-001 1.238147e-001 5.020006e-003 5.024781e-011
1.80826308e+000 1.160275e+001 1.5750551e+033 2.0934898e+014 -3.164039e-001 1.234483e-001 4.999594e-003 4.999786e-011
1.80865243e+000 1.160494e+001 1.5596701e+033 2.0872343e+014 -3.163227e-001 1.230827e-001 4.979237e-003 4.977164e-011
1.80903828e+000 1.160712e+001 1.5444334e+033 2.0809927e+014 -3.162420e-001 1.227178e-001 4.958935e-003 4.956797e-011
1.80942065e+000 1.160928e+001 1.5293437e+033 2.0747649e+014 -3.161619e-001 1.223538e-001 4.938690e-003 4.937621e-011
1.80979959e+000 1.161142e+001 1.5143996e+033 2.0685510e+014 -3.160823e-001 1.219905e-001 4.918501e-003 4.918586e-011
1.81017511e+000 1.161356e+001 1.4995997e+033 2.0623511e+014 -3.160032e-001 1.216280e-001 4.898368e-003 4.898946e-011
1.81054725e+000 1.161568e+001 1.4849426e+033 2.0561651e+014 -3.159246e-001 1.212663e-001 4.878291e-003 4.878823e-011
1.81091604e+000 1.161779e+001 1.4704270e+033 2.0499930e+014 -3.158466e-001 1.209054e-001 4.858270e-003 4.858498e-011
1.81128149e+000 1.161988e+001 1.4560516e+033 2.0438350e+014 -3.157691e-001 1.205452e-001 4.838305e-003 4.838250e-011
1.81164365e+000 1.162196e+001 1.4418150e+033 2.0376910e+014 -3.156921e-001 1.201859e-001 4.818397e-003 4.818239e-011
1.81200254e+000 1.162403e+001 1.4277159e+033 2.0315611e+014 -3.156156e-001 1.198274e-001 4.798544e-003 4.798415e-011
1.81235818e+000 1.162608e+001 1.4137530e+033 2.0254453e+014 -3.155396e-001 1.194696e-001 4.778748e-003 4.778703e-011
1.81271061e+000 1.162812e+001 1.3999250e+033 2.0193435e+014 -3.154641e-001 1.191126e-001 4.759008e-003 4.759031e-011
1.81305985e+000 1.163015e+001 1.3862307e+033 2.0132558e+014 -3.153891e-001 1.187565e-001 4.739325e-003 4.739367e-011
1.81340592e+000 1.163216e+001 1.3726688e+033 2.0071823e+014 -3.153146e-001 1.184011e-001 4.719698e-003 4.719729e-011
1.81374887e+000 1.163416e+001 1.3592380e+033 2.0011231e+014 -3.152406e-001 1.180466e-001 4.700128e-003 4.700136e-011
1.81408870e+000 1.163615e+001 1.3459371e+033 1.9950781e+014 -3.151671e-001 1.176928e-001 4.680615e-003 4.680607e-011
1.81442545e+000 1.163813e+001 1.3327649e+033 1.9890474e+014 -3.150940e-001 1.173399e-001 4.661158e-003 4.661147e-011
1.81475915e+000 1.164009e+001 1.3197201e+033 1.9830311e+014 -3.150215e-001 1.169878e-001 4.641758e-003 4.641751e-011
1.81508981e+000 1.164204e+001 1.3068015e+033 1.9770291e+014 -3.149494e-001 1.166365e-001 4.622415e-003 4.622414e-011
1.81541747e+000 1.164398e+001 1.2940079e+033 1.9710416e+014 -3.148779e-001 1.162860e-001 4.603129e-003 4.603132e-011
1.81574216e+000 1.164590e+001 1.2813382e+033 1.9650685e+014 -3.148067e-001 1.159363e-001 4.583901e-003 4.583903e-011
1.81606389e+000 1.164782e+001 1.2687912e+033 1.9591099e+014 -3.147361e-001 1.155875e-001 4.564729e-003 4.564731e-011
1.81638269e+000 1.164972e+001 1.2563657e+033 1.9531658e+014 -3.146659e-001 1.152394e-001 4.545615e-003 4.545615e-011
1.81669859e+000 1.165161e+001 1.2440605e+033 1.9472364e+014 -3.145962e-001 1.148922e-001 4.526558e-003 4.526558e-011
1.81701161e+000 1.165348e+001 1.2318745e+033 1.9413215e+014 -3.145270e-001 1.145459e-001 4.507560e-003 4.507559e-011
1.81732178e+000 1.165535e+001 1.2198066e+033 1.9354213e+014 -3.144582e-001 1.142004e-001 4.488619e-003 4.488619e-011
1.81762912e+000 1.165720e+001 1.2078557e+033 1.9295358e+014 -3.143899e-001 1.138557e-001 4.469735e-003 4.469736e-011
1.81793366e+000 1.165904e+001 1.1960205e+033 1.9236651e+014 -3.143220e-001 1.135118e-001 4.450910e-003 4.450910e-011
1.81823541e+000 1.166087e+001 1.1843002e+033 1.9178092e+014 -3.142546e-001 1.131688e-001 4.432143e-003 4.432143e-011
1.81853442e+000 1.166269e+001 1.1726934e+033 1.9119681e+014 -3.141876e-001 1.128266e-001 4.413434e-003 4.413434e-011
1.81883068e+000 1.166449e+001 1.1611992e+033 1.9061419e+014 -3.141210e-001 1.124853e-001 4.394783e-003 4.394783e-011
1.81912424e+000 1.166629e+001 1.1498166e+033 1.9003307e+014 -3.140549e-001 1.121449e-001 4.376190e-003 4.376190e-011
1.81941512e+000 1.166807e+001 1.1385443e+033 1.8945345e+014 -3.139893e-001 1.118053e-001 4.357657e-003 4.357656e-011
1.81970333e+000 1.166984e+001 1.1273814e+033 1.8887533e+014 -3.139240e-001 1.114665e-001 4.339181e-003 4.339181e-011
1.81998890e+000 1.167160e+001 1.1163268e+033 1.8829871e+014 -3.138593e-001 1.111286e-001 4.320764e-003 4.320764e-011
1.82027186e+000 1.167335e+001 1.1053796e+033 1.8772361e+014 -3.137949e-001 1.107916e-001 4.302407e-003 4.302407e-011
1.82055222e+000 1.167508e+001 1.0945386e+033 1.8715001e+014 -3.137310e-001 1.104554e-001 4.284108e-003 4.284108e-011
1.82083001e+000 1.167681e+001 1.0838029e+033 1.8657794e+014 -3.136674e-001 1.101202e-001 4.265868e-003 4.265868e-011
1.82110525e+000 1.167852e+001 1.0731714e+033 1.8600738e+014 -3.136044e-001 1.097857e-001 4.247687e-003 4.247687e-011
1.82137797e+000 1.168023e+001 1.0626432e+033 1.8543834e+014 -3.135417e-001 1.094522e-001 4.229565e-003 4.229565e-011
1.82164818e+000 1.168192e+001 1.0522173e+033 1.8487083e+014 -3.134794e-001 1.091195e-001 4.211503e-003 4.211503e-011
1.82191591e+000 1.168360e+001 1.0418926e+033 1.8430484e+014 -3.134176e-001 1.087877e-001 4.193499e-003 4.193499e-011
1.82218117e+000 1.168527e+001 1.0316683e+033 1.8374038e+014 -3.133561e-001 1.084567e-001 4.175555e-003 4.175555e-011
1.82244400e+000 1.168693e+001 1.0215434e+033 1.8317745e+014 -3.132951e-001 1.081267e-001 4.157670e-003 4.157670e-011
1.82270440e+000 1.168858e+001 1.0115169e+033 1.8261605e+014 -3.132345e-001 1.077975e-001 4.139844e-003 4.139844e-011
1.82296241e+000 1.169022e+001 1.0015878e+033 1.8205618e+014 -3.131743e-001 1.074692e-001 4.122077e-003 4.122078e-011
1.82321805e+000 1.169185e+001 9.9175533e+032 1.8149784e+014 -3.131145e-001 1.071418e-001 4.104370e-003 4.104370e-011
1.82347133e+000 1.169347e+001 9.8201846e+032 1.8094104e+014 -3.130550e-001 1.068152e-001 4.086722e-003 4.086722e-011
1.82372227e+000 1.169508e+001 9.7237630e+032 1.8038577e+014 -3.129960e-001 1.064895e-001 4.069133e-003 4.069133e-011
1.82397090e+000 1.169667e+001 9.6282794e+032 1.7983202e+014 -3.129374e-001 1.061647e-001 4.051604e-003 4.051604e-011
1.82421723e+000 1.169826e+001 9.5337248e+032 1.7927979e+014 -3.128791e-001 1.058408e-001 4.034133e-003 4.034133e-011
1.82446129e+000 1.169984e+001 9.4400904e+032 1.7872908e+014 -3.128213e-001 1.055178e-001 4.016721e-003 4.016721e-011
1.82470309e+000 1.170140e+001 9.3473673e+032 1.7817989e+014 -3.127638e-001 1.051956e-001 3.999367e-003 3.999367e-011
1.82494266e+000 1.170296e+001 9.2555467e+032 1.7763222e+014 -3.127067e-001 1.048743e-001 3.982072e-003 3.982072e-011
1.82518002e+000 1.170451e+001 9.1646201e+032 1.7708605e+014 -3.126500e-001 1.045538e-001 3.964835e-003 3.964835e-011
1.82541518e+000 1.170604e+001 9.0745788e+032 1.7654138e+014 -3.125936e-001 1.042343e-001 3.947657e-003 3.947657e-011
1.82564816e+000 1.170757e+001 8.9854144e+032 1.7599819e+014 -3.125377e-001 1.039155e-001 3.930536e-003 3.930536e-011
1.82587899e+000 1.170909e+001 8.8971185e+032 1.7545649e+014 -3.124821e-001 1.035977e-001 3.913472e-003 3.913472e-011
1.82610767e+000 1.171059e+001 8.8096826e+032 1.7491627e+014 -3.124269e-001 1.032806e-001 3.896466e-003 3.896466e-011
1.82633424e+000 1.171209e+001 8.7230987e+032 1.7437750e+014 -3.123720e-001 1.029644e-001 3.879516e-003 3.879516e-011
1.82655871e+000 1.171358e+001 8.6373584e+032 1.7384017e+014 -3.123175e-001 1.026491e-001 3.862623e-003 3.862623e-011
1.82678110e+000 1.171506e+001 8.5524537e+032 1.7330429e+014 -3.122634e-001 1.023345e-001 3.845786e-003 3.845786e-011
1.82700143e+000 1.171652e+001 8.4683765e+032 1.7276981e+014 -3.122096e-001 1.020208e-001 3.829003e-003 3.829003e-011
1.82721970e+000 1.171798e+001 8.3851190e+032 1.7223674e+014 -3.121562e-001 1.017079e-001 3.812276e-003 3.812276e-011
1.82743596e+000 1.171943e+001 8.3026732e+032 1.7170504e+014 -3.121032e-001 1.013958e-001 3.795603e-003 3.795603e-011
1.82765020e+000 1.172087e+001 8.2210313e+032 1.7117470e+014 -3.120505e-001 1.010844e-001 3.778983e-003 3.778983e-011
1.82786245e+000 1.172230e+001 8.1401856e+032 1.7064570e+014 -3.119981e-001 1.007739e-001 3.762416e-003 3.762416e-011
1.82807273e+000 1.172372e+001 8.0601285e+032 1.7011801e+014 -3.119461e-001 1.004641e-001 3.745901e-003 3.745901e-011
1.82828105e+000 1.172514e+001 7.9808523e+032 1.6959161e+014 -3.118944e-001 1.001550e-001 3.729437e-003 3.729438e-011
1.82848744e+000 1.172654e+001 7.9023496e+032 1.6906647e+014 -3.118431e-001 9.984662e-002 3.713024e-003 3.713024e-011
1.82869190e+000 1.172793e+001 7.8246129e+032 1.6854256e+014 -3.117922e-001 9.953897e-002 3.696660e-003 3.696660e-011
1.82889446e+000 1.172932e+001 7.7476348e+032 1.6801985e+014 -3.117415e-001 9.923201e-002 3.680344e-003 3.680344e-011
1.82909513e+000 1.173069e+001 7.6714080e+032 1.6749829e+014 -3.116912e-001 9.892571e-002 3.664076e-003 3.664076e-011
1.82929393e+000 1.173206e+001 7.5959254e+032 1.6697786e+014 -3.116413e-001 9.862005e-002 3.647854e-003 3.647854e-011
1.82949088e+000 1.173342e+001 7.5211796e+032 1.6645850e+014 -3.115916e-001 9.831502e-002 3.631676e-003 3.631676e-011
1.82968599e+000 1.173477e+001 7.4471638e+032 1.6594018e+014 -3.115423e-001 9.801058e-002 3.615542e-003 3.615542e-011
1.82987928e+000 1.173611e+001 7.3738707e+032 1.6542285e+014 -3.114933e-001 9.770671e-002 3.599450e-003 3.599450e-011
1.83007076e+000 1.173744e+001 7.3012934e+032 1.6490647e+014 -3.114447e-001 9.740338e-002 3.583399e-003 3.583399e-011
1.83026046e+000 1.173876e+001 7.2294251e+032 1.6439097e+014 -3.113964e-001 9.710055e-002 3.567386e-003 3.567386e-011
1.83044839e+000 1.174008e+001 7.1582589e+032 1.6387631e+014 -3.113483e-001 9.679821e-002 3.551411e-003 3.551411e-011
1.83063455e+000 1.174139e+001 7.0877880e+032 1.6336243e+014 -3.113007e-001 9.649630e-002 3.535471e-003 3.535471e-011
1.83081898e+000 1.174268e+001 7.0180058e+032 1.6284927e+014 -3.112533e-001 9.619480e-002 3.519565e-003 3.519565e-011
1.83100168e+000 1.174397e+001 6.9489055e+032 1.6233676e+014 -3.112062e-001 9.589367e-002 3.503690e-003 3.503690e-011
1.83118267e+000 1.174526e+001 6.8804806e+032 1.6182483e+014 -3.111595e-001 9.559286e-002 3.487845e-003 3.487845e-011
1.83136197e+000 1.174653e+001 6.8127247e+032 1.6131340e+014 -3.111130e-001 9.529234e-002 3.472027e-003 3.472027e-011
1.83153959e+000 1.174779e+001 6.7456312e+032 1.6080240e+014 -3.110669e-001 9.499205e-002 3.456234e-003 3.456234e-011
1.83171555e+000 1.174905e+001 6.6791937e+032 1.6029174e+014 -3.110211e-001 9.469196e-002 3.440463e-003 3.440464e-011
1.83188985e+000 1.175030e+001 6.6134059e+032 1.5978133e+014 -3.109755e-001 9.439200e-002 3.424712e-003 3.424713e-011
1.83206252e+000 1.175154e+001 6.5482616e+032 1.5927109e+014 -3.109303e-001 9.409212e-002 3.408978e-003 3.408978e-011
1.83223358e+000 1.175277e+001 6.4837545e+032 1.5876091e+014 -3.108854e-001 9.379226e-002 3.393258e-003 3.393258e-011
1.83240302e+000 1.175400e+001 6.4198785e+032 1.5825070e+014 -3.108407e-001 9.349238e-002 3.377549e-003 3.377549e-011
1.83257088e+000 1.175521e+001 6.3566275e+032 1.5774034e+014 -3.107964e-001 9.319239e-002 3.361847e-003 3.361847e-011
1.83273716e+000 1.175642e+001 6.2939954e+032 1.5722972e+014 -3.107523e-001 9.289223e-002 3.346149e-003 3.346149e-011
1.83290188e+000 1.175762e+001 6.2319762e+032 1.5671872e+014 -3.107086e-001 9.259184e-002 3.330452e-003 3.330452e-011
1.83306505e+000 1.175882e+001 6.1705641e+032 1.5620720e+014 -3.106651e-001 9.229113e-002 3.314752e-003 3.314752e-011
1.83322669e+000 1.176000e+001 6.1097531e+032 1.5569504e+014 -3.106219e-001 9.199003e-002 3.299045e-003 3.299045e-011
1.83338680e+000 1.176118e+001 6.0495375e+032 1.5518209e+014 -3.105790e-001 9.168846e-002 3.283326e-003 3.283326e-011
1.83354542e+000 1.176235e+001 5.9899116e+032 1.5466821e+014 -3.105363e-001 9.138632e-002 3.267591e-003 3.267591e-011
1.83370253e+000 1.176352e+001 5.9308695e+032 1.5415324e+014 -3.104940e-001 9.108353e-002 3.251836e-003 3.251836e-011
1.83385817e+000 1.176468e+001 5.8724056e+032 1.5363700e+014 -3.104519e-001 9.077999e-002 3.236056e-003 3.236056e-011
1.83401235e+000 1.176582e+001 5.8145145e+032 1.5311933e+014 -3.104101e-001 9.047558e-002 3.220245e-003 3.220245e-011
1.83416507e+000 1.176697e+001 5.7571904e+032 1.5260004e+014 -3.103685e-001 9.017021e-002 3.204398e-003 3.204398e-011
1.83431635e+000 1.176810e+001 5.7004280e+032 1.5207894e+014 -3.103272e-001 8.986376e-002 3.188509e-003 3.188509e-011
1.83446621e+000 1.176923e+001 5.6442218e+032 1.5155582e+014 -3.102862e-001 8.955611e-002 3.172573e-003 3.172573e-011
1.83461465e+000 1.177035e+001 5.5885664e+032 1.5103047e+014 -3.102455e-001 8.924713e-002 3.156583e-003 3.156583e-011
1.83476170e+000 1.177146e+001 5.5334565e+032 1.5050266e+014 -3.102050e-001 8.893670e-002 3.140533e-003 3.140533e-011
1.83490735e+000 1.177257e+001 5.4788868e+032 1.4997214e+014 -3.101647e-001 8.862465e-002 3.124415e-003 3.124414e-011
1.83505163e+000 1.177367e+001 5.4248521e+032 1.4943866e+014 -3.101247e-001 8.831086e-002 3.108222e-003 3.108222e-011
1.83519455e+000 1.177477e+001 5.3713472e+032 1.4890196e+014 -3.100850e-001 8.799516e-002 3.091947e-003 3.091946e-011
1.83533612e+000 1.177585e+001 5.3183669e+032 1.4836175e+014 -3.100455e-001 8.767739e-002 3.075580e-003 3.075580e-011
1.83547635e+000 1.177693e+001 5.2659063e+032 1.4781775e+014 -3.100062e-001 8.735736e-002 3.059115e-003 3.059115e-011
1.83561526e+000 1.177801e+001 5.2139603e+032 1.4726965e+014 -3.099672e-001 8.703491e-002 3.042542e-003 3.042542e-011
1.83575285e+000 1.177908e+001 5.1625238e+032 1.4671711e+014 -3.099284e-001 8.670984e-002 3.025852e-003 3.025852e-011
1.83588914e+000 1.178014e+001 5.1115920e+032 1.4615979e+014 -3.098898e-001 8.638193e-002 3.009034e-003 3.009034e-011
1.83602414e+000 1.178119e+001 5.0611599e+032 1.4559733e+014 -3.098515e-001 8.605100e-002 2.992079e-003 2.992079e-011
1.83615786e+000 1.178224e+001 5.0112228e+032 1.4502934e+014 -3.098134e-001 8.571679e-002 2.974975e-003 2.974976e-011
1.83629032e+000 1.178329e+001 4.9617758e+032 1.4445545e+014 -3.097756e-001 8.537910e-002 2.957713e-003 2.957713e-011
1.83642152e+000 1.178432e+001 4.9128142e+032 1.4387523e+014 -3.097379e-001 8.503766e-002 2.940279e-003 2.940279e-011
1.83655148e+000 1.178535e+001 4.8643333e+032 1.4328825e+014 -3.097005e-001 8.469223e-002 2.922661e-003 2.922661e-011
1.83668020e+000 1.178638e+001 4.8163284e+032 1.4269407e+014 -3.096633e-001 8.434255e-002 2.904849e-003 2.904848e-011
1.83680771e+000 1.178740e+001 4.7687950e+032 1.4209220e+014 -3.096263e-001 8.398834e-002 2.886827e-003 2.886827e-011
1.83693401e+000 1.178842e+001 4.7217284e+032 1.4148219e+014 -3.095895e-001 8.362931e-002 2.868583e-003 2.868583e-011
1.83705911e+000 1.178942e+001 4.6751241e+032 1.4086354e+014 -3.095529e-001 8.326518e-002 2.850104e-003 2.850104e-011
1.83718302e+000 1.179043e+001 4.6289778e+032 1.4023575e+014 -3.095165e-001 8.289566e-002 2.831376e-003 2.831376e-011
1.83730576e+000 1.179143e+001 4.5832848e+032 1.3959832e+014 -3.094803e-001 8.252044e-002 2.812385e-003 2.812385e-011
1.83742733e+000 1.179242e+001 4.5380409e+032 1.3895074e+014 -3.094443e-001 8.213923e-002 2.793117e-003 2.793117e-011
1.83754774e+000 1.179341e+001 4.4932417e+032 1.3829252e+014 -3.094085e-001 8.175175e-002 2.773560e-003 2.773560e-011
1.83766701e+000 1.179439e+001 4.4488829e+032 1.3762318e+014 -3.093728e-001 8.135769e-002 2.753700e-003 2.753700e-011
1.83778515e+000 1.179537e+001 4.4049602e+032 1.3694226e+014 -3.093373e-001 8.095680e-002 2.733526e-003 2.733526e-011
1.83790216e+000 1.179635e+001 4.3614694e+032 1.3624936e+014 -3.093020e-001 8.054883e-002 2.713028e-003 2.713028e-011
1.83801806e+000 1.179732e+001 4.3184063e+032 1.3554409e+014 -3.092669e-001 8.013357e-002 2.692196e-003 2.692196e-011
1.83813286e+000 1.179828e+001 4.2757668e+032 1.3482617e+014 -3.092319e-001 7.971083e-002 2.671025e-003 2.671025e-011
1.83824657e+000 1.179924e+001 4.2335468e+032 1.3409537e+014 -3.091971e-001 7.928049e-002 2.649509e-003 2.649509e-011
1.83835919e+000 1.180020e+001 4.1917422e+032 1.3335160e+014 -3.091625e-001 7.884249e-002 2.627648e-003 2.627648e-011
1.83847074e+000 1.180115e+001 4.1503490e+032 1.3259484e+014 -3.091279e-001 7.839682e-002 2.605444e-003 2.605445e-011
1.83858123e+000 1.180210e+001 4.1093632e+032 1.3182525e+014 -3.090936e-001 7.794356e-002 2.582905e-003 2.582905e-011
1.83869066e+000 1.180305e+001 4.0687809e+032 1.3104310e+014 -3.090593e-001 7.748290e-002 2.560041e-003 2.560041e-011
1.83879905e+000 1.180399e+001 4.0285981e+032 1.3024885e+014 -3.090252e-001 7.701508e-002 2.536867e-003 2.536867e-011
1.83890641e+000 1.180493e+001 3.9888109e+032 1.2944312e+014 -3.089912e-001 7.654047e-002 2.513405e-003 2.513405e-011
1.83901275e+000 1.180587e+001 3.9494156e+032 1.2862671e+014 -3.089574e-001 7.605954e-002 2.489680e-003 2.489680e-011
1.83911807e+000 1.180680e+001 3.9104083e+032 1.2780054e+014 -3.089237e-001 7.557284e-002 2.465721e-003 2.465721e-011
1.83922238e+000 1.180773e+001 3.8717853e+032 1.2696569e+014 -3.088900e-001 7.508101e-002 2.441562e-003 2.441563e-011
1.83932570e+000 1.180866e+001 3.8335428e+032 1.2612336e+014 -3.088565e-001 7.458474e-002 2.417241e-003 2.417241e-011
1.83942803e+000 1.180958e+001 3.7956771e+032 1.2527484e+014 -3.088231e-001 7.408479e-002 2.392796e-003 2.392796e-011
1.83952939e+000 1.181050e+001 3.7581845e+032 1.2442146e+014 -3.087898e-001 7.358196e-002 2.368268e-003 2.368268e-011
1.83962978e+000 1.181142e+001 3.7210613e+032 1.2356457e+014 -3.087566e-001 7.307703e-002 2.343696e-003 2.343696e-011
1.83972921e+000 1.181234e+001 3.6843041e+032 1.2270549e+014 -3.087235e-001 7.257078e-002 2.319121e-003 2.319121e-011
1.83982769e+000 1.181325e+001 3.6479091e+032 1.2184551e+014 -3.086905e-001 7.206398e-002 2.294580e-003 2.294580e-011
1.83992523e+000 1.181416e+001 3.6118729e+032 1.2098583e+014 -3.086576e-001 7.155733e-002 2.270109e-003 2.270109e-011
1.84002184e+000 1.181507e+001 3.5761920e+032 1.2012755e+014 -3.086248e-001 7.105148e-002 2.245739e-003 2.245739e-011
1.84011752e+000 1.181598e+001 3.5408627e+032 1.1927166e+014 -3.085920e-001 7.054701e-002 2.221498e-003 2.221498e-011
1.84021229e+000 1.181688e+001 3.5058818e+032 1.1841901e+014 -3.085594e-001 7.004443e-002 2.197412e-003 2.197412e-011
1.84030616e+000 1.181778e+001 3.4712458e+032 1.1757036e+014 -3.085268e-001 6.954418e-002 2.173501e-003 2.173501e-011
1.84039913e+000 1.181868e+001 3.4369512e+032 1.1672630e+014 -3.084944e-001 6.904661e-002 2.149783e-003 2.149783e-011
1.84049121e+000 1.181958e+001 3.4029948e+032 1.1588735e+014 -3.084620e-001 6.855204e-002 2.126271e-003 2.126271e-011
1.84058241e+000 1.182047e+001 3.3693732e+032 1.1505390e+014 -3.084297e-001 6.806068e-002 2.102976e-003 2.102976e-011
1.84067273e+000 1.182136e+001 3.3360832e+032 1.1422625e+014 -3.083975e-001 6.757272e-002 2.079907e-003 2.079907e-011
1.84076220e+000 1.182225e+001 3.3031214e+032 1.1340463e+014 -3.083654e-001 6.708829e-002 2.057067e-003 2.057067e-011
1.84085081e+000 1.182314e+001 3.2704846e+032 1.1258916e+014 -3.083334e-001 6.660746e-002 2.034462e-003 2.034462e-011
1.84093857e+000 1.182403e+001 3.2381697e+032 1.1177992e+014 -3.083014e-001 6.613028e-002 2.012092e-003 2.012092e-011
1.84102549e+000 1.182491e+001 3.2061734e+032 1.1097693e+014 -3.082695e-001 6.565678e-002 1.989957e-003 1.989957e-011
1.84111158e+000 1.182579e+001 3.1744927e+032 1.1018018e+014 -3.082378e-001 6.518694e-002 1.968057e-003 1.968057e-011
1.84119685e+000 1.182667e+001 3.1431243e+032 1.0938963e+014 -3.082061e-001 6.472073e-002 1.946388e-003 1.946388e-011
1.84128131e+000 1.182755e+001 3.1120654e+032 1.0860517e+014 -3.081745e-001 6.425809e-002 1.924949e-003 1.924949e-011
1.84136495e+000 1.182842e+001 3.0813127e+032 1.0782671e+014 -3.081430e-001 6.379897e-002 1.903735e-003 1.903735e-011
1.84144780e+000 1.182930e+001 3.0508634e+032 1.0705413e+014 -3.081115e-001 6.334331e-002 1.882743e-003 1.882743e-011
1.84152985e+000 1.183017e+001 3.0207143e+032 1.0628731e+014 -3.080802e-001 6.289102e-002 1.861968e-003 1.861968e-011
1.84161112e+000 1.183103e+001 2.9908627e+032 1.0552609e+014 -3.080489e-001 6.244201e-002 1.841406e-003 1.841406e-011
1.84169161e+000 1.183190e+001 2.9613054e+032 1.0477032e+014 -3.080177e-001 6.199620e-002 1.821052e-003 1.821052e-011
1.84177133e+000 1.183276e+001 2.9320397e+032 1.0401987e+014 -3.079866e-001 6.155352e-002 1.800899e-003 1.800899e-011
1.84185029e+000 1.183362e+001 2.9030626e+032 1.0327458e+014 -3.079556e-001 6.111386e-002 1.780943e-003 1.780943e-011
1.84192849e+000 1.183448e+001 2.8743714e+032 1.0253431e+014 -3.079247e-001 6.067715e-002 1.761181e-003 1.761181e-011
1.84200595e+000 1.183534e+001 2.8459632e+032 1.0179891e+014 -3.078939e-001 6.024329e-002 1.741610e-003 1.741610e-011
1.84208266e+000 1.183619e+001 2.8178352e+032 1.0106824e+014 -3.078631e-001 5.981222e-002 1.722228e-003 1.722228e-011
1.84215864e+000 1.183705e+001 2.7899847e+032 1.0034217e+014 -3.078324e-001 5.938384e-002 1.703031e-003 1.703031e-011
1.84238225e+000 1.183959e+001 2.7080709e+032 9.8190186e+013 -3.077409e-001 5.811408e-002 1.646529e-003 1.646528e-011
1.84340840e+000 1.185203e+001 2.3331385e+032 8.7935307e+013 -3.072938e-001 5.206149e-002 1.384978e-003 1.384978e-011
1.84429655e+000 1.186406e+001 2.0100428e+032 7.8382883e+013 -3.068626e-001 4.642093e-002 1.206151e-003 1.206151e-011
1.84506514e+000 1.187574e+001 1.7316380e+032 6.9492090e+013 -3.064446e-001 4.116883e-002 1.069645e-003 1.069645e-011
1.84573018e+000 1.188715e+001 1.4917582e+032 6.1316807e+013 -3.060374e-001 3.633744e-002 9.441021e-004 9.441021e-012
1.84630557e+000 1.189833e+001 1.2850831e+032 5.3924521e+013 -3.056390e-001 3.196705e-002 8.305510e-004 8.305510e-012
1.84680336e+000 1.190933e+001 1.1070228e+032 4.7348289e+013 -3.052483e-001 2.807758e-002 7.294969e-004 7.294969e-012
1.84723399e+000 1.192014e+001 9.5361924e+031 4.1571841e+013 -3.048649e-001 2.465983e-002 6.406986e-004 6.406986e-012
1.84760651e+000 1.193077e+001 8.2145994e+031 3.6538831e+013 -3.044889e-001 2.168082e-002 5.632996e-004 5.632996e-012
1.84792874e+000 1.194120e+001 7.0760407e+031 3.2170829e+013 -3.041206e-001 1.909448e-002 4.961026e-004 4.961026e-012
1.84820746e+000 1.195143e+001 6.0951755e+031 2.8383138e+013 -3.037605e-001 1.685095e-002 4.378126e-004 4.378126e-012
1.84844852e+000 1.196142e+001 5.2501714e+031 2.5094715e+013 -3.034093e-001 1.490250e-002 3.871889e-004 3.871889e-012
1.84865700e+000 1.197117e+001 4.5222187e+031 2.2232889e+013 -3.030675e-001 1.320627e-002 3.431182e-004 3.431182e-012
1.84883729e+000 1.198066e+001 3.8951124e+031 1.9734778e+013 -3.027353e-001 1.172516e-002 3.046369e-004 3.046369e-012
1.84899317e+000 1.198988e+001 3.3548910e+031 1.7546993e+013 -3.024133e-001 1.042766e-002 2.709260e-004 2.709260e-012
1.84912794e+000 1.199883e+001 2.8895259e+031 1.5624611e+013 -3.021014e-001 9.287254e-003 2.412965e-004 2.412965e-012
1.84924444e+000 1.200750e+001 2.4886533e+031 1.3929941e+013 -3.018000e-001 8.281666e-003 2.151699e-004 2.151699e-012
1.84934514e+000 1.201589e+001 2.1433437e+031 1.2431352e+013 -3.015088e-001 7.392209e-003 1.920605e-004 1.920605e-012
1.84943217e+000 1.202400e+001 1.8459032e+031 1.1102227e+013 -3.012279e-001 6.603145e-003 1.715594e-004 1.715594e-012
1.84950737e+000 1.203183e+001 1.5897024e+031 9.9200854e+012 -3.009569e-001 5.901181e-003 1.533214e-004 1.533214e-012
1.84957235e+000 1.203939e+001 1.3690296e+031 8.8658527e+012 -3.006958e-001 5.275034e-003 1.370531e-004 1.370531e-012
1.84962848e+000 1.204670e+001 1.1789631e+031 7.9232786e+012 -3.004441e-001 4.715087e-003 1.225049e-004 1.225049e-012
1.84967697e+000 1.205375e+001 1.0152624e+031 7.0784526e+012 -3.002015e-001 4.213106e-003 1.094627e-004 1.094627e-012
1.84971884e+000 1.206056e+001 8.7427405e+030 6.3194152e+012 -2.999676e-001 3.762009e-003 9.774253e-005 9.774253e-013
1.84975501e+000 1.206714e+001 7.5285016e+030 5.6358415e+012 -2.997418e-001 3.355681e-003 8.718553e-005 8.718553e-013
1.84978623e+000 1.207351e+001 6.4827868e+030 5.0187890e+012 -2.995235e-001 2.988824e-003 7.765404e-005 7.765405e-013
1.84981319e+000 1.207969e+001 5.5822306e+030 4.4604849e+012 -2.993123e-001 2.656832e-003 6.902840e-005 6.902840e-013
1.84983646e+000 1.208569e+001 4.8067038e+030 3.9541628e+012 -2.991073e-001 2.355693e-003 6.120437e-005 6.120437e-013
1.84985655e+000 1.209154e+001 4.1388652e+030 3.4939229e+012 -2.989079e-001 2.081909e-003 5.409106e-005 5.409106e-013
1.84987389e+000 1.209725e+001 3.5637762e+030 3.0746247e+012 -2.987132e-001 1.832432e-003 4.760927e-005 4.760927e-013
1.84988886e+000 1.210287e+001 3.0685684e+030 2.6918016e+012 -2.985222e-001 1.604611e-003 4.169015e-005 4.169015e-013
1.84990177e+000 1.210842e+001 2.6421571e+030 2.3415856e+012 -2.983337e-001 1.396151e-003 3.627406e-005 3.627406e-013
1.84991292e+000 1.211394e+001 2.2749946e+030 2.0206500e+012 -2.981465e-001 1.205078e-003 3.130971e-005 3.130971e-013
1.84992253e+000 1.211948e+001 1.9588572e+030 1.7261414e+012 -2.979587e-001 1.029698e-003 2.675308e-005 2.675308e-013
1.84993083e+000 1.212510e+001 1.6866624e+030 1.4556153e+012 -2.977683e-001 8.685593e-004 2.256645e-005 2.256645e-013
1.84993799e+000 1.213090e+001 1.4523110e+030 1.2069398e+012 -2.975723e-001 7.203946e-004 1.871691e-005 1.871691e-013
1.84994417e+000 1.213700e+001 1.2505515e+030 9.7802348e+011 -2.973666e-001 5.839602e-004 1.517215e-005 1.517215e-013
1.84994950e+000 1.214359e+001 1.0768646e+030 7.6574380e+011 -2.971446e-001 4.573957e-004 1.188381e-005 1.188381e-013
1.84995410e+000 1.215102e+001 9.2736524e+029 5.7172503e+011 -2.968944e-001 3.416685e-004 8.877050e-006 8.877049e-014
1.84995808e+000 1.215949e+001 7.9868812e+029 4.5056351e+011 -2.966101e-001 2.693667e-004 6.998544e-006 6.998543e-014
1.84996151e+000 1.216832e+001 6.8788603e+029 3.8609869e+011 -2.963143e-001 2.308852e-004 5.998738e-006 5.998738e-014
1.84996447e+000 1.217707e+001 5.9245171e+029 3.3938118e+011 -2.960215e-001 2.029911e-004 5.274006e-006 5.274006e-014
1.84996704e+000 1.218563e+001 5.1024930e+029 3.0003507e+011 -2.957356e-001 1.794932e-004 4.663496e-006 4.663496e-014
1.84996925e+000 1.219399e+001 4.3944483e+029 2.6517492e+011 -2.954572e-001 1.586699e-004 4.122479e-006 4.122478e-014
1.84997117e+000 1.220216e+001 3.7845940e+029 2.3400774e+011 -2.951855e-001 1.400487e-004 3.638671e-006 3.638671e-014
1.84997282e+000 1.221015e+001 3.2593257e+029 2.0628792e+011 -2.949203e-001 1.234836e-004 3.208285e-006 3.208285e-014
1.84997425e+000 1.221798e+001 2.8069201e+029 1.8180946e+011 -2.946610e-001 1.088523e-004 2.828144e-006 2.828144e-014
1.84997549e+000 1.222564e+001 2.4172762e+029 1.6029922e+011 -2.944077e-001 9.599246e-005 2.494025e-006 2.494025e-014
1.84997655e+000 1.223313e+001 2.0816916e+029 1.4144067e+011 -2.941604e-001 8.471550e-005 2.201033e-006 2.201033e-014
1.84997748e+000 1.224045e+001 1.7926697e+029 1.2491387e+011 -2.939190e-001 7.483078e-005 1.944214e-006 1.944214e-014
1.84997827e+000 1.224760e+001 1.5437533e+029 1.1042047e+011 -2.936838e-001 6.616043e-005 1.718946e-006 1.718945e-014
1.84997896e+000 1.225457e+001 1.3293799e+029 9.7694434e+010 -2.934546e-001 5.854582e-005 1.521107e-006 1.521106e-014
1.84997955e+000 1.226137e+001 1.1447585e+029 8.6503948e+010 -2.932317e-001 5.184865e-005 1.347104e-006 1.347104e-014
1.84998007e+000 1.226799e+001 9.8576230e+028 7.6649197e+010 -2.930149e-001 4.594970e-005 1.193841e-006 1.193841e-014
1.84998051e+000 1.227443e+001 8.4883657e+028 6.7958663e+010 -2.928043e-001 4.074664e-005 1.058658e-006 1.058658e-014
1.84998089e+000 1.228069e+001 7.3091950e+028 6.0285149e+010 -2.925998e-001 3.615158e-005 9.392712e-007 9.392712e-015
1.84998122e+000 1.228678e+001 6.2937383e+028 5.3502101e+010 -2.924013e-001 3.208899e-005 8.337192e-007 8.337192e-015
1.84998151e+000 1.229270e+001 5.4192796e+028 4.7500385e+010 -2.922087e-001 2.849370e-005 7.403083e-007 7.403083e-015
1.84998175e+000 1.229844e+001 4.6662530e+028 4.2185599e+010 -2.920219e-001 2.530934e-005 6.575738e-007 6.575738e-015
1.84998196e+000 1.230402e+001 4.0178060e+028 3.7475785e+010 -2.918409e-001 2.248695e-005 5.842439e-007 5.842439e-015
1.84998215e+000 1.230943e+001 3.4594235e+028 3.3299593e+010 -2.916653e-001 1.998389e-005 5.192109e-007 5.192109e-015
1.84998230e+000 1.231468e+001 2.9786035e+028 2.9594697e+010 -2.914953e-001 1.776294e-005 4.615073e-007 4.615073e-015
1.84998244e+000 1.231977e+001 2.5645787e+028 2.6306515e+010 -2.913305e-001 1.579146e-005 4.102855e-007 4.102854e-015
1.84998256e+000 1.232471e+001 2.2080750e+028 2.3387151e+010 -2.911709e-001 1.404083e-005 3.648015e-007 3.648015e-015
1.84998266e+000 1.232950e+001 1.9011057e+028 2.0794463e+010 -2.910163e-001 1.248585e-005 3.244008e-007 3.244008e-015
1.84998275e+000 1.233414e+001 1.6367918e+028 1.8491333e+010 -2.908666e-001 1.110432e-005 2.885065e-007 2.885065e-015
1.84998282e+000 1.233864e+001 1.4092094e+028 1.6444992e+010 -2.907217e-001 9.876636e-006 2.566095e-007 2.566095e-015
1.84998289e+000 1.234300e+001 1.2132566e+028 1.4626496e+010 -2.905813e-001 8.785486e-006 2.282598e-007 2.282598e-015
1.84998294e+000 1.234722e+001 1.0445397e+028 1.3010242e+010 -2.904455e-001 7.815547e-006 2.030594e-007 2.030594e-015
1.84998299e+000 1.235131e+001 8.9927512e+027 1.1573554e+010 -2.903140e-001 6.953249e-006 1.806556e-007 1.806556e-015
1.84998303e+000 1.235528e+001 7.7420439e+027 1.0296349e+010 -2.901868e-001 6.186568e-006 1.607361e-007 1.607361e-015
1.84998307e+000 1.235912e+001 6.6652163e+027 9.1608186e+009 -2.900636e-001 5.504842e-006 1.430239e-007 1.430239e-015
