 848 1.867531
5.0278543e-64 1.0822041e-02 1.4637510e+35 8.8646959e+14 -5.2914363e-01 4.8127760e-01 4.3302638e-02 3.0242973e-02
9.9030667e-03 1.7499587e+00 1.4027931e+35 8.7146674e+14 -5.2261242e-01 4.7435256e-01 4.2003866e-02 2.9057185e-02
2.7482270e-02 2.4674159e+00 1.3440765e+35 8.5701553e+14 -5.1618866e-01 4.6768215e-01 4.0752850e-02 2.7914999e-02
4.9540390e-02 3.0130023e+00 1.2875192e+35 8.4226169e+14 -5.0987081e-01 4.6073683e-01 3.9525805e-02 2.6802460e-02
7.4728733e-02 3.4670846e+00 1.2332834e+35 8.2803127e+14 -5.0368375e-01 4.5402533e-01 3.8346957e-02 2.5734370e-02
1.0252324e-01 3.8653418e+00 1.1808194e+35 8.1426572e+14 -4.9757396e-01 4.4753309e-01 3.7206619e-02 2.4701173e-02
1.3207671e-01 4.2196108e+00 1.1306489e+35 8.0064089e+14 -4.9161085e-01 4.4103868e-01 3.6105849e-02 2.3708327e-02
1.6330143e-01 4.5437679e+00 1.0821560e+35 7.8703275e+14 -4.8572633e-01 4.3448921e-01 3.5032103e-02 2.2744100e-02
1.9556104e-01 4.8408106e+00 1.0357713e+35 7.7401622e+14 -4.7998117e-01 4.2822446e-01 3.4005037e-02 2.1821793e-02
2.2898443e-01 5.1186431e+00 9.9087686e+34 7.6134308e+14 -4.7430762e-01 4.2211486e-01 3.3009512e-02 2.0928573e-02
2.6320136e-01 5.3790357e+00 9.4764734e+34 7.4832422e+14 -4.6873184e-01 4.1572869e-01 3.2035028e-02 2.0062557e-02
2.9779157e-01 5.6228159e+00 9.0630751e+34 7.3587445e+14 -4.6328979e-01 4.0962168e-01 3.1103142e-02 1.9234398e-02
3.3266055e-01 5.8524784e+00 8.6669824e+34 7.2394585e+14 -4.5797052e-01 4.0377032e-01 3.0210266e-02 1.8440906e-02
3.6781385e-01 6.0705044e+00 8.2859588e+34 7.1191507e+14 -4.5275157e-01 3.9780050e-01 2.9341475e-02 1.7674747e-02
4.0309804e-01 6.2780066e+00 7.9198538e+34 7.0003989e+14 -4.4763484e-01 3.9187089e-01 2.8501091e-02 1.6936965e-02
4.3841352e-01 6.4759636e+00 7.5681253e+34 6.8863104e+14 -4.4262057e-01 3.8617414e-01 2.7693708e-02 1.6228155e-02
4.7363146e-01 6.6649655e+00 7.2306317e+34 6.7755034e+14 -4.3771481e-01 3.8062643e-01 2.6916723e-02 1.5547509e-02
5.0848621e-01 6.8449052e+00 6.9085091e+34 6.6625351e+14 -4.3293944e-01 3.7489153e-01 2.6162828e-02 1.4895044e-02
5.4308980e-01 7.0174217e+00 6.5994879e+34 6.5541615e+14 -4.2826755e-01 3.6938989e-01 2.5439596e-02 1.4269116e-02
5.7740893e-01 7.1831301e+00 6.3028572e+34 6.4501331e+14 -4.2369609e-01 3.6410884e-01 2.4745363e-02 1.3668285e-02
6.1140505e-01 7.3425540e+00 6.0180387e+34 6.3449340e+14 -4.1922244e-01 3.5871546e-01 2.4069679e-02 1.3089572e-02
6.4501870e-01 7.4961403e+00 5.7446924e+34 6.2408704e+14 -4.1484450e-01 3.5335097e-01 2.3415901e-02 1.2533113e-02
6.7822353e-01 7.6442727e+00 5.4822939e+34 6.1409746e+14 -4.1056064e-01 3.4820134e-01 2.2788308e-02 1.1998940e-02
7.1099789e-01 7.7872819e+00 5.2303404e+34 6.0443588e+14 -4.0636949e-01 3.4321461e-01 2.2184459e-02 1.1485792e-02
7.4285323e-01 7.9235784e+00 4.9918186e+34 5.9453662e+14 -4.0232596e-01 3.3803875e-01 2.1599432e-02 1.0997408e-02
7.7418698e-01 8.0553142e+00 4.7630505e+34 5.8504217e+14 -3.9837373e-01 3.3307455e-01 2.1038328e-02 1.0528996e-02
8.0501485e-01 8.1828292e+00 4.5434098e+34 5.7592653e+14 -3.9450838e-01 3.2830841e-01 2.0499610e-02 1.0079272e-02
8.3532005e-01 8.3063157e+00 4.3325443e+34 5.6677973e+14 -3.9072918e-01 3.2349473e-01 1.9974977e-02 9.6459885e-03
8.6505984e-01 8.4259438e+00 4.1302968e+34 5.5758858e+14 -3.8703560e-01 3.1862608e-01 1.9463917e-02 9.2287977e-03
8.9376927e-01 8.5400806e+00 3.9393192e+34 5.4890959e+14 -3.8348298e-01 3.1402874e-01 1.8981336e-02 8.8348544e-03
9.2189623e-01 8.6506966e+00 3.7561589e+34 5.4058585e+14 -3.8001442e-01 3.0961957e-01 1.8518507e-02 8.4570361e-03
9.4944917e-01 8.7580216e+00 3.5804092e+34 5.3192849e+14 -3.7662602e-01 3.0498680e-01 1.8060917e-02 8.0914717e-03
9.7639816e-01 8.8621583e+00 3.4119328e+34 5.2350596e+14 -3.7331761e-01 3.0047173e-01 1.7619779e-02 7.7404774e-03
1.0025075e+00 8.9623092e+00 3.2518611e+34 5.1550361e+14 -3.7011754e-01 2.9618189e-01 1.7200649e-02 7.4069930e-03
1.0278086e+00 9.0587048e+00 3.0996442e+34 5.0777136e+14 -3.6702137e-01 2.9202931e-01 1.6799445e-02 7.0892225e-03
1.0525124e+00 9.1523252e+00 2.9537138e+34 4.9970757e+14 -3.6399999e-01 2.8765919e-01 1.6400786e-02 6.7811223e-03
1.0766060e+00 9.2432356e+00 2.8139032e+34 4.9198194e+14 -3.6105331e-01 2.8347233e-01 1.6018846e-02 6.4859427e-03
1.0999443e+00 9.3309439e+00 2.6808088e+34 4.8462743e+14 -3.5819922e-01 2.7948661e-01 1.5655254e-02 6.2049431e-03
1.1224215e+00 9.4151195e+00 2.5547625e+34 4.7734675e+14 -3.5545036e-01 2.7552381e-01 1.5303658e-02 5.9368936e-03
1.1443039e+00 9.4969003e+00 2.4340333e+34 4.6993658e+14 -3.5277119e-01 2.7146795e-01 1.4956855e-02 5.6774811e-03
1.1655905e+00 9.5763314e+00 2.3184460e+34 4.6284201e+14 -3.5016153e-01 2.6758482e-01 1.4624823e-02 5.4291172e-03
1.1861512e+00 9.6529506e+00 2.2085197e+34 4.5609490e+14 -3.4763782e-01 2.6389188e-01 1.4309053e-02 5.1929171e-03
1.2058967e+00 9.7264686e+00 2.1045254e+34 4.4926340e+14 -3.4521078e-01 2.6013152e-01 1.3999385e-02 4.9663756e-03
1.2250697e+00 9.7978895e+00 2.0050054e+34 4.4244441e+14 -3.4284830e-01 2.5636561e-01 1.3696179e-02 4.7476438e-03
1.2436759e+00 9.8672479e+00 1.9097935e+34 4.3592061e+14 -3.4055006e-01 2.5276271e-01 1.3406098e-02 4.5383804e-03
1.2615606e+00 9.9339692e+00 1.8195341e+34 4.2973615e+14 -3.3833589e-01 2.4934723e-01 1.3131106e-02 4.3400022e-03
1.2787311e+00 9.9981077e+00 1.7340349e+34 4.2335880e+14 -3.3620472e-01 2.4580380e-01 1.2857292e-02 4.1481600e-03
1.2953650e+00 1.0060396e+01 1.6522793e+34 4.1707371e+14 -3.3413283e-01 2.4230455e-01 1.2590666e-02 3.9633032e-03
1.3114717e+00 1.0120863e+01 1.5741176e+34 4.1106491e+14 -3.3211976e-01 2.3895913e-01 1.2335760e-02 3.7865725e-03
1.3268518e+00 1.0178746e+01 1.5004010e+34 4.0539784e+14 -3.3019134e-01 2.3580396e-01 1.2095352e-02 3.6198927e-03
1.3416472e+00 1.0234595e+01 1.4303310e+34 3.9948599e+14 -3.2832975e-01 2.3249368e-01 1.1852748e-02 3.4571909e-03
1.3559509e+00 1.0288806e+01 1.3633739e+34 3.9368160e+14 -3.2652202e-01 2.2923849e-01 1.1616760e-02 3.3004563e-03
1.3697741e+00 1.0341409e+01 1.2993994e+34 3.8813578e+14 -3.2476755e-01 2.2612831e-01 1.1391283e-02 3.1507035e-03
1.3828625e+00 1.0391410e+01 1.2394903e+34 3.8294237e+14 -3.2309967e-01 2.2321577e-01 1.1180135e-02 3.0104669e-03
1.3955093e+00 1.0439928e+01 1.1822166e+34 3.7751295e+14 -3.2148129e-01 2.2015641e-01 1.0965349e-02 2.8724259e-03
1.4077144e+00 1.0487002e+01 1.1275144e+34 3.7213922e+14 -3.1991128e-01 2.1712309e-01 1.0754972e-02 2.7389739e-03
1.4193980e+00 1.0532302e+01 1.0756773e+34 3.6704696e+14 -3.1840080e-01 2.1424864e-01 1.0555614e-02 2.6125116e-03
1.4305212e+00 1.0575647e+01 1.0268079e+34 3.6224622e+14 -3.1695596e-01 2.1153875e-01 1.0367669e-02 2.4932892e-03
1.4413476e+00 1.0618054e+01 9.7969351e+33 3.5727750e+14 -3.1554297e-01 2.0872486e-01 1.0176712e-02 2.3753380e-03
1.4516213e+00 1.0658551e+01 9.3539671e+33 3.5232273e+14 -3.1419429e-01 2.0591176e-01 9.9890534e-03 2.2619358e-03
1.4614611e+00 1.0697579e+01 8.9334897e+33 3.4761952e+14 -3.1289523e-01 2.0324149e-01 9.8109225e-03 2.1542913e-03
1.4708826e+00 1.0735175e+01 8.5343699e+33 3.4315521e+14 -3.1164465e-01 2.0070685e-01 9.6418396e-03 2.0521145e-03
1.4799058e+00 1.0771392e+01 8.1553358e+33 3.3877660e+14 -3.1044073e-01 1.9821763e-01 9.4771838e-03 1.9538296e-03
1.4885392e+00 1.0806282e+01 7.7956248e+33 3.3417464e+14 -3.0928179e-01 1.9559136e-01 9.3078042e-03 1.8565374e-03
1.4967950e+00 1.0839883e+01 7.4543502e+33 3.2980855e+14 -3.0816651e-01 1.9309969e-01 9.1471059e-03 1.7642317e-03
1.5046889e+00 1.0872230e+01 7.1305358e+33 3.2566584e+14 -3.0709372e-01 1.9073550e-01 8.9946292e-03 1.6766486e-03
1.5122411e+00 1.0903381e+01 6.8230345e+33 3.2173182e+14 -3.0606148e-01 1.8849042e-01 8.8498339e-03 1.5934778e-03
1.5194624e+00 1.0933370e+01 6.5311204e+33 3.1757754e+14 -3.0506861e-01 1.8611117e-01 8.6998189e-03 1.5107382e-03
1.5263588e+00 1.0962232e+01 6.2542708e+33 3.1350966e+14 -3.0411391e-01 1.8377909e-01 8.5537154e-03 1.4311142e-03
1.5329495e+00 1.0990021e+01 5.9914781e+33 3.0964832e+14 -3.0319554e-01 1.8156542e-01 8.4150302e-03 1.3555332e-03
1.5392454e+00 1.1016759e+01 5.7420744e+33 3.0598371e+14 -3.0231274e-01 1.7946453e-01 8.2834108e-03 1.2838029e-03
1.5452644e+00 1.1042499e+01 5.5051520e+33 3.0247275e+14 -3.0146373e-01 1.7745121e-01 8.1574786e-03 1.2153958e-03
1.5510149e+00 1.1067269e+01 5.2801788e+33 2.9885532e+14 -3.0064748e-01 1.7537193e-01 8.0293191e-03 1.1478990e-03
1.5565077e+00 1.1091108e+01 5.0665618e+33 2.9531761e+14 -2.9986266e-01 1.7333685e-01 7.9044989e-03 1.0828954e-03
1.5617541e+00 1.1114052e+01 4.8636960e+33 2.9185782e+14 -2.9910804e-01 1.7134505e-01 7.7829081e-03 1.0202779e-03
1.5667651e+00 1.1136136e+01 4.6710050e+33 2.8847417e+14 -2.9838243e-01 1.6939563e-01 7.6644407e-03 9.5994408e-04
1.5715512e+00 1.1157392e+01 4.4879508e+33 2.8516507e+14 -2.9768472e-01 1.6748778e-01 7.5490016e-03 9.0179952e-04
1.5761238e+00 1.1177858e+01 4.3139683e+33 2.8192797e+14 -2.9701360e-01 1.6562014e-01 7.4364643e-03 8.4573656e-04
1.5804909e+00 1.1197556e+01 4.1486405e+33 2.7876262e+14 -2.9636829e-01 1.6379269e-01 7.3267858e-03 7.9169129e-04
1.5846650e+00 1.1216530e+01 3.9913919e+33 2.7566527e+14 -2.9574729e-01 1.6200334e-01 7.2198041e-03 7.3954357e-04
1.5886528e+00 1.1234800e+01 3.8418652e+33 2.7263600e+14 -2.9514993e-01 1.6025224e-01 7.1154918e-03 6.8924125e-04
1.5924648e+00 1.1252400e+01 3.6995836e+33 2.6967205e+14 -2.9457499e-01 1.5853786e-01 7.0137264e-03 6.4068812e-04
1.5961103e+00 1.1269365e+01 3.5641181e+33 2.6676979e+14 -2.9402137e-01 1.5685819e-01 6.9143632e-03 5.9378840e-04
1.5995956e+00 1.1285711e+01 3.4351574e+33 2.6392522e+14 -2.9348843e-01 1.5521094e-01 6.8172533e-03 5.4846284e-04
1.6029302e+00 1.1301472e+01 3.3122854e+33 2.6113987e+14 -2.9297503e-01 1.5359711e-01 6.7224133e-03 5.0466044e-04
1.6061220e+00 1.1316678e+01 3.1951465e+33 2.5841178e+14 -2.9248021e-01 1.5201564e-01 6.6297556e-03 4.6231020e-04
1.6091778e+00 1.1331348e+01 3.0834374e+33 2.5573976e+14 -2.9200321e-01 1.5046590e-01 6.5392211e-03 4.2135600e-04
1.6121038e+00 1.1345506e+01 2.9768753e+33 2.5312276e+14 -2.9154331e-01 1.4894733e-01 6.4507567e-03 3.8174588e-04
1.6149077e+00 1.1359179e+01 2.8751342e+33 2.5055826e+14 -2.9109956e-01 1.4745855e-01 6.3642614e-03 3.4340807e-04
1.6175955e+00 1.1372388e+01 2.7779523e+33 2.4804494e+14 -2.9067125e-01 1.4599883e-01 6.2796755e-03 3.0629090e-04
1.6201729e+00 1.1385153e+01 2.6850848e+33 2.4558154e+14 -2.9025769e-01 1.4456750e-01 6.1969429e-03 2.7034590e-04
1.6226440e+00 1.1397487e+01 2.5963436e+33 2.4316805e+14 -2.8985845e-01 1.4316458e-01 6.1160499e-03 2.3554374e-04
1.6250144e+00 1.1409410e+01 2.5114954e+33 2.4079138e+14 -2.8947283e-01 1.4178241e-01 6.0365771e-03 2.0174915e-04
1.6272882e+00 1.1420936e+01 2.4303578e+33 2.3846128e+14 -2.8910036e-01 1.4042680e-01 5.9588127e-03 1.6900789e-04
1.6294688e+00 1.1432074e+01 2.3527888e+33 2.3617929e+14 -2.8874073e-01 1.3909869e-01 5.8827949e-03 1.3730949e-04
1.6315585e+00 1.1442830e+01 2.2786696e+33 2.3394659e+14 -2.8839371e-01 1.3779880e-01 5.8085521e-03 1.0664444e-04
1.6335591e+00 1.1453205e+01 2.2079171e+33 2.3176544e+14 -2.8805922e-01 1.3652849e-01 5.7361483e-03 7.7017123e-05
1.6354712e+00 1.1463197e+01 2.1404840e+33 2.2963708e+14 -2.8773737e-01 1.3528852e-01 5.6656197e-03 4.8431774e-05
1.6372955e+00 1.1472801e+01 2.0763180e+33 2.2755293e+14 -2.8742822e-01 1.3407380e-01 5.5967007e-03 2.0825403e-05
1.6390310e+00 1.1482005e+01 2.0154329e+33 2.2553238e+14 -2.8713217e-01 1.3289581e-01 5.5299893e-03 5.8261468e-06
1.6406761e+00 1.1490793e+01 1.9578658e+33 2.2358252e+14 -2.8684972e-01 1.3175872e-01 5.4657064e-03 5.4657064e-11
1.6422295e+00 1.1499151e+01 1.9036319e+33 2.2171021e+14 -2.8658128e-01 1.3066658e-01 5.4040639e-03 5.4040639e-11
1.6436886e+00 1.1507054e+01 1.8528095e+33 2.1990425e+14 -2.8632759e-01 1.2961275e-01 5.3447281e-03 5.3447281e-11
1.6450511e+00 1.1514484e+01 1.8054519e+33 2.1819202e+14 -2.8608926e-01 1.2861340e-01 5.2885418e-03 5.2885418e-11
1.6463174e+00 1.1521434e+01 1.7615264e+33 2.1658141e+14 -2.8586647e-01 1.2767320e-01 5.2357424e-03 5.2357424e-11
1.6474864e+00 1.1527889e+01 1.7210532e+33 2.1505626e+14 -2.8565966e-01 1.2678257e-01 5.1858412e-03 5.1858412e-11
1.6485620e+00 1.1533862e+01 1.6838762e+33 2.1363909e+14 -2.8546838e-01 1.2595489e-01 5.1395112e-03 5.1395112e-11
1.6495466e+00 1.1539360e+01 1.6499019e+33 2.1232096e+14 -2.8529242e-01 1.2518489e-01 5.0964724e-03 5.0964724e-11
1.6504461e+00 1.1544407e+01 1.6189104e+33 2.1110009e+14 -2.8513093e-01 1.2447158e-01 5.0566529e-03 5.0566529e-11
1.6512699e+00 1.1549052e+01 1.5905668e+33 2.0996804e+14 -2.8498240e-01 1.2381006e-01 5.0197662e-03 5.0197662e-11
1.6520244e+00 1.1553326e+01 1.5646367e+33 2.0892117e+14 -2.8484579e-01 1.2319823e-01 4.9856814e-03 4.9856814e-11
1.6527212e+00 1.1557288e+01 1.5407217e+33 2.0793805e+14 -2.8471918e-01 1.2262355e-01 4.9537132e-03 4.9537132e-11
1.6533694e+00 1.1560989e+01 1.5184983e+33 2.0702446e+14 -2.8460097e-01 1.2208951e-01 4.9240062e-03 4.9240062e-11
1.6539774e+00 1.1564473e+01 1.4976740e+33 2.0614671e+14 -2.8448972e-01 1.2157628e-01 4.8955158e-03 4.8955158e-11
1.6545537e+00 1.1567788e+01 1.4779513e+33 2.0531233e+14 -2.8438390e-01 1.2108839e-01 4.8684403e-03 4.8684403e-11
1.6551057e+00 1.1570973e+01 1.4590806e+33 2.0451328e+14 -2.8428225e-01 1.2062114e-01 4.8425127e-03 4.8425127e-11
1.6556397e+00 1.1574064e+01 1.4408437e+33 2.0371947e+14 -2.8418362e-01 1.2015683e-01 4.8168068e-03 4.8168068e-11
1.6561601e+00 1.1577088e+01 1.4230845e+33 2.0294646e+14 -2.8408719e-01 1.1970468e-01 4.7917742e-03 4.7917742e-11
1.6566706e+00 1.1580063e+01 1.4056793e+33 2.0218876e+14 -2.8399233e-01 1.1926148e-01 4.7672378e-03 4.7672378e-11
1.6571738e+00 1.1583005e+01 1.3885369e+33 2.0142119e+14 -2.8389854e-01 1.1881238e-01 4.7424329e-03 4.7424329e-11
1.6576712e+00 1.1585923e+01 1.3716071e+33 2.0066313e+14 -2.8380555e-01 1.1836884e-01 4.7179355e-03 4.7179355e-11
1.6581640e+00 1.1588823e+01 1.3548478e+33 1.9991271e+14 -2.8371315e-01 1.1792977e-01 4.6936849e-03 4.6936849e-11
1.6586529e+00 1.1591711e+01 1.3382332e+33 1.9914874e+14 -2.8362119e-01 1.1748265e-01 4.6690453e-03 4.6690453e-11
1.6591382e+00 1.1594586e+01 1.3217571e+33 1.9839000e+14 -2.8352964e-01 1.1703858e-01 4.6445767e-03 4.6445767e-11
1.6596199e+00 1.1597449e+01 1.3054158e+33 1.9763747e+14 -2.8343849e-01 1.1659815e-01 4.6203083e-03 4.6203083e-11
1.6600978e+00 1.1600299e+01 1.2892178e+33 1.9687213e+14 -2.8334779e-01 1.1615010e-01 4.5956748e-03 4.5956748e-11
1.6605716e+00 1.1603135e+01 1.2731702e+33 1.9611224e+14 -2.8325757e-01 1.1570524e-01 4.5712206e-03 4.5712206e-11
1.6610412e+00 1.1605954e+01 1.2572789e+33 1.9535975e+14 -2.8316788e-01 1.1526471e-01 4.5470045e-03 4.5470045e-11
1.6615063e+00 1.1608757e+01 1.2415531e+33 1.9459560e+14 -2.8307878e-01 1.1481723e-01 4.5224619e-03 4.5224619e-11
1.6619666e+00 1.1611539e+01 1.2260023e+33 1.9383861e+14 -2.8299032e-01 1.1437394e-01 4.4981524e-03 4.4981524e-11
1.6624216e+00 1.1614300e+01 1.2106430e+33 1.9309094e+14 -2.8290260e-01 1.1393611e-01 4.4741422e-03 4.4741422e-11
1.6628627e+00 1.1616984e+01 1.1957657e+33 1.9234720e+14 -2.8281730e-01 1.1350047e-01 4.4503078e-03 4.4503078e-11
1.6633009e+00 1.1619661e+01 1.1809967e+33 1.9160830e+14 -2.8273228e-01 1.1306765e-01 4.4266294e-03 4.4266294e-11
1.6637377e+00 1.1622338e+01 1.1662858e+33 1.9087230e+14 -2.8264727e-01 1.1263653e-01 4.4030442e-03 4.4030442e-11
1.6641731e+00 1.1625015e+01 1.1516335e+33 1.9011954e+14 -2.8256227e-01 1.1219549e-01 4.3789726e-03 4.3789726e-11
1.6646071e+00 1.1627694e+01 1.1370406e+33 1.8936933e+14 -2.8247727e-01 1.1175594e-01 4.3549838e-03 4.3549838e-11
1.6650345e+00 1.1630340e+01 1.1226834e+33 1.8863035e+14 -2.8239330e-01 1.1132296e-01 4.3313562e-03 4.3313562e-11
1.6654406e+00 1.1632864e+01 1.1090476e+33 1.8791019e+14 -2.8231325e-01 1.1090091e-01 4.3083783e-03 4.3083783e-11
1.6658455e+00 1.1635388e+01 1.0954652e+33 1.8719285e+14 -2.8223319e-01 1.1048052e-01 4.2854903e-03 4.2854903e-11
1.6662491e+00 1.1637913e+01 1.0819359e+33 1.8647776e+14 -2.8215314e-01 1.1006143e-01 4.2626755e-03 4.2626755e-11
1.6666514e+00 1.1640438e+01 1.0684603e+33 1.8574677e+14 -2.8207309e-01 1.0963293e-01 4.2394031e-03 4.2394031e-11
1.6670524e+00 1.1642964e+01 1.0550389e+33 1.8501871e+14 -2.8199305e-01 1.0920615e-01 4.2162242e-03 4.2162242e-11
1.6674437e+00 1.1645438e+01 1.0419501e+33 1.8430734e+14 -2.8191468e-01 1.0878914e-01 4.1935802e-03 4.1935802e-11
1.6678180e+00 1.1647812e+01 1.0294402e+33 1.8361045e+14 -2.8183949e-01 1.0838053e-01 4.1714430e-03 4.1714430e-11
1.6681911e+00 1.1650187e+01 1.0169790e+33 1.8291627e+14 -2.8176430e-01 1.0797350e-01 4.1493917e-03 4.1493917e-11
1.6685631e+00 1.1652562e+01 1.0045660e+33 1.8222428e+14 -2.8168911e-01 1.0756777e-01 4.1274115e-03 4.1274115e-11
1.6689338e+00 1.1654937e+01 9.9220184e+32 1.8151705e+14 -2.8161393e-01 1.0715299e-01 4.1049963e-03 4.1049963e-11
1.6693033e+00 1.1657313e+01 9.7988690e+32 1.8081264e+14 -2.8153875e-01 1.0673988e-01 4.0826704e-03 4.0826704e-11
1.6696662e+00 1.1659655e+01 9.6779927e+32 1.8012040e+14 -2.8146467e-01 1.0633390e-01 4.0607328e-03 4.0607328e-11
1.6700128e+00 1.1661899e+01 9.5626598e+32 1.7944307e+14 -2.8139371e-01 1.0593657e-01 4.0393145e-03 4.0393145e-11
1.6703582e+00 1.1664143e+01 9.4477718e+32 1.7876836e+14 -2.8132276e-01 1.0554079e-01 4.0179788e-03 4.0179788e-11
1.6707026e+00 1.1666388e+01 9.3333271e+32 1.7809625e+14 -2.8125181e-01 1.0514653e-01 3.9967254e-03 3.9967254e-11
1.6710458e+00 1.1668633e+01 9.2193295e+32 1.7740919e+14 -2.8118087e-01 1.0474341e-01 3.9750490e-03 3.9750490e-11
1.6713879e+00 1.1670878e+01 9.1057833e+32 1.7672455e+14 -2.8110993e-01 1.0434171e-01 3.9534496e-03 3.9534496e-11
1.6717289e+00 1.1673124e+01 8.9926870e+32 1.7604262e+14 -2.8103899e-01 1.0394160e-01 3.9319358e-03 3.9319358e-11
1.6720533e+00 1.1675268e+01 8.8851335e+32 1.7537679e+14 -2.8097126e-01 1.0355086e-01 3.9109791e-03 3.9109791e-11
1.6723760e+00 1.1677408e+01 8.7782435e+32 1.7471502e+14 -2.8090370e-01 1.0316249e-01 3.8901505e-03 3.8901505e-11
1.6726977e+00 1.1679549e+01 8.6717673e+32 1.7405581e+14 -2.8083614e-01 1.0277564e-01 3.8694025e-03 3.8694025e-11
1.6730182e+00 1.1681690e+01 8.5657084e+32 1.7338241e+14 -2.8076858e-01 1.0238037e-01 3.8482559e-03 3.8482559e-11
1.6733378e+00 1.1683831e+01 8.4600709e+32 1.7271075e+14 -2.8070103e-01 1.0198613e-01 3.8271666e-03 3.8271666e-11
1.6736562e+00 1.1685972e+01 8.3548537e+32 1.7204176e+14 -2.8063348e-01 1.0159345e-01 3.8061612e-03 3.8061612e-11
1.6739683e+00 1.1688078e+01 8.2518323e+32 1.7136931e+14 -2.8056708e-01 1.0119867e-01 3.7850973e-03 3.7850973e-11
1.6742729e+00 1.1690141e+01 8.1513158e+32 1.7071275e+14 -2.8050204e-01 1.0081321e-01 3.7645321e-03 3.7645321e-11
1.6745765e+00 1.1692205e+01 8.0511944e+32 1.7005876e+14 -2.8043700e-01 1.0042926e-01 3.7440478e-03 3.7440478e-11
1.6748791e+00 1.1694268e+01 7.9514720e+32 1.6938950e+14 -2.8037197e-01 1.0003627e-01 3.7231359e-03 3.7231359e-11
1.6751807e+00 1.1696333e+01 7.8521523e+32 1.6872269e+14 -2.8030694e-01 9.9644719e-02 3.7023015e-03 3.7023015e-11
1.6754812e+00 1.1698397e+01 7.7532342e+32 1.6805744e+14 -2.8024192e-01 9.9254078e-02 3.6815189e-03 3.6815189e-11
1.6757807e+00 1.1700462e+01 7.6547212e+32 1.6737715e+14 -2.8017689e-01 9.8854540e-02 3.6603169e-03 3.6603169e-11
1.6760726e+00 1.1702482e+01 7.5587656e+32 1.6671453e+14 -2.8011330e-01 9.8465374e-02 3.6396654e-03 3.6396654e-11
1.6763621e+00 1.1704492e+01 7.4636645e+32 1.6605451e+14 -2.8005002e-01 9.8077725e-02 3.6191041e-03 3.6191041e-11
1.6766506e+00 1.1706503e+01 7.3689550e+32 1.6538118e+14 -2.7998675e-01 9.7682200e-02 3.5981727e-03 3.5981727e-11
1.6769380e+00 1.1708514e+01 7.2746395e+32 1.6471065e+14 -2.7992348e-01 9.7288322e-02 3.5773283e-03 3.5773283e-11
1.6772244e+00 1.1710526e+01 7.1807174e+32 1.6403615e+14 -2.7986021e-01 9.6892092e-02 3.5563791e-03 3.5563791e-11
1.6775098e+00 1.1712537e+01 7.0871944e+32 1.6335081e+14 -2.7979695e-01 9.6489440e-02 3.5351297e-03 3.5351297e-11
1.6777937e+00 1.1714546e+01 6.9942427e+32 1.6266965e+14 -2.7973381e-01 9.6089248e-02 3.5140100e-03 3.5140100e-11
1.6780719e+00 1.1716523e+01 6.9031738e+32 1.6199017e+14 -2.7967168e-01 9.5690002e-02 3.4929743e-03 3.4929743e-11
1.6783491e+00 1.1718499e+01 6.8124991e+32 1.6130424e+14 -2.7960956e-01 9.5286939e-02 3.4717632e-03 3.4717632e-11
1.6786253e+00 1.1720477e+01 6.7222180e+32 1.6062130e+14 -2.7954745e-01 9.4885626e-02 3.4506442e-03 3.4506442e-11
1.6789004e+00 1.1722454e+01 6.6323336e+32 1.5992178e+14 -2.7948534e-01 9.4474522e-02 3.4290624e-03 3.4290624e-11
1.6791745e+00 1.1724432e+01 6.5428523e+32 1.5922177e+14 -2.7942323e-01 9.4063113e-02 3.4074741e-03 3.4074741e-11
1.6794475e+00 1.1726410e+01 6.4537729e+32 1.5851954e+14 -2.7936113e-01 9.3650389e-02 3.3858305e-03 3.3858305e-11
1.6797183e+00 1.1728381e+01 6.3654552e+32 1.5780352e+14 -2.7929927e-01 9.3229505e-02 3.3638093e-03 3.3638093e-11
1.6799861e+00 1.1730338e+01 6.2781830e+32 1.5709598e+14 -2.7923788e-01 9.2813603e-02 3.3420487e-03 3.3420487e-11
1.6802529e+00 1.1732295e+01 6.1913152e+32 1.5637383e+14 -2.7917648e-01 9.2389075e-02 3.3198802e-03 3.3198802e-11
1.6805185e+00 1.1734252e+01 6.1048605e+32 1.5564566e+14 -2.7911509e-01 9.1960981e-02 3.2975479e-03 3.2975479e-11
1.6807830e+00 1.1736210e+01 6.0188187e+32 1.5491551e+14 -2.7905371e-01 9.1531714e-02 3.2751669e-03 3.2751669e-11
1.6810463e+00 1.1738168e+01 5.9331978e+32 1.5416425e+14 -2.7899233e-01 9.1089981e-02 3.2521921e-03 3.2521921e-11
1.6813086e+00 1.1740126e+01 5.8480021e+32 1.5341671e+14 -2.7893095e-01 9.0650441e-02 3.2293315e-03 3.2293315e-11
1.6815685e+00 1.1742076e+01 5.7635968e+32 1.5264934e+14 -2.7886984e-01 9.0199183e-02 3.2059195e-03 3.2059195e-11
1.6818266e+00 1.1744022e+01 5.6798429e+32 1.5188146e+14 -2.7880889e-01 8.9747610e-02 3.1825046e-03 3.1825046e-11
1.6820836e+00 1.1745968e+01 5.5965227e+32 1.5109844e+14 -2.7874795e-01 8.9287100e-02 3.1586655e-03 3.1586655e-11
1.6823393e+00 1.1747914e+01 5.5136492e+32 1.5030194e+14 -2.7868701e-01 8.8818631e-02 3.1344497e-03 3.1344497e-11
1.6825938e+00 1.1749860e+01 5.4312239e+32 1.4949603e+14 -2.7862608e-01 8.8344601e-02 3.1099732e-03 3.1099732e-11
1.6828470e+00 1.1751807e+01 5.3492598e+32 1.4866747e+14 -2.7856515e-01 8.7857210e-02 3.0848586e-03 3.0848586e-11
1.6830989e+00 1.1753754e+01 5.2677606e+32 1.4783187e+14 -2.7850423e-01 8.7365658e-02 3.0595512e-03 3.0595512e-11
1.6833484e+00 1.1755694e+01 5.1870840e+32 1.4697123e+14 -2.7844357e-01 8.6859329e-02 3.0335442e-03 3.0335442e-11
1.6835966e+00 1.1757633e+01 5.1069086e+32 1.4610180e+14 -2.7838293e-01 8.6347812e-02 3.0072957e-03 3.0072957e-11
1.6838433e+00 1.1759572e+01 5.0272296e+32 1.4520197e+14 -2.7832230e-01 8.5818358e-02 2.9801891e-03 2.9801891e-11
1.6840887e+00 1.1761512e+01 4.9480536e+32 1.4428505e+14 -2.7826167e-01 8.5278815e-02 2.9526051e-03 2.9526051e-11
1.6843326e+00 1.1763452e+01 4.8693995e+32 1.4334207e+14 -2.7820105e-01 8.4723900e-02 2.9242888e-03 2.9242888e-11
1.6845750e+00 1.1765392e+01 4.7912761e+32 1.4236628e+14 -2.7814043e-01 8.4149626e-02 2.8950502e-03 2.8950502e-11
1.6848155e+00 1.1767330e+01 4.7137996e+32 1.4137793e+14 -2.7807990e-01 8.3567945e-02 2.8654676e-03 2.8654676e-11
1.6850538e+00 1.1769264e+01 4.6370809e+32 1.4033507e+14 -2.7801952e-01 8.2954110e-02 2.8343559e-03 2.8343559e-11
1.6852905e+00 1.1771198e+01 4.5609413e+32 1.3926985e+14 -2.7795914e-01 8.2327072e-02 2.8026252e-03 2.8026252e-11
1.6855255e+00 1.1773132e+01 4.4854038e+32 1.3817476e+14 -2.7789878e-01 8.1682412e-02 2.7700644e-03 2.7700644e-11
1.6857586e+00 1.1775067e+01 4.4104882e+32 1.3701865e+14 -2.7783841e-01 8.1001761e-02 2.7358041e-03 2.7358041e-11
1.6859899e+00 1.1777002e+01 4.3362171e+32 1.3582621e+14 -2.7777806e-01 8.0299671e-02 2.7005455e-03 2.7005455e-11
1.6862193e+00 1.1778937e+01 4.2626160e+32 1.3459206e+14 -2.7771771e-01 7.9572967e-02 2.6641439e-03 2.6641439e-11
1.6864458e+00 1.1780866e+01 4.1899535e+32 1.3331608e+14 -2.7765756e-01 7.8821573e-02 2.6266116e-03 2.6266116e-11
1.6866701e+00 1.1782794e+01 4.1180673e+32 1.3198855e+14 -2.7759748e-01 7.8039742e-02 2.5876880e-03 2.5876880e-11
1.6868922e+00 1.1784722e+01 4.0469228e+32 1.3060915e+14 -2.7753740e-01 7.7227297e-02 2.5473835e-03 2.5473835e-11
1.6871121e+00 1.1786651e+01 3.9765455e+32 1.2918601e+14 -2.7747732e-01 7.6389007e-02 2.5059401e-03 2.5059401e-11
1.6873296e+00 1.1788579e+01 3.9069586e+32 1.2772224e+14 -2.7741725e-01 7.5526708e-02 2.4634659e-03 2.4634659e-11
1.6875447e+00 1.1790508e+01 3.8381833e+32 1.2622303e+14 -2.7735719e-01 7.4643454e-02 2.4201282e-03 2.4201282e-11
1.6877569e+00 1.1792434e+01 3.7703675e+32 1.2469811e+14 -2.7729725e-01 7.3744963e-02 2.3762222e-03 2.3762222e-11
1.6879660e+00 1.1794353e+01 3.7036187e+32 1.2315749e+14 -2.7723752e-01 7.2837140e-02 2.3320476e-03 2.3320476e-11
1.6881725e+00 1.1796273e+01 3.6377126e+32 1.2160255e+14 -2.7717780e-01 7.1920794e-02 2.2876622e-03 2.2876622e-11
1.6883765e+00 1.1798193e+01 3.5726542e+32 1.2004104e+14 -2.7711809e-01 7.1000489e-02 2.2432973e-03 2.2432973e-11
1.6885779e+00 1.1800114e+01 3.5084450e+32 1.1848045e+14 -2.7705838e-01 7.0080643e-02 2.1991626e-03 2.1991626e-11
1.6887768e+00 1.1802034e+01 3.4450830e+32 1.1692570e+14 -2.7699868e-01 6.9164150e-02 2.1554000e-03 2.1554000e-11
1.6889732e+00 1.1803955e+01 3.3825671e+32 1.1538048e+14 -2.7693899e-01 6.8253208e-02 2.1121156e-03 2.1121156e-11
1.6891658e+00 1.1805863e+01 3.3213148e+32 1.1385788e+14 -2.7687972e-01 6.7355525e-02 2.0696738e-03 2.0696738e-11
1.6893558e+00 1.1807771e+01 3.2608814e+32 1.1234867e+14 -2.7682046e-01 6.6465653e-02 2.0278140e-03 2.0278140e-11
1.6895435e+00 1.1809679e+01 3.2012593e+32 1.1085331e+14 -2.7676121e-01 6.5583884e-02 1.9865606e-03 1.9865606e-11
1.6897287e+00 1.1811588e+01 3.1424409e+32 1.0937198e+14 -2.7670196e-01 6.4710314e-02 1.9459200e-03 1.9459200e-11
1.6899116e+00 1.1813497e+01 3.0844182e+32 1.0790484e+14 -2.7664273e-01 6.3845047e-02 1.9058806e-03 1.9058806e-11
1.6900920e+00 1.1815407e+01 3.0271840e+32 1.0645142e+14 -2.7658350e-01 6.2987804e-02 1.8664279e-03 1.8664279e-11
1.6902690e+00 1.1817304e+01 2.9711005e+32 1.0502051e+14 -2.7652467e-01 6.2143782e-02 1.8277978e-03 1.8277978e-11
1.6904432e+00 1.1819197e+01 2.9159145e+32 1.0359332e+14 -2.7646598e-01 6.1301817e-02 1.7897750e-03 1.7897750e-11
1.6906152e+00 1.1821090e+01 2.8614886e+32 1.0218133e+14 -2.7640731e-01 6.0468789e-02 1.7522712e-03 1.7522712e-11
1.6907848e+00 1.1822983e+01 2.8078127e+32 1.0078881e+14 -2.7634864e-01 5.9647241e-02 1.7152843e-03 1.7152843e-11
1.6909523e+00 1.1824877e+01 2.7548767e+32 9.9415470e+13 -2.7628998e-01 5.8837016e-02 1.6788071e-03 1.6788071e-11
1.6911175e+00 1.1826771e+01 2.7026741e+32 9.8035548e+13 -2.7623133e-01 5.8022772e-02 1.6427020e-03 1.6427020e-11
1.6912795e+00 1.1828654e+01 2.6515186e+32 9.6665444e+13 -2.7617304e-01 5.7214231e-02 1.6072280e-03 1.6072280e-11
1.6914386e+00 1.1830528e+01 2.6013393e+32 9.5321486e+13 -2.7611506e-01 5.6421119e-02 1.5724310e-03 1.5724310e-11
1.6915955e+00 1.1832402e+01 2.5518657e+32 9.3996426e+13 -2.7605708e-01 5.5639159e-02 1.5381233e-03 1.5381233e-11
1.6917503e+00 1.1834276e+01 2.5030906e+32 9.2666130e+13 -2.7599911e-01 5.4854014e-02 1.5041214e-03 1.5041214e-11
1.6919029e+00 1.1836151e+01 2.4550237e+32 9.1328960e+13 -2.7594115e-01 5.4064708e-02 1.4704180e-03 1.4704180e-11
1.6920534e+00 1.1838026e+01 2.4076583e+32 9.0011303e+13 -2.7588320e-01 5.3286920e-02 1.4372063e-03 1.4372063e-11
1.6922010e+00 1.1839891e+01 2.3612424e+32 8.8720062e+13 -2.7582557e-01 5.2524725e-02 1.4046606e-03 1.4046606e-11
1.6923454e+00 1.1841742e+01 2.3158492e+32 8.7431641e+13 -2.7576840e-01 5.1764106e-02 1.3741560e-03 1.3741560e-11
1.6924877e+00 1.1843593e+01 2.2711325e+32 8.6136222e+13 -2.7571124e-01 5.0999266e-02 1.3454599e-03 1.3454599e-11
1.6926280e+00 1.1845444e+01 2.2270858e+32 8.4860210e+13 -2.7565408e-01 5.0245885e-02 1.3171937e-03 1.3171937e-11
1.6927663e+00 1.1847296e+01 2.1836990e+32 8.3603315e+13 -2.7559694e-01 4.9503790e-02 1.2893510e-03 1.2893510e-11
1.6929026e+00 1.1849148e+01 2.1409673e+32 8.2333611e+13 -2.7553980e-01 4.8754029e-02 1.2667013e-03 1.2667013e-11
1.6930362e+00 1.1850990e+01 2.0991344e+32 8.1071871e+13 -2.7548299e-01 4.8008911e-02 1.2473421e-03 1.2473421e-11
1.6931664e+00 1.1852815e+01 2.0583454e+32 7.9841617e+13 -2.7542675e-01 4.7282386e-02 1.2284659e-03 1.2284659e-11
1.6932948e+00 1.1854639e+01 2.0181823e+32 7.8630241e+13 -2.7537051e-01 4.6567011e-02 1.2098794e-03 1.2098794e-11
1.6934212e+00 1.1856464e+01 1.9786443e+32 7.7397273e+13 -2.7531428e-01 4.5838752e-02 1.1909582e-03 1.1909582e-11
1.6935457e+00 1.1858289e+01 1.9397359e+32 7.6178026e+13 -2.7525806e-01 4.5118578e-02 1.1722470e-03 1.1722470e-11
1.6936683e+00 1.1860115e+01 1.9014472e+32 7.4978195e+13 -2.7520185e-01 4.4409873e-02 1.1538338e-03 1.1538338e-11
1.6937882e+00 1.1861929e+01 1.8640083e+32 7.3795372e+13 -2.7514601e-01 4.3711182e-02 1.1356807e-03 1.1356807e-11
1.6939050e+00 1.1863723e+01 1.8275769e+32 7.2613124e+13 -2.7509079e-01 4.3012724e-02 1.1175338e-03 1.1175338e-11
1.6940200e+00 1.1865518e+01 1.7917354e+32 7.1450022e+13 -2.7503558e-01 4.2325577e-02 1.0996807e-03 1.0996807e-11
1.6941332e+00 1.1867313e+01 1.7564744e+32 7.0305754e+13 -2.7498038e-01 4.1649557e-02 1.0821167e-03 1.0821167e-11
1.6942446e+00 1.1869108e+01 1.7217881e+32 6.9156720e+13 -2.7492519e-01 4.0970635e-02 1.0644774e-03 1.0644774e-11
1.6943542e+00 1.1870904e+01 1.6876798e+32 6.8014903e+13 -2.7487001e-01 4.0295935e-02 1.0469476e-03 1.0469476e-11
1.6944612e+00 1.1872685e+01 1.6544106e+32 6.6901180e+13 -2.7481528e-01 3.9637835e-02 1.0298492e-03 1.0298492e-11
1.6945654e+00 1.1874447e+01 1.6220577e+32 6.5813129e+13 -2.7476118e-01 3.8994884e-02 1.0131444e-03 1.0131444e-11
1.6946678e+00 1.1876208e+01 1.5902436e+32 6.4718962e+13 -2.7470709e-01 3.8348220e-02 9.9634312e-04 9.9634312e-12
1.6947686e+00 1.1877970e+01 1.5589641e+32 6.3643180e+13 -2.7465301e-01 3.7712421e-02 9.7982413e-04 9.7982413e-12
1.6948678e+00 1.1879733e+01 1.5282101e+32 6.2585474e+13 -2.7459894e-01 3.7087304e-02 9.6358269e-04 9.6358269e-12
1.6949653e+00 1.1881495e+01 1.4979759e+32 6.1528123e+13 -2.7454488e-01 3.6462316e-02 9.4734456e-04 9.4734456e-12
1.6950602e+00 1.1883239e+01 1.4685808e+32 6.0493664e+13 -2.7449142e-01 3.5850828e-02 9.3145722e-04 9.3145722e-12
1.6951526e+00 1.1884964e+01 1.4399842e+32 5.9487304e+13 -2.7443852e-01 3.5255950e-02 9.1600141e-04 9.1600141e-12
1.6952434e+00 1.1886690e+01 1.4118689e+32 5.8491917e+13 -2.7438563e-01 3.4667525e-02 9.0071326e-04 9.0071326e-12
1.6953328e+00 1.1888416e+01 1.3842331e+32 5.7500556e+13 -2.7433275e-01 3.4081408e-02 8.8548510e-04 8.8548510e-12
1.6954207e+00 1.1890143e+01 1.3570708e+32 5.6526177e+13 -2.7427988e-01 3.3505332e-02 8.7051780e-04 8.7051780e-12
1.6955072e+00 1.1891869e+01 1.3303737e+32 5.5568489e+13 -2.7422703e-01 3.2939123e-02 8.5580688e-04 8.5580688e-12
1.6955910e+00 1.1893571e+01 1.3045188e+32 5.4627281e+13 -2.7417495e-01 3.2382567e-02 8.4134671e-04 8.4134671e-12
1.6956727e+00 1.1895258e+01 1.2793200e+32 5.3709034e+13 -2.7412333e-01 3.1839581e-02 8.2723915e-04 8.2723915e-12
1.6957530e+00 1.1896946e+01 1.2545493e+32 5.2806388e+13 -2.7407171e-01 3.1305822e-02 8.1337128e-04 8.1337128e-12
1.6958321e+00 1.1898634e+01 1.2302002e+32 5.1913028e+13 -2.7402011e-01 3.0777503e-02 7.9964478e-04 7.9964478e-12
1.6959098e+00 1.1900322e+01 1.2062694e+32 5.1029872e+13 -2.7396851e-01 3.0255177e-02 7.8607398e-04 7.8607398e-12
1.6959862e+00 1.1902010e+01 1.1827501e+32 5.0161903e+13 -2.7391692e-01 2.9741833e-02 7.7273655e-04 7.7273655e-12
1.6960600e+00 1.1903666e+01 1.1600826e+32 4.9324031e+13 -2.7386635e-01 2.9246275e-02 7.5986123e-04 7.5986123e-12
1.6961321e+00 1.1905313e+01 1.1379179e+32 4.8497779e+13 -2.7381606e-01 2.8757520e-02 7.4716266e-04 7.4716266e-12
1.6962030e+00 1.1906960e+01 1.1161287e+32 4.7685522e+13 -2.7376578e-01 2.8277044e-02 7.3467916e-04 7.3467916e-12
1.6962728e+00 1.1908608e+01 1.0947083e+32 4.6887018e+13 -2.7371551e-01 2.7804702e-02 7.2240703e-04 7.2240703e-12
1.6963415e+00 1.1910255e+01 1.0736514e+32 4.6097431e+13 -2.7366524e-01 2.7337576e-02 7.1027041e-04 7.1027041e-12
1.6964090e+00 1.1911903e+01 1.0529536e+32 4.5319728e+13 -2.7361499e-01 2.6877460e-02 6.9831593e-04 6.9831593e-12
1.6964737e+00 1.1913510e+01 1.0331184e+32 4.4574438e+13 -2.7356601e-01 2.6436520e-02 6.8685967e-04 6.8685967e-12
1.6965374e+00 1.1915115e+01 1.0136369e+32 4.3841039e+13 -2.7351711e-01 2.6002594e-02 6.7558563e-04 6.7558563e-12
1.6966000e+00 1.1916720e+01 9.9448029e+31 4.3116772e+13 -2.7346821e-01 2.5574020e-02 6.6445064e-04 6.6445064e-12
1.6966616e+00 1.1918325e+01 9.7564373e+31 4.2404603e+13 -2.7341932e-01 2.5152605e-02 6.5350165e-04 6.5350165e-12
1.6967222e+00 1.1919930e+01 9.5712179e+31 4.1704329e+13 -2.7337044e-01 2.4738229e-02 6.4273554e-04 6.4273554e-12
1.6967816e+00 1.1921530e+01 9.3897532e+31 4.1015422e+13 -2.7332174e-01 2.4330521e-02 6.3214270e-04 6.3214270e-12
1.6968386e+00 1.1923091e+01 9.2156646e+31 4.0354007e+13 -2.7327425e-01 2.3939073e-02 6.2197231e-04 6.2197231e-12
1.6968947e+00 1.1924652e+01 9.0444152e+31 3.9703379e+13 -2.7322677e-01 2.3554009e-02 6.1196779e-04 6.1196779e-12
1.6969500e+00 1.1926213e+01 8.8759586e+31 3.9062574e+13 -2.7317930e-01 2.3174739e-02 6.0211379e-04 6.0211379e-12
1.6970043e+00 1.1927774e+01 8.7102566e+31 3.8430537e+13 -2.7313184e-01 2.2800616e-02 5.9239352e-04 5.9239352e-12
1.6970578e+00 1.1929336e+01 8.5472662e+31 3.7808844e+13 -2.7308438e-01 2.2432615e-02 5.8283233e-04 5.8283233e-12
1.6971100e+00 1.1930884e+01 8.3883708e+31 3.7202770e+13 -2.7303736e-01 2.2073860e-02 5.7351135e-04 5.7351135e-12
1.6971604e+00 1.1932399e+01 8.2352913e+31 3.6617409e+13 -2.7299133e-01 2.1727322e-02 5.6450779e-04 5.6450779e-12
1.6972099e+00 1.1933915e+01 8.0846492e+31 3.6040906e+13 -2.7294530e-01 2.1386015e-02 5.5564013e-04 5.5564013e-12
1.6972587e+00 1.1935431e+01 7.9364063e+31 3.5473586e+13 -2.7289929e-01 2.1050144e-02 5.4691370e-04 5.4691370e-12
1.6973067e+00 1.1936947e+01 7.7905243e+31 3.4915096e+13 -2.7285328e-01 2.0719495e-02 5.3832294e-04 5.3832294e-12
1.6973540e+00 1.1938464e+01 7.6469684e+31 3.4364071e+13 -2.7280729e-01 2.0393217e-02 5.2984578e-04 5.2984578e-12
1.6973999e+00 1.1939958e+01 7.5077390e+31 3.3829653e+13 -2.7276196e-01 2.0076774e-02 5.2162410e-04 5.2162410e-12
1.6974444e+00 1.1941428e+01 7.3730040e+31 3.3312485e+13 -2.7271742e-01 1.9770545e-02 5.1366782e-04 5.1366782e-12
1.6974881e+00 1.1942897e+01 7.2403533e+31 3.2802685e+13 -2.7267288e-01 1.9468657e-02 5.0582434e-04 5.0582434e-12
1.6975312e+00 1.1944367e+01 7.1097589e+31 3.2299958e+13 -2.7262835e-01 1.9170930e-02 4.9808895e-04 4.9808895e-12
1.6975737e+00 1.1945837e+01 6.9811895e+31 3.1805025e+13 -2.7258382e-01 1.8877819e-02 4.9047351e-04 4.9047351e-12
1.6976156e+00 1.1947307e+01 6.8546134e+31 3.1317766e+13 -2.7253931e-01 1.8589253e-02 4.8297614e-04 4.8297614e-12
1.6976560e+00 1.1948748e+01 6.7324526e+31 3.0846530e+13 -2.7249569e-01 1.8310146e-02 4.7572451e-04 4.7572451e-12
1.6976953e+00 1.1950171e+01 6.6137247e+31 3.0388101e+13 -2.7245264e-01 1.8038610e-02 4.6866961e-04 4.6866961e-12
1.6977340e+00 1.1951593e+01 6.4967822e+31 2.9936567e+13 -2.7240961e-01 1.7771158e-02 4.6172081e-04 4.6172081e-12
1.6977721e+00 1.1953016e+01 6.3815981e+31 2.9491821e+13 -2.7236658e-01 1.7507727e-02 4.5487650e-04 4.5487650e-12
1.6978097e+00 1.1954439e+01 6.2681476e+31 2.9052548e+13 -2.7232356e-01 1.7247503e-02 4.4811549e-04 4.4811549e-12
1.6978468e+00 1.1955862e+01 6.1564080e+31 2.8619671e+13 -2.7228055e-01 1.6991061e-02 4.4145277e-04 4.4145277e-12
1.6978824e+00 1.1957250e+01 6.0490214e+31 2.8203657e+13 -2.7223859e-01 1.6744610e-02 4.3504960e-04 4.3504960e-12
1.6979172e+00 1.1958625e+01 5.9442696e+31 2.7797850e+13 -2.7219707e-01 1.6504206e-02 4.2880354e-04 4.2880354e-12
1.6979515e+00 1.1960000e+01 5.8410455e+31 2.7396555e+13 -2.7215555e-01 1.6266439e-02 4.2262600e-04 4.2262600e-12
1.6979853e+00 1.1961375e+01 5.7393298e+31 2.7001028e+13 -2.7211403e-01 1.6032088e-02 4.1653721e-04 4.1653721e-12
1.6980186e+00 1.1962750e+01 5.6391003e+31 2.6611280e+13 -2.7207253e-01 1.5801161e-02 4.1053739e-04 4.1053739e-12
1.6980515e+00 1.1964125e+01 5.5403351e+31 2.6227227e+13 -2.7203103e-01 1.5573607e-02 4.0462522e-04 4.0462522e-12
1.6980830e+00 1.1965463e+01 5.4456928e+31 2.5857669e+13 -2.7199069e-01 1.5354611e-02 3.9893536e-04 3.9893536e-12
1.6981138e+00 1.1966789e+01 5.3531623e+31 2.5496304e+13 -2.7195069e-01 1.5140468e-02 3.9337161e-04 3.9337161e-12
1.6981442e+00 1.1968116e+01 5.2619405e+31 2.5140051e+13 -2.7191069e-01 1.4929354e-02 3.8788657e-04 3.8788657e-12
1.6981741e+00 1.1969443e+01 5.1720091e+31 2.4788837e+13 -2.7187070e-01 1.4721227e-02 3.8247910e-04 3.8247910e-12
1.6982037e+00 1.1970769e+01 5.0833516e+31 2.4441095e+13 -2.7183072e-01 1.4515129e-02 3.7712439e-04 3.7712439e-12
1.6982329e+00 1.1972097e+01 4.9959536e+31 2.4098078e+13 -2.7179074e-01 1.4311828e-02 3.7184233e-04 3.7184233e-12
1.6982608e+00 1.1973385e+01 4.9122746e+31 2.3769656e+13 -2.7175193e-01 1.4117177e-02 3.6678502e-04 3.6678502e-12
1.6982881e+00 1.1974663e+01 4.8304440e+31 2.3448489e+13 -2.7171345e-01 1.3926826e-02 3.6183943e-04 3.6183943e-12
1.6983151e+00 1.1975942e+01 4.7497342e+31 2.3130436e+13 -2.7167498e-01 1.3738300e-02 3.5694126e-04 3.5694126e-12
1.6983417e+00 1.1977220e+01 4.6701341e+31 2.2816242e+13 -2.7163651e-01 1.3552055e-02 3.5210232e-04 3.5210232e-12
1.6983680e+00 1.1978498e+01 4.5916284e+31 2.2506368e+13 -2.7159806e-01 1.3368370e-02 3.4732991e-04 3.4732991e-12
1.6983939e+00 1.1979777e+01 4.5142021e+31 2.2200754e+13 -2.7155960e-01 1.3187210e-02 3.4262312e-04 3.4262312e-12
1.6984188e+00 1.1981021e+01 4.4399109e+31 2.1906608e+13 -2.7152221e-01 1.3012836e-02 3.3809263e-04 3.3809263e-12
1.6984431e+00 1.1982250e+01 4.3674685e+31 2.1618812e+13 -2.7148525e-01 1.2842214e-02 3.3365961e-04 3.3365961e-12
1.6984670e+00 1.1983480e+01 4.2959894e+31 2.1334844e+13 -2.7144830e-01 1.2673860e-02 3.2928554e-04 3.2928554e-12
1.6984907e+00 1.1984709e+01 4.2254608e+31 2.1054651e+13 -2.7141136e-01 1.2507745e-02 3.2496963e-04 3.2496963e-12
1.6985140e+00 1.1985939e+01 4.1558699e+31 2.0777943e+13 -2.7137442e-01 1.2343694e-02 3.2070733e-04 3.2070733e-12
1.6985370e+00 1.1987169e+01 4.0872081e+31 2.0503174e+13 -2.7133749e-01 1.2180771e-02 3.1647435e-04 3.1647435e-12
1.6985593e+00 1.1988372e+01 4.0209229e+31 2.0237915e+13 -2.7130137e-01 1.2023487e-02 3.1238788e-04 3.1238788e-12
1.6985809e+00 1.1989553e+01 3.9567315e+31 1.9981035e+13 -2.7126593e-01 1.1871172e-02 3.0843050e-04 3.0843050e-12
1.6986022e+00 1.1990734e+01 3.8933649e+31 1.9727457e+13 -2.7123049e-01 1.1720813e-02 3.0452396e-04 3.0452396e-12
1.6986232e+00 1.1991915e+01 3.8308139e+31 1.9475779e+13 -2.7119506e-01 1.1571568e-02 3.0064635e-04 3.0064635e-12
1.6986440e+00 1.1993096e+01 3.7690725e+31 1.9226687e+13 -2.7115964e-01 1.1423850e-02 2.9680841e-04 2.9680841e-12
1.6986645e+00 1.1994278e+01 3.7081305e+31 1.8980821e+13 -2.7112422e-01 1.1278044e-02 2.9302016e-04 2.9302016e-12
1.6986845e+00 1.1995446e+01 3.6486223e+31 1.8740739e+13 -2.7108919e-01 1.1135668e-02 2.8932104e-04 2.8932104e-12
1.6987037e+00 1.1996579e+01 3.5916917e+31 1.8510771e+13 -2.7105526e-01 1.0999288e-02 2.8577769e-04 2.8577769e-12
1.6987226e+00 1.1997711e+01 3.5354713e+31 1.8281907e+13 -2.7102133e-01 1.0863546e-02 2.8225091e-04 2.8225091e-12
1.6987414e+00 1.1998844e+01 3.4799546e+31 1.8055906e+13 -2.7098740e-01 1.0729503e-02 2.7876827e-04 2.7876827e-12
1.6987598e+00 1.1999977e+01 3.4251326e+31 1.7832734e+13 -2.7095348e-01 1.0597137e-02 2.7532920e-04 2.7532920e-12
1.6987781e+00 1.2001110e+01 3.3709966e+31 1.7612354e+13 -2.7091957e-01 1.0466427e-02 2.7193317e-04 2.7193317e-12
1.6987962e+00 1.2002242e+01 3.3175386e+31 1.7393663e+13 -2.7088566e-01 1.0336710e-02 2.6856294e-04 2.6856294e-12
1.6988133e+00 1.2003335e+01 3.2666517e+31 1.7184457e+13 -2.7085298e-01 1.0212611e-02 2.6533866e-04 2.6533866e-12
1.6988302e+00 1.2004419e+01 3.2167377e+31 1.6979251e+13 -2.7082053e-01 1.0090885e-02 2.6217603e-04 2.6217603e-12
1.6988469e+00 1.2005504e+01 3.1674270e+31 1.6776525e+13 -2.7078809e-01 9.9706295e-03 2.5905162e-04 2.5905162e-12
1.6988634e+00 1.2006588e+01 3.1187123e+31 1.6576249e+13 -2.7075566e-01 9.8518278e-03 2.5596498e-04 2.5596498e-12
1.6988796e+00 1.2007673e+01 3.0705880e+31 1.6376859e+13 -2.7072323e-01 9.7335395e-03 2.5289167e-04 2.5289167e-12
1.6988957e+00 1.2008758e+01 3.0230510e+31 1.6179316e+13 -2.7069080e-01 9.6163434e-03 2.4984674e-04 2.4984674e-12
1.6989114e+00 1.2009830e+01 2.9766269e+31 1.5986399e+13 -2.7065875e-01 9.5018911e-03 2.4687310e-04 2.4687310e-12
1.6989265e+00 1.2010867e+01 2.9322820e+31 1.5802122e+13 -2.7062777e-01 9.3925647e-03 2.4403264e-04 2.4403264e-12
1.6989413e+00 1.2011904e+01 2.8884546e+31 1.5619994e+13 -2.7059680e-01 9.2845140e-03 2.4122532e-04 2.4122532e-12
1.6989560e+00 1.2012942e+01 2.8451406e+31 1.5438194e+13 -2.7056583e-01 9.1766449e-03 2.3842272e-04 2.3842272e-12
1.6989705e+00 1.2013979e+01 2.8023376e+31 1.5258248e+13 -2.7053486e-01 9.0698747e-03 2.3564868e-04 2.3564868e-12
1.6989849e+00 1.2015016e+01 2.7600395e+31 1.5080426e+13 -2.7050390e-01 8.9643640e-03 2.3290736e-04 2.3290736e-12
1.6989991e+00 1.2016053e+01 2.7182404e+31 1.4904701e+13 -2.7047294e-01 8.8600979e-03 2.3019837e-04 2.3019837e-12
1.6990128e+00 1.2017068e+01 2.6778241e+31 1.4734789e+13 -2.7044266e-01 8.7592812e-03 2.2757900e-04 2.2757900e-12
1.6990260e+00 1.2018059e+01 2.6388496e+31 1.4569066e+13 -2.7041312e-01 8.6609377e-03 2.2502390e-04 2.2502390e-12
1.6990391e+00 1.2019049e+01 2.6003191e+31 1.4405052e+13 -2.7038358e-01 8.5636080e-03 2.2249513e-04 2.2249513e-12
1.6990521e+00 1.2020039e+01 2.5622277e+31 1.4242907e+13 -2.7035406e-01 8.4673871e-03 2.1999517e-04 2.1999517e-12
1.6990649e+00 1.2021030e+01 2.5245701e+31 1.4082609e+13 -2.7032453e-01 8.3722623e-03 2.1752369e-04 2.1752369e-12
1.6990775e+00 1.2022020e+01 2.4873415e+31 1.3924137e+13 -2.7029501e-01 8.2782211e-03 2.1508036e-04 2.1508036e-12
1.6990901e+00 1.2023011e+01 2.4505387e+31 1.3765770e+13 -2.7026549e-01 8.1842327e-03 2.1263840e-04 2.1263840e-12
1.6991022e+00 1.2023981e+01 2.4149316e+31 1.3612170e+13 -2.7023660e-01 8.0930713e-03 2.1026989e-04 2.1026989e-12
1.6991139e+00 1.2024925e+01 2.3806388e+31 1.3464240e+13 -2.7020848e-01 8.0052749e-03 2.0798881e-04 2.0798881e-12
1.6991254e+00 1.2025869e+01 2.3467230e+31 1.3317936e+13 -2.7018035e-01 7.9184438e-03 2.0573282e-04 2.0573282e-12
1.6991368e+00 1.2026814e+01 2.3131802e+31 1.3173241e+13 -2.7015223e-01 7.8325676e-03 2.0350163e-04 2.0350163e-12
1.6991482e+00 1.2027759e+01 2.2800072e+31 1.3028923e+13 -2.7012411e-01 7.7469081e-03 2.0127607e-04 2.0127607e-12
1.6991593e+00 1.2028703e+01 2.2472035e+31 1.2885402e+13 -2.7009600e-01 7.6617184e-03 1.9906271e-04 1.9906271e-12
1.6991704e+00 1.2029648e+01 2.2147654e+31 1.2743481e+13 -2.7006789e-01 7.5774781e-03 1.9687402e-04 1.9687402e-12
1.6991813e+00 1.2030586e+01 2.1829220e+31 1.2604162e+13 -2.7003998e-01 7.4947822e-03 1.9472546e-04 1.9472546e-12
1.6991916e+00 1.2031486e+01 2.1527103e+31 1.2471982e+13 -2.7001322e-01 7.4163236e-03 1.9268699e-04 1.9268699e-12
1.6992018e+00 1.2032385e+01 2.1228193e+31 1.2340616e+13 -2.6998647e-01 7.3383458e-03 1.9066101e-04 1.9066101e-12
1.6992119e+00 1.2033285e+01 2.0932491e+31 1.2209295e+13 -2.6995971e-01 7.2603876e-03 1.8863554e-04 1.8863554e-12
1.6992219e+00 1.2034185e+01 2.0639972e+31 1.2079387e+13 -2.6993297e-01 7.1832687e-03 1.8663188e-04 1.8663188e-12
1.6992318e+00 1.2035085e+01 2.0350602e+31 1.1950878e+13 -2.6990622e-01 7.1069800e-03 1.8464979e-04 1.8464979e-12
1.6992416e+00 1.2035985e+01 2.0064346e+31 1.1823752e+13 -2.6987948e-01 7.0315124e-03 1.8268903e-04 1.8268903e-12
1.6992513e+00 1.2036885e+01 1.9781172e+31 1.1697994e+13 -2.6985274e-01 6.9568571e-03 1.8074937e-04 1.8074937e-12
1.6992606e+00 1.2037763e+01 1.9508003e+31 1.1574945e+13 -2.6982667e-01 6.8838018e-03 1.7885129e-04 1.7885129e-12
1.6992697e+00 1.2038619e+01 1.9244310e+31 1.1455982e+13 -2.6980123e-01 6.8131717e-03 1.7701622e-04 1.7701622e-12
1.6992786e+00 1.2039476e+01 1.8983359e+31 1.1338255e+13 -2.6977581e-01 6.7432760e-03 1.7520022e-04 1.7520022e-12
1.6992875e+00 1.2040332e+01 1.8725120e+31 1.1221753e+13 -2.6975038e-01 6.6741069e-03 1.7340311e-04 1.7340311e-12
1.6992962e+00 1.2041189e+01 1.8469566e+31 1.1106461e+13 -2.6972496e-01 6.6056567e-03 1.7162467e-04 1.7162467e-12
1.6993049e+00 1.2042046e+01 1.8216671e+31 1.0991730e+13 -2.6969954e-01 6.5375365e-03 1.6985481e-04 1.6985481e-12
1.6993135e+00 1.2042902e+01 1.7966437e+31 1.0876960e+13 -2.6967412e-01 6.4693882e-03 1.6808422e-04 1.6808422e-12
1.6993220e+00 1.2043759e+01 1.7718845e+31 1.0763403e+13 -2.6964871e-01 6.4019596e-03 1.6633232e-04 1.6633232e-12
1.6993302e+00 1.2044596e+01 1.7479432e+31 1.0653596e+13 -2.6962388e-01 6.3367581e-03 1.6463829e-04 1.6463829e-12
1.6993381e+00 1.2045411e+01 1.7248898e+31 1.0547862e+13 -2.6959972e-01 6.2739749e-03 1.6300709e-04 1.6300709e-12
1.6993459e+00 1.2046225e+01 1.7020678e+31 1.0443189e+13 -2.6957557e-01 6.2118220e-03 1.6139227e-04 1.6139227e-12
1.6993537e+00 1.2047040e+01 1.6794759e+31 1.0338307e+13 -2.6955143e-01 6.1495399e-03 1.5977409e-04 1.5977409e-12
1.6993614e+00 1.2047855e+01 1.6571144e+31 1.0233962e+13 -2.6952728e-01 6.0875744e-03 1.5816413e-04 1.5816413e-12
1.6993690e+00 1.2048669e+01 1.6349812e+31 1.0130682e+13 -2.6950314e-01 6.0262415e-03 1.5657061e-04 1.5657061e-12
1.6993765e+00 1.2049484e+01 1.6130738e+31 1.0028455e+13 -2.6947900e-01 5.9655345e-03 1.5499335e-04 1.5499335e-12
1.6993840e+00 1.2050299e+01 1.5913900e+31 9.9272726e+12 -2.6945486e-01 5.9054470e-03 1.5343219e-04 1.5343219e-12
1.6993914e+00 1.2051114e+01 1.5699275e+31 9.8270997e+12 -2.6943073e-01 5.8459592e-03 1.5188661e-04 1.5188661e-12
1.6993983e+00 1.2051892e+01 1.5496552e+31 9.7307878e+12 -2.6940770e-01 5.7887579e-03 1.5040044e-04 1.5040044e-12
1.6994052e+00 1.2052666e+01 1.5296683e+31 9.6358319e+12 -2.6938478e-01 5.7323620e-03 1.4893519e-04 1.4893519e-12
1.6994120e+00 1.2053440e+01 1.5098786e+31 9.5418129e+12 -2.6936185e-01 5.6765225e-03 1.4748440e-04 1.4748440e-12
1.6994188e+00 1.2054215e+01 1.4902842e+31 9.4487214e+12 -2.6933893e-01 5.6212339e-03 1.4604792e-04 1.4604792e-12
1.6994255e+00 1.2054989e+01 1.4708830e+31 9.3565484e+12 -2.6931602e-01 5.5664907e-03 1.4462561e-04 1.4462561e-12
1.6994321e+00 1.2055764e+01 1.4516733e+31 9.2650596e+12 -2.6929310e-01 5.5121532e-03 1.4321385e-04 1.4321385e-12
1.6994387e+00 1.2056538e+01 1.4326552e+31 9.1730037e+12 -2.6927019e-01 5.4574736e-03 1.4179319e-04 1.4179319e-12
1.6994452e+00 1.2057313e+01 1.4138281e+31 9.0818725e+12 -2.6924728e-01 5.4033433e-03 1.4038681e-04 1.4038681e-12
1.6994516e+00 1.2058088e+01 1.3951901e+31 8.9916567e+12 -2.6922437e-01 5.3497567e-03 1.3899455e-04 1.3899455e-12
1.6994577e+00 1.2058833e+01 1.3774515e+31 8.9057942e+12 -2.6920235e-01 5.2987559e-03 1.3766947e-04 1.3766947e-12
1.6994637e+00 1.2059568e+01 1.3600944e+31 8.8217781e+12 -2.6918060e-01 5.2488519e-03 1.3637289e-04 1.3637289e-12
1.6994696e+00 1.2060304e+01 1.3429028e+31 8.7382034e+12 -2.6915885e-01 5.1992088e-03 1.3508309e-04 1.3508309e-12
1.6994755e+00 1.2061040e+01 1.3258775e+31 8.6541838e+12 -2.6913710e-01 5.1492973e-03 1.3378632e-04 1.3378632e-12
1.6994813e+00 1.2061776e+01 1.3090175e+31 8.5709807e+12 -2.6911536e-01 5.0998708e-03 1.3250214e-04 1.3250214e-12
1.6994871e+00 1.2062512e+01 1.2923215e+31 8.4885862e+12 -2.6909362e-01 5.0509247e-03 1.3123045e-04 1.3123045e-12
1.6994928e+00 1.2063248e+01 1.2757876e+31 8.4069923e+12 -2.6907188e-01 5.0024542e-03 1.2997111e-04 1.2997111e-12
1.6994985e+00 1.2063984e+01 1.2594145e+31 8.3261912e+12 -2.6905014e-01 4.9544546e-03 1.2872401e-04 1.2872401e-12
1.6995041e+00 1.2064720e+01 1.2432005e+31 8.2457765e+12 -2.6902840e-01 4.9066833e-03 1.2748284e-04 1.2748284e-12
1.6995097e+00 1.2065456e+01 1.2271462e+31 8.1649495e+12 -2.6900667e-01 4.8586632e-03 1.2623521e-04 1.2623521e-12
1.6995149e+00 1.2066160e+01 1.2119551e+31 8.0884687e+12 -2.6898591e-01 4.8132252e-03 1.2505467e-04 1.2505467e-12
1.6995201e+00 1.2066858e+01 1.1970156e+31 8.0132543e+12 -2.6896529e-01 4.7685397e-03 1.2389367e-04 1.2389367e-12
1.6995252e+00 1.2067557e+01 1.1822165e+31 7.9387468e+12 -2.6894468e-01 4.7242741e-03 1.2274359e-04 1.2274359e-12
1.6995303e+00 1.2068255e+01 1.1675565e+31 7.8649395e+12 -2.6892407e-01 4.6804244e-03 1.2160431e-04 1.2160431e-12
1.6995353e+00 1.2068954e+01 1.1530342e+31 7.7916047e+12 -2.6890347e-01 4.6368549e-03 1.2047231e-04 1.2047231e-12
1.6995403e+00 1.2069652e+01 1.1386502e+31 7.7176788e+12 -2.6888286e-01 4.5929303e-03 1.1933109e-04 1.1933109e-12
1.6995452e+00 1.2070351e+01 1.1244041e+31 7.6444618e+12 -2.6886226e-01 4.5494269e-03 1.1820080e-04 1.1820080e-12
1.6995501e+00 1.2071050e+01 1.1102945e+31 7.5719465e+12 -2.6884166e-01 4.5063404e-03 1.1708135e-04 1.1708135e-12
1.6995550e+00 1.2071748e+01 1.0963201e+31 7.5001263e+12 -2.6882106e-01 4.4636669e-03 1.1597263e-04 1.1597263e-12
1.6995598e+00 1.2072447e+01 1.0824797e+31 7.4289943e+12 -2.6880046e-01 4.4214023e-03 1.1487453e-04 1.1487453e-12
1.6995645e+00 1.2073146e+01 1.0687719e+31 7.3584075e+12 -2.6877987e-01 4.3794613e-03 1.1378484e-04 1.1378484e-12
1.6995690e+00 1.2073806e+01 1.0559401e+31 7.2910461e+12 -2.6876041e-01 4.3394330e-03 1.1274485e-04 1.1274485e-12
1.6995734e+00 1.2074466e+01 1.0432343e+31 7.2243466e+12 -2.6874096e-01 4.2997980e-03 1.1171507e-04 1.1171507e-12
1.6995778e+00 1.2075126e+01 1.0306460e+31 7.1582634e+12 -2.6872151e-01 4.2605292e-03 1.1069481e-04 1.1069481e-12
1.6995821e+00 1.2075786e+01 1.0181740e+31 7.0927908e+12 -2.6870207e-01 4.2216233e-03 1.0968398e-04 1.0968398e-12
1.6995864e+00 1.2076446e+01 1.0058172e+31 7.0279232e+12 -2.6868263e-01 4.1830769e-03 1.0868249e-04 1.0868249e-12
1.6995907e+00 1.2077107e+01 9.9357465e+30 6.9636550e+12 -2.6866319e-01 4.1448866e-03 1.0769025e-04 1.0769025e-12
1.6995949e+00 1.2077767e+01 9.8144598e+30 6.8988416e+12 -2.6864375e-01 4.1063693e-03 1.0668951e-04 1.0668951e-12
1.6995991e+00 1.2078427e+01 9.6943174e+30 6.8343841e+12 -2.6862431e-01 4.0680627e-03 1.0569425e-04 1.0569425e-12
1.6996032e+00 1.2079087e+01 9.5753087e+30 6.7705348e+12 -2.6860488e-01 4.0301176e-03 1.0470838e-04 1.0470838e-12
1.6996073e+00 1.2079748e+01 9.4574229e+30 6.7072879e+12 -2.6858544e-01 3.9925305e-03 1.0373181e-04 1.0373181e-12
1.6996114e+00 1.2080408e+01 9.3406494e+30 6.6446378e+12 -2.6856601e-01 3.9552981e-03 1.0276446e-04 1.0276446e-12
1.6996154e+00 1.2081068e+01 9.2249775e+30 6.5825788e+12 -2.6854658e-01 3.9184169e-03 1.0180623e-04 1.0180623e-12
1.6996192e+00 1.2081696e+01 9.1160743e+30 6.5232953e+12 -2.6852812e-01 3.8831829e-03 1.0089080e-04 1.0089080e-12
1.6996229e+00 1.2082315e+01 9.0097281e+30 6.4649525e+12 -2.6850993e-01 3.8485068e-03 9.9989863e-05 9.9989863e-13
1.6996266e+00 1.2082933e+01 8.9043422e+30 6.4071366e+12 -2.6849174e-01 3.8141438e-03 9.9097064e-05 9.9097064e-13
1.6996302e+00 1.2083552e+01 8.7999080e+30 6.3498428e+12 -2.6847355e-01 3.7800912e-03 9.8212326e-05 9.8212326e-13
1.6996338e+00 1.2084170e+01 8.6964168e+30 6.2930663e+12 -2.6845536e-01 3.7463460e-03 9.7335578e-05 9.7335578e-13
1.6996374e+00 1.2084789e+01 8.5938601e+30 6.2368026e+12 -2.6843717e-01 3.7129056e-03 9.6466747e-05 9.6466747e-13
1.6996409e+00 1.2085408e+01 8.4922299e+30 6.1807453e+12 -2.6841899e-01 3.6795871e-03 9.5601083e-05 9.5601083e-13
1.6996445e+00 1.2086026e+01 8.3915320e+30 6.1242264e+12 -2.6840080e-01 3.6459917e-03 9.4728226e-05 9.4728226e-13
1.6996479e+00 1.2086645e+01 8.2917638e+30 6.0682293e+12 -2.6838262e-01 3.6127065e-03 9.3863428e-05 9.3863428e-13
1.6996514e+00 1.2087264e+01 8.1929164e+30 6.0127491e+12 -2.6836444e-01 3.5797286e-03 9.3006612e-05 9.3006612e-13
1.6996548e+00 1.2087883e+01 8.0949815e+30 5.9577810e+12 -2.6834626e-01 3.5470550e-03 9.2157705e-05 9.2157705e-13
1.6996582e+00 1.2088501e+01 7.9979506e+30 5.9033203e+12 -2.6832809e-01 3.5146830e-03 9.1316633e-05 9.1316633e-13
1.6996615e+00 1.2089120e+01 7.9018153e+30 5.8493623e+12 -2.6830991e-01 3.4826099e-03 9.0483326e-05 9.0483326e-13
1.6996649e+00 1.2089739e+01 7.8065764e+30 5.7947083e+12 -2.6829174e-01 3.4501201e-03 8.9639193e-05 8.9639193e-13
1.6996682e+00 1.2090372e+01 7.7101253e+30 5.7392973e+12 -2.6827316e-01 3.4171801e-03 8.8783363e-05 8.8783363e-13
1.6996716e+00 1.2091014e+01 7.6132925e+30 5.6836670e+12 -2.6825432e-01 3.3841097e-03 8.7924146e-05 8.7924146e-13
1.6996750e+00 1.2091655e+01 7.5174071e+30 5.6285810e+12 -2.6823549e-01 3.3513629e-03 8.7073336e-05 8.7073336e-13
1.6996783e+00 1.2092297e+01 7.4224598e+30 5.5740340e+12 -2.6821665e-01 3.3189365e-03 8.6230850e-05 8.6230850e-13
1.6996816e+00 1.2092939e+01 7.3284414e+30 5.5200205e+12 -2.6819782e-01 3.2868273e-03 8.5396606e-05 8.5396606e-13
1.6996848e+00 1.2093580e+01 7.2353530e+30 5.4652830e+12 -2.6817899e-01 3.2542846e-03 8.4551098e-05 8.4551098e-13
1.6996881e+00 1.2094222e+01 7.1431965e+30 5.4110675e+12 -2.6816017e-01 3.2220521e-03 8.3713652e-05 8.3713652e-13
1.6996913e+00 1.2094864e+01 7.0519626e+30 5.3573947e+12 -2.6814134e-01 3.1901423e-03 8.2884589e-05 8.2884589e-13
1.6996944e+00 1.2095506e+01 6.9616419e+30 5.3042592e+12 -2.6812252e-01 3.1585520e-03 8.2063825e-05 8.2063825e-13
1.6996976e+00 1.2096148e+01 6.8722253e+30 5.2516555e+12 -2.6810369e-01 3.1272778e-03 8.1251277e-05 8.1251277e-13
1.6997007e+00 1.2096790e+01 6.7837041e+30 5.1993373e+12 -2.6808487e-01 3.0961728e-03 8.0443123e-05 8.0443123e-13
1.6997037e+00 1.2097431e+01 6.6960829e+30 5.1465298e+12 -2.6806605e-01 3.0647745e-03 7.9627349e-05 7.9627349e-13
1.6997068e+00 1.2098073e+01 6.6093597e+30 5.0942636e+12 -2.6804723e-01 3.0336981e-03 7.8819937e-05 7.8819937e-13
1.6997098e+00 1.2098715e+01 6.5235251e+30 5.0425329e+12 -2.6802842e-01 3.0029401e-03 7.8020798e-05 7.8020798e-13
1.6997128e+00 1.2099358e+01 6.4385700e+30 4.9913322e+12 -2.6800960e-01 2.9724972e-03 7.7229847e-05 7.7229847e-13
1.6997162e+00 1.2100098e+01 6.3416573e+30 4.9329250e+12 -2.6798790e-01 2.9377694e-03 7.6327568e-05 7.6327568e-13
1.6997205e+00 1.2101053e+01 6.2184659e+30 4.8572240e+12 -2.6795994e-01 2.8927557e-03 7.5158047e-05 7.5158047e-13
1.6997247e+00 1.2102007e+01 6.0971895e+30 4.7823186e+12 -2.6793199e-01 2.8482142e-03 7.4000794e-05 7.4000794e-13
1.6997289e+00 1.2102962e+01 5.9777997e+30 4.7085783e+12 -2.6790403e-01 2.8043656e-03 7.2861543e-05 7.2861543e-13
1.6997331e+00 1.2103917e+01 5.8602670e+30 4.6358441e+12 -2.6787608e-01 2.7611149e-03 7.1737826e-05 7.1737826e-13
1.6997371e+00 1.2104871e+01 5.7445879e+30 4.5625971e+12 -2.6784813e-01 2.7175555e-03 7.0606090e-05 7.0606090e-13
1.6997411e+00 1.2105826e+01 5.6307522e+30 4.4905173e+12 -2.6782019e-01 2.6746903e-03 6.9492388e-05 6.9492388e-13
1.6997451e+00 1.2106781e+01 5.5187300e+30 4.4195858e+12 -2.6779225e-01 2.6325080e-03 6.8396429e-05 6.8396429e-13
1.6997489e+00 1.2107736e+01 5.4084971e+30 4.3489840e+12 -2.6776432e-01 2.5905200e-03 6.7305518e-05 6.7305518e-13
1.6997528e+00 1.2108692e+01 5.3000572e+30 4.2785711e+12 -2.6773639e-01 2.5486422e-03 6.6217472e-05 6.6217472e-13
1.6997565e+00 1.2109647e+01 5.1933875e+30 4.2093077e+12 -2.6770846e-01 2.5074480e-03 6.5147188e-05 6.5147188e-13
1.6997603e+00 1.2110627e+01 5.0857114e+30 4.1393908e+12 -2.6767979e-01 2.4658653e-03 6.4066806e-05 6.4066806e-13
1.6997655e+00 1.2112004e+01 4.9376530e+30 4.0408746e+12 -2.6763957e-01 2.4072680e-03 6.2544364e-05 6.2544364e-13
1.6997706e+00 1.2113380e+01 4.7931497e+30 3.9446294e+12 -2.6759936e-01 2.3500213e-03 6.1057011e-05 6.1057011e-13
1.6997756e+00 1.2114757e+01 4.6521297e+30 3.8493281e+12 -2.6755915e-01 2.2933332e-03 5.9584169e-05 5.9584169e-13
1.6997805e+00 1.2116134e+01 4.5145727e+30 3.7553311e+12 -2.6751895e-01 2.2374187e-03 5.8131428e-05 5.8131428e-13
1.6997852e+00 1.2117511e+01 4.3804031e+30 3.6630960e+12 -2.6747875e-01 2.1825511e-03 5.6705886e-05 5.6705886e-13
1.6997898e+00 1.2118888e+01 4.2495942e+30 3.5713751e+12 -2.6743857e-01 2.1279857e-03 5.5288196e-05 5.5288196e-13
1.6997943e+00 1.2120265e+01 4.1220854e+30 3.4819683e+12 -2.6739839e-01 2.0747968e-03 5.3906272e-05 5.3906272e-13
1.6997987e+00 1.2121651e+01 3.9970570e+30 3.3920996e+12 -2.6735797e-01 2.0213287e-03 5.2517091e-05 5.2517091e-13
1.6998037e+00 1.2123260e+01 3.8560182e+30 3.2906110e+12 -2.6731106e-01 1.9609469e-03 5.0948284e-05 5.0948284e-13
1.6998086e+00 1.2124869e+01 3.7192765e+30 3.1898234e+12 -2.6726416e-01 1.9009773e-03 4.9390185e-05 4.9390185e-13
1.6998133e+00 1.2126479e+01 3.5867607e+30 3.0917741e+12 -2.6721728e-01 1.8426362e-03 4.7874398e-05 4.7874398e-13
1.6998178e+00 1.2128089e+01 3.4583993e+30 2.9944864e+12 -2.6717040e-01 1.7847435e-03 4.6370260e-05 4.6370260e-13
1.6998222e+00 1.2129698e+01 3.3341087e+30 2.8996285e+12 -2.6712354e-01 1.7282953e-03 4.4903653e-05 4.4903653e-13
1.6998265e+00 1.2131309e+01 3.2138288e+30 2.8060739e+12 -2.6707668e-01 1.6726192e-03 4.3457105e-05 4.3457105e-13
1.6998307e+00 1.2132933e+01 3.0964605e+30 2.7135708e+12 -2.6702942e-01 1.6175662e-03 4.2026749e-05 4.2026749e-13
1.6998348e+00 1.2134614e+01 2.9791954e+30 2.6199787e+12 -2.6698055e-01 1.5618627e-03 4.0579491e-05 4.0579491e-13
1.6998389e+00 1.2136294e+01 2.8660382e+30 2.5276748e+12 -2.6693170e-01 1.5069219e-03 3.9152046e-05 3.9152046e-13
1.6998427e+00 1.2137975e+01 2.7569098e+30 2.4377537e+12 -2.6688285e-01 1.4533975e-03 3.7761403e-05 3.7761403e-13
1.6998465e+00 1.2139657e+01 2.6517332e+30 2.3494185e+12 -2.6683401e-01 1.4008135e-03 3.6395193e-05 3.6395193e-13
1.6998501e+00 1.2141338e+01 2.5504134e+30 2.2628497e+12 -2.6678519e-01 1.3492779e-03 3.5056223e-05 3.5056223e-13
1.6998536e+00 1.2143020e+01 2.4528748e+30 2.1785167e+12 -2.6673638e-01 1.2990711e-03 3.3751780e-05 3.3751780e-13
1.6998569e+00 1.2144692e+01 2.3595710e+30 2.0961483e+12 -2.6668786e-01 1.2500305e-03 3.2477631e-05 3.2477631e-13
1.6998601e+00 1.2146361e+01 2.2699995e+30 2.0157908e+12 -2.6663945e-01 1.2021843e-03 3.1234515e-05 3.1234515e-13
1.6998632e+00 1.2148030e+01 2.1839056e+30 1.9375451e+12 -2.6659104e-01 1.1555932e-03 3.0024012e-05 3.0024012e-13
1.6998661e+00 1.2149700e+01 2.1012099e+30 1.8609301e+12 -2.6654265e-01 1.1099700e-03 2.8838652e-05 2.8838652e-13
1.6998690e+00 1.2151370e+01 2.0218242e+30 1.7860483e+12 -2.6649427e-01 1.0653757e-03 2.7680027e-05 2.7680027e-13
1.6998717e+00 1.2153040e+01 1.9456698e+30 1.7132073e+12 -2.6644590e-01 1.0219946e-03 2.6552922e-05 2.6552922e-13
1.6998743e+00 1.2154694e+01 1.8733723e+30 1.6430457e+12 -2.6639802e-01 9.8020678e-04 2.5467214e-05 2.5467214e-13
1.6998767e+00 1.2156322e+01 1.8051633e+30 1.5753620e+12 -2.6635091e-01 9.3989127e-04 2.4419757e-05 2.4419757e-13
1.6998791e+00 1.2157950e+01 1.7397902e+30 1.5095993e+12 -2.6630381e-01 9.0071778e-04 2.3401972e-05 2.3401972e-13
1.6998813e+00 1.2159578e+01 1.6771794e+30 1.4457142e+12 -2.6625672e-01 8.6266052e-04 2.2413189e-05 2.2413189e-13
1.6998835e+00 1.2161206e+01 1.6172564e+30 1.3836247e+12 -2.6620965e-01 8.2567053e-04 2.1452135e-05 2.1452135e-13
1.6998856e+00 1.2162835e+01 1.5599433e+30 1.3230421e+12 -2.6616258e-01 7.8957515e-04 2.0514324e-05 2.0514324e-13
1.6998875e+00 1.2164464e+01 1.5051642e+30 1.2643035e+12 -2.6611553e-01 7.5457621e-04 1.9605000e-05 1.9605000e-13
1.6998894e+00 1.2166048e+01 1.4542457e+30 1.2089178e+12 -2.6606977e-01 7.2157292e-04 1.8747526e-05 1.8747526e-13
1.6998911e+00 1.2167632e+01 1.4056267e+30 1.1552759e+12 -2.6602406e-01 6.8960658e-04 1.7916993e-05 1.7916993e-13
1.6998928e+00 1.2169215e+01 1.3591942e+30 1.1031764e+12 -2.6597837e-01 6.5855696e-04 1.7110278e-05 1.7110278e-13
1.6998944e+00 1.2170799e+01 1.3148791e+30 1.0526288e+12 -2.6593268e-01 6.2842980e-04 1.6327530e-05 1.6327530e-13
1.6998959e+00 1.2172383e+01 1.2726150e+30 1.0037196e+12 -2.6588700e-01 5.9927709e-04 1.5570100e-05 1.5570100e-13
1.6998973e+00 1.2173967e+01 1.2323363e+30 9.5640890e+11 -2.6584134e-01 5.7107515e-04 1.4837372e-05 1.4837372e-13
1.6998987e+00 1.2175532e+01 1.1944341e+30 9.1120600e+11 -2.6579624e-01 5.4412764e-04 1.4137237e-05 1.4137237e-13
1.6999000e+00 1.2177077e+01 1.1587958e+30 8.6803741e+11 -2.6575172e-01 5.1839094e-04 1.3468559e-05 1.3468559e-13
1.6999012e+00 1.2178623e+01 1.1248679e+30 8.2618192e+11 -2.6570722e-01 4.9343493e-04 1.2820165e-05 1.2820165e-13
1.6999024e+00 1.2180168e+01 1.0925944e+30 7.8565820e+11 -2.6566272e-01 4.6927097e-04 1.2192350e-05 1.2192350e-13
1.6999035e+00 1.2181714e+01 1.0619208e+30 7.4649918e+11 -2.6561823e-01 4.4591889e-04 1.1585629e-05 1.1585629e-13
1.6999046e+00 1.2183260e+01 1.0327922e+30 7.0873183e+11 -2.6557376e-01 4.2339487e-04 1.1000421e-05 1.1000421e-13
1.6999056e+00 1.2184807e+01 1.0051516e+30 6.7246547e+11 -2.6552929e-01 4.0176420e-04 1.0438425e-05 1.0438425e-13
1.6999065e+00 1.2186323e+01 9.7943030e+29 6.3858927e+11 -2.6548569e-01 3.8155740e-04 9.9134225e-06 9.9134225e-14
1.6999074e+00 1.2187838e+01 9.5502368e+29 6.0675881e+11 -2.6544214e-01 3.6256929e-04 9.4200833e-06 9.4200833e-14
1.6999082e+00 1.2189354e+01 9.3182197e+29 5.7734546e+11 -2.6539860e-01 3.4502165e-04 8.9641698e-06 8.9641698e-14
1.6999090e+00 1.2190870e+01 9.0971563e+29 5.5080745e+11 -2.6535506e-01 3.2918810e-04 8.5527910e-06 8.5527910e-14
1.6999098e+00 1.2192386e+01 8.8858730e+29 5.2777479e+11 -2.6531154e-01 3.1544477e-04 8.1957191e-06 8.1957191e-14
1.6999105e+00 1.2193902e+01 8.6832119e+29 5.0748660e+11 -2.6526802e-01 3.0333833e-04 7.8811759e-06 7.8811759e-14
1.6999112e+00 1.2195408e+01 8.4892986e+29 4.8932407e+11 -2.6522481e-01 2.9249982e-04 7.5995753e-06 7.5995753e-14
1.6999119e+00 1.2196900e+01 8.3036583e+29 4.7447491e+11 -2.6518203e-01 2.8363773e-04 7.3693252e-06 7.3693252e-14
1.6999126e+00 1.2198392e+01 8.1236585e+29 4.6033579e+11 -2.6513925e-01 2.7519930e-04 7.1500824e-06 7.1500824e-14
1.6999132e+00 1.2199884e+01 7.9486688e+29 4.4844024e+11 -2.6509648e-01 2.6809924e-04 6.9656125e-06 6.9656125e-14
1.6999138e+00 1.2201376e+01 7.7782342e+29 4.3685435e+11 -2.6505372e-01 2.6118401e-04 6.7859446e-06 6.7859446e-14
1.6999144e+00 1.2202869e+01 7.6120180e+29 4.2682946e+11 -2.6501097e-01 2.5519997e-04 6.6304705e-06 6.6304705e-14
1.6999150e+00 1.2204361e+01 7.4495940e+29 4.1718739e+11 -2.6496823e-01 2.4944438e-04 6.4809318e-06 6.4809318e-14
1.6999156e+00 1.2205836e+01 7.2927546e+29 4.0819762e+11 -2.6492602e-01 2.4407799e-04 6.3415050e-06 6.3415050e-14
1.6999162e+00 1.2207308e+01 7.1394613e+29 3.9998053e+11 -2.6488389e-01 2.3917252e-04 6.2140537e-06 6.2140537e-14
1.6999167e+00 1.2208781e+01 6.9892842e+29 3.9193047e+11 -2.6484177e-01 2.3436677e-04 6.0891933e-06 6.0891933e-14
1.6999172e+00 1.2210253e+01 6.8421337e+29 3.8430713e+11 -2.6479967e-01 2.2981554e-04 5.9709456e-06 5.9709456e-14
1.6999178e+00 1.2211726e+01 6.6978062e+29 3.7707175e+11 -2.6475756e-01 2.2549572e-04 5.8587104e-06 5.8587104e-14
1.6999183e+00 1.2213199e+01 6.5562252e+29 3.6997406e+11 -2.6471547e-01 2.2125811e-04 5.7486109e-06 5.7486109e-14
1.6999188e+00 1.2214665e+01 6.4179358e+29 3.6315992e+11 -2.6467357e-01 2.1718960e-04 5.6429050e-06 5.6429050e-14
1.6999193e+00 1.2216120e+01 6.2833193e+29 3.5665230e+11 -2.6463204e-01 2.1330389e-04 5.5419487e-06 5.5419487e-14
1.6999198e+00 1.2217574e+01 6.1511422e+29 3.5026261e+11 -2.6459051e-01 2.0948861e-04 5.4428220e-06 5.4428220e-14
1.6999203e+00 1.2219029e+01 6.0213586e+29 3.4401235e+11 -2.6454899e-01 2.0575647e-04 5.3458556e-06 5.3458556e-14
1.6999207e+00 1.2220484e+01 5.8939038e+29 3.3793086e+11 -2.6450748e-01 2.0212485e-04 5.2515009e-06 5.2515009e-14
1.6999212e+00 1.2221939e+01 5.7687279e+29 3.3195811e+11 -2.6446598e-01 1.9855817e-04 5.1588334e-06 5.1588334e-14
1.6999216e+00 1.2223394e+01 5.6457900e+29 3.2609127e+11 -2.6442448e-01 1.9505472e-04 5.0678085e-06 5.0678085e-14
1.6999221e+00 1.2224834e+01 5.5263353e+29 3.2037642e+11 -2.6438344e-01 1.9164171e-04 4.9791336e-06 4.9791336e-14
1.6999225e+00 1.2226271e+01 5.4092145e+29 3.1477324e+11 -2.6434248e-01 1.8829540e-04 4.8921914e-06 4.8921914e-14
1.6999229e+00 1.2227709e+01 5.2941657e+29 3.0926918e+11 -2.6430154e-01 1.8500828e-04 4.8067872e-06 4.8067872e-14
1.6999233e+00 1.2229146e+01 5.1811591e+29 3.0381182e+11 -2.6426059e-01 1.8174880e-04 4.7221010e-06 4.7221010e-14
1.6999238e+00 1.2230584e+01 5.0701737e+29 2.9843857e+11 -2.6421966e-01 1.7853948e-04 4.6387183e-06 4.6387183e-14
1.6999242e+00 1.2232022e+01 4.9611735e+29 2.9316143e+11 -2.6417874e-01 1.7538757e-04 4.5568270e-06 4.5568270e-14
1.6999245e+00 1.2233453e+01 4.8546731e+29 2.8795833e+11 -2.6413803e-01 1.7227971e-04 4.4760802e-06 4.4760802e-14
1.6999249e+00 1.2234872e+01 4.7509044e+29 2.8285127e+11 -2.6409765e-01 1.6922909e-04 4.3968206e-06 4.3968206e-14
1.6999253e+00 1.2236292e+01 4.6489965e+29 2.7783581e+11 -2.6405728e-01 1.6623318e-04 4.3189825e-06 4.3189825e-14
1.6999257e+00 1.2237712e+01 4.5489176e+29 2.7288117e+11 -2.6401692e-01 1.6327351e-04 4.2420858e-06 4.2420858e-14
1.6999260e+00 1.2239133e+01 4.4506573e+29 2.6795832e+11 -2.6397656e-01 1.6033262e-04 4.1656773e-06 4.1656773e-14
1.6999264e+00 1.2240553e+01 4.3541890e+29 2.6312525e+11 -2.6393621e-01 1.5744537e-04 4.0906623e-06 4.0906623e-14
1.6999267e+00 1.2241973e+01 4.2594805e+29 2.5836703e+11 -2.6389587e-01 1.5460280e-04 4.0168081e-06 4.0168081e-14
1.6999271e+00 1.2243375e+01 4.1677486e+29 2.5369072e+11 -2.6385608e-01 1.5180893e-04 3.9442191e-06 3.9442191e-14
1.6999274e+00 1.2244777e+01 4.0777176e+29 2.4910113e+11 -2.6381630e-01 1.4906686e-04 3.8729762e-06 3.8729762e-14
1.6999277e+00 1.2246178e+01 3.9893330e+29 2.4459525e+11 -2.6377654e-01 1.4637481e-04 3.8030328e-06 3.8030328e-14
1.6999281e+00 1.2247580e+01 3.9025771e+29 2.4010121e+11 -2.6373678e-01 1.4368956e-04 3.7332661e-06 3.7332661e-14
1.6999284e+00 1.2248982e+01 3.8174321e+29 2.3569061e+11 -2.6369703e-01 1.4105418e-04 3.6647949e-06 3.6647949e-14
1.6999287e+00 1.2250384e+01 3.7338677e+29 2.3136189e+11 -2.6365728e-01 1.3846772e-04 3.5975948e-06 3.5975948e-14
1.6999290e+00 1.2251774e+01 3.6525728e+29 2.2709669e+11 -2.6361789e-01 1.3591899e-04 3.5313750e-06 3.5313750e-14
1.6999293e+00 1.2253157e+01 3.5732546e+29 2.2292857e+11 -2.6357874e-01 1.3342824e-04 3.4666618e-06 3.4666618e-14
1.6999296e+00 1.2254539e+01 3.4954074e+29 2.1883775e+11 -2.6353959e-01 1.3098368e-04 3.4031486e-06 3.4031486e-14
1.6999299e+00 1.2255921e+01 3.4190091e+29 2.1478320e+11 -2.6350046e-01 1.2856061e-04 3.3401937e-06 3.3401937e-14
1.6999301e+00 1.2257304e+01 3.3440444e+29 2.1079353e+11 -2.6346133e-01 1.2617627e-04 3.2782450e-06 3.2782450e-14
1.6999304e+00 1.2258687e+01 3.2704866e+29 2.0687873e+11 -2.6342220e-01 1.2383667e-04 3.2174588e-06 3.2174588e-14
1.6999307e+00 1.2260064e+01 3.1985982e+29 2.0302259e+11 -2.6338324e-01 1.2153196e-04 3.1575791e-06 3.1575791e-14
1.6999310e+00 1.2261426e+01 3.1288721e+29 1.9926975e+11 -2.6334474e-01 1.1928894e-04 3.0993019e-06 3.0993019e-14
1.6999312e+00 1.2262788e+01 3.0604479e+29 1.9558700e+11 -2.6330624e-01 1.1708780e-04 3.0421130e-06 3.0421130e-14
1.6999315e+00 1.2264150e+01 2.9933037e+29 1.9195071e+11 -2.6326776e-01 1.1491429e-04 2.9856422e-06 2.9856422e-14
1.6999317e+00 1.2265512e+01 2.9274243e+29 1.8836901e+11 -2.6322927e-01 1.1277334e-04 2.9300171e-06 2.9300171e-14
1.6999319e+00 1.2266874e+01 2.8627865e+29 1.8485481e+11 -2.6319080e-01 1.1067274e-04 2.8754404e-06 2.8754404e-14
1.6999322e+00 1.2268236e+01 2.7993685e+29 1.8138947e+11 -2.6315233e-01 1.0860123e-04 2.8216195e-06 2.8216195e-14
1.6999324e+00 1.2269578e+01 2.7381136e+29 1.7802844e+11 -2.6311447e-01 1.0659198e-04 2.7694163e-06 2.7694163e-14
1.6999326e+00 1.2270918e+01 2.6780579e+29 1.7473322e+11 -2.6307665e-01 1.0462207e-04 2.7182352e-06 2.7182352e-14
1.6999329e+00 1.2272259e+01 2.6191260e+29 1.7148657e+11 -2.6303884e-01 1.0268111e-04 2.6678062e-06 2.6678062e-14
1.6999331e+00 1.2273599e+01 2.5613036e+29 1.6828655e+11 -2.6300103e-01 1.0076793e-04 2.6180990e-06 2.6180990e-14
1.6999333e+00 1.2274940e+01 2.5045710e+29 1.6514685e+11 -2.6296323e-01 9.8890808e-05 2.5693286e-06 2.5693286e-14
1.6999335e+00 1.2276281e+01 2.4489080e+29 1.6205604e+11 -2.6292544e-01 9.7042849e-05 2.5213159e-06 2.5213159e-14
1.6999337e+00 1.2277607e+01 2.3949246e+29 1.5904390e+11 -2.6288809e-01 9.5241814e-05 2.4745224e-06 2.4745224e-14
1.6999339e+00 1.2278925e+01 2.3422632e+29 1.5610552e+11 -2.6285096e-01 9.3484885e-05 2.4288748e-06 2.4288748e-14
1.6999341e+00 1.2280243e+01 2.2905848e+29 1.5321445e+11 -2.6281385e-01 9.1756190e-05 2.3839607e-06 2.3839607e-14
1.6999343e+00 1.2281561e+01 2.2398762e+29 1.5036227e+11 -2.6277674e-01 9.0050639e-05 2.3396480e-06 2.3396480e-14
1.6999345e+00 1.2282879e+01 2.1901208e+29 1.4756371e+11 -2.6273963e-01 8.8377150e-05 2.2961683e-06 2.2961683e-14
1.6999347e+00 1.2284198e+01 2.1413008e+29 1.4481218e+11 -2.6270254e-01 8.6731739e-05 2.2534182e-06 2.2534182e-14
1.6999348e+00 1.2285507e+01 2.0937570e+29 1.4211658e+11 -2.6266572e-01 8.5119660e-05 2.2115339e-06 2.2115339e-14
1.6999350e+00 1.2286801e+01 2.0476077e+29 1.3950004e+11 -2.6262931e-01 8.3554865e-05 2.1708783e-06 2.1708783e-14
1.6999352e+00 1.2288096e+01 2.0023164e+29 1.3692873e+11 -2.6259291e-01 8.2017090e-05 2.1309246e-06 2.1309246e-14
1.6999353e+00 1.2289391e+01 1.9578713e+29 1.3438839e+11 -2.6255652e-01 8.0497712e-05 2.0914489e-06 2.0914489e-14
1.6999355e+00 1.2290687e+01 1.9142587e+29 1.3189563e+11 -2.6252013e-01 7.9006794e-05 2.0527126e-06 2.0527126e-14
1.6999357e+00 1.2291982e+01 1.8714630e+29 1.2944788e+11 -2.6248375e-01 7.7542778e-05 2.0146754e-06 2.0146754e-14
1.6999358e+00 1.2293273e+01 1.8296122e+29 1.2703597e+11 -2.6244749e-01 7.6100078e-05 1.9771919e-06 1.9771919e-14
1.6999360e+00 1.2294544e+01 1.7891870e+29 1.2470621e+11 -2.6241181e-01 7.4706518e-05 1.9409852e-06 1.9409852e-14
1.6999361e+00 1.2295815e+01 1.7495103e+29 1.2241959e+11 -2.6237614e-01 7.3338762e-05 1.9054489e-06 1.9054489e-14
1.6999363e+00 1.2297086e+01 1.7105710e+29 1.2015659e+11 -2.6234048e-01 7.1984998e-05 1.8702761e-06 1.8702761e-14
1.6999364e+00 1.2298358e+01 1.6723585e+29 1.1793551e+11 -2.6230482e-01 7.0656313e-05 1.8357549e-06 1.8357549e-14
1.6999366e+00 1.2299629e+01 1.6348591e+29 1.1575588e+11 -2.6226916e-01 6.9352422e-05 1.8018779e-06 1.8018779e-14
1.6999367e+00 1.2300901e+01 1.5980617e+29 1.1360018e+11 -2.6223352e-01 6.8062740e-05 1.7683701e-06 1.7683701e-14
1.6999368e+00 1.2302148e+01 1.5626376e+29 1.1152292e+11 -2.6219855e-01 6.6819972e-05 1.7360812e-06 1.7360812e-14
1.6999370e+00 1.2303395e+01 1.5278912e+29 1.0948540e+11 -2.6216362e-01 6.5600978e-05 1.7044099e-06 1.7044099e-14
1.6999371e+00 1.2304642e+01 1.4937873e+29 1.0747122e+11 -2.6212870e-01 6.4395862e-05 1.6730992e-06 1.6730992e-14
1.6999372e+00 1.2305889e+01 1.4603178e+29 1.0549051e+11 -2.6209378e-01 6.3210741e-05 1.6423080e-06 1.6423080e-14
1.6999374e+00 1.2307136e+01 1.4274710e+29 1.0354665e+11 -2.6205886e-01 6.2047667e-05 1.6120896e-06 1.6120896e-14
1.6999375e+00 1.2308384e+01 1.3952364e+29 1.0162669e+11 -2.6202395e-01 6.0898821e-05 1.5822409e-06 1.5822409e-14
1.6999376e+00 1.2309611e+01 1.3640993e+29 9.9766375e+10 -2.6198960e-01 5.9785631e-05 1.5533186e-06 1.5533186e-14
1.6999377e+00 1.2310834e+01 1.3336799e+29 9.7948945e+10 -2.6195541e-01 5.8698103e-05 1.5250630e-06 1.5250630e-14
1.6999378e+00 1.2312056e+01 1.3038207e+29 9.6155134e+10 -2.6192123e-01 5.7624652e-05 1.4971732e-06 1.4971732e-14
1.6999379e+00 1.2313278e+01 1.2745153e+29 9.4386853e+10 -2.6188706e-01 5.6566433e-05 1.4696791e-06 1.4696791e-14
1.6999380e+00 1.2314501e+01 1.2457537e+29 9.2651389e+10 -2.6185289e-01 5.5527853e-05 1.4426952e-06 1.4426952e-14
1.6999381e+00 1.2315724e+01 1.2175263e+29 9.0940329e+10 -2.6181872e-01 5.4503834e-05 1.4160897e-06 1.4160897e-14
1.6999383e+00 1.2316931e+01 1.1901689e+29 8.9272572e+10 -2.6178499e-01 5.3505679e-05 1.3901562e-06 1.3901562e-14
1.6999384e+00 1.2318128e+01 1.1635460e+29 8.7649594e+10 -2.6175156e-01 5.2534323e-05 1.3649189e-06 1.3649189e-14
1.6999385e+00 1.2319326e+01 1.1374118e+29 8.6050974e+10 -2.6171812e-01 5.1577517e-05 1.3400597e-06 1.3400597e-14
1.6999386e+00 1.2320523e+01 1.1117609e+29 8.4470548e+10 -2.6168470e-01 5.0631540e-05 1.3154818e-06 1.3154818e-14
1.6999386e+00 1.2321721e+01 1.0865853e+29 8.2919410e+10 -2.6165128e-01 4.9703094e-05 1.2913595e-06 1.2913595e-14
1.6999387e+00 1.2322919e+01 1.0618762e+29 8.1393553e+10 -2.6161786e-01 4.8789762e-05 1.2676298e-06 1.2676298e-14
1.6999388e+00 1.2324106e+01 1.0378507e+29 7.9896933e+10 -2.6158476e-01 4.7893863e-05 1.2443530e-06 1.2443530e-14
1.6999389e+00 1.2325278e+01 1.0145581e+29 7.8445968e+10 -2.6155207e-01 4.7025295e-05 1.2217863e-06 1.2217863e-14
1.6999390e+00 1.2326450e+01 9.9169223e+28 7.7020366e+10 -2.6151939e-01 4.6171903e-05 1.1996139e-06 1.1996139e-14
1.6999391e+00 1.2327623e+01 9.6924796e+28 7.5606330e+10 -2.6148671e-01 4.5325362e-05 1.1776195e-06 1.1776195e-14
1.6999392e+00 1.2328796e+01 9.4721940e+28 7.4218485e+10 -2.6145404e-01 4.4494500e-05 1.1560325e-06 1.1560325e-14
1.6999393e+00 1.2329968e+01 9.2559877e+28 7.2856340e+10 -2.6142137e-01 4.3679024e-05 1.1348452e-06 1.1348452e-14
1.6999393e+00 1.2331134e+01 9.0450971e+28 7.1512728e+10 -2.6138891e-01 4.2874572e-05 1.1139444e-06 1.1139444e-14
1.6999394e+00 1.2332281e+01 8.8413787e+28 7.0214218e+10 -2.6135697e-01 4.2097120e-05 1.0937451e-06 1.0937451e-14
1.6999395e+00 1.2333429e+01 8.6413918e+28 6.8939493e+10 -2.6132503e-01 4.1333909e-05 1.0739158e-06 1.0739158e-14
1.6999396e+00 1.2334576e+01 8.4450821e+28 6.7675769e+10 -2.6129310e-01 4.0577228e-05 1.0542561e-06 1.0542561e-14
1.6999396e+00 1.2335724e+01 8.2524087e+28 6.6432878e+10 -2.6126117e-01 3.9833009e-05 1.0349202e-06 1.0349202e-14
1.6999397e+00 1.2336872e+01 8.0633044e+28 6.5213010e+10 -2.6122925e-01 3.9102575e-05 1.0159424e-06 1.0159424e-14
1.6999398e+00 1.2338016e+01 7.8782885e+28 6.4009048e+10 -2.6119743e-01 3.8381619e-05 9.9721089e-07 9.9721089e-15
1.6999399e+00 1.2339138e+01 7.7001834e+28 6.2845958e+10 -2.6116623e-01 3.7685119e-05 9.7911480e-07 9.7911480e-15
1.6999399e+00 1.2340261e+01 7.5253422e+28 6.1704183e+10 -2.6113503e-01 3.7001383e-05 9.6135034e-07 9.6135034e-15
1.6999400e+00 1.2341384e+01 7.3537113e+28 6.0575205e+10 -2.6110384e-01 3.6325275e-05 9.4378405e-07 9.4378405e-15
1.6999401e+00 1.2342506e+01 7.1852602e+28 5.9461274e+10 -2.6107265e-01 3.5658152e-05 9.2645123e-07 9.2645123e-15
1.6999401e+00 1.2343629e+01 7.0199329e+28 5.8368001e+10 -2.6104147e-01 3.5003401e-05 9.0943984e-07 9.0943984e-15
1.6999402e+00 1.2344752e+01 6.8577097e+28 5.7288787e+10 -2.6101030e-01 3.4357043e-05 8.9264651e-07 8.9264651e-15
1.6999402e+00 1.2345849e+01 6.7020615e+28 5.6246251e+10 -2.6097983e-01 3.3732623e-05 8.7642314e-07 8.7642314e-15
1.6999403e+00 1.2346947e+01 6.5492693e+28 5.5222846e+10 -2.6094937e-01 3.3119660e-05 8.6049746e-07 8.6049746e-15
1.6999404e+00 1.2348045e+01 6.3992824e+28 5.4213792e+10 -2.6091891e-01 3.2515274e-05 8.4479464e-07 8.4479464e-15
1.6999404e+00 1.2349143e+01 6.2520745e+28 5.3214834e+10 -2.6088845e-01 3.1916901e-05 8.2924802e-07 8.2924802e-15
1.6999405e+00 1.2350241e+01 6.1076016e+28 5.2234435e+10 -2.6085800e-01 3.1329643e-05 8.1399021e-07 8.1399021e-15
1.6999405e+00 1.2351339e+01 5.9658131e+28 5.1269251e+10 -2.6082756e-01 3.0751488e-05 7.9896889e-07 7.9896889e-15
1.6999406e+00 1.2352415e+01 5.8294855e+28 5.0331753e+10 -2.6079774e-01 3.0189879e-05 7.8437745e-07 7.8437745e-15
1.6999406e+00 1.2353488e+01 5.6960224e+28 4.9413954e+10 -2.6076800e-01 2.9640070e-05 7.7009261e-07 7.7009261e-15
1.6999407e+00 1.2354561e+01 5.5650130e+28 4.8511724e+10 -2.6073827e-01 2.9099583e-05 7.5604996e-07 7.5604996e-15
1.6999407e+00 1.2355634e+01 5.4364308e+28 4.7615470e+10 -2.6070854e-01 2.8562634e-05 7.4209923e-07 7.4209923e-15
1.6999408e+00 1.2356707e+01 5.3102435e+28 4.6735909e+10 -2.6067881e-01 2.8035686e-05 7.2840833e-07 7.2840833e-15
1.6999408e+00 1.2357781e+01 5.1864060e+28 4.5872582e+10 -2.6064909e-01 2.7518463e-05 7.1497012e-07 7.1497012e-15
1.6999409e+00 1.2358835e+01 5.0670443e+28 4.5029120e+10 -2.6061991e-01 2.7013096e-05 7.0183996e-07 7.0183996e-15
1.6999409e+00 1.2359884e+01 4.9505216e+28 4.4205719e+10 -2.6059089e-01 2.6519750e-05 6.8902211e-07 6.8902211e-15
1.6999410e+00 1.2360933e+01 4.8361469e+28 4.3397497e+10 -2.6056187e-01 2.6035498e-05 6.7644054e-07 6.7644054e-15
1.6999410e+00 1.2361982e+01 4.7238911e+28 4.2594373e+10 -2.6053285e-01 2.5554265e-05 6.6393738e-07 6.6393738e-15
1.6999411e+00 1.2363031e+01 4.6137318e+28 4.1805053e+10 -2.6050384e-01 2.5081297e-05 6.5164899e-07 6.5164899e-15
1.6999411e+00 1.2364080e+01 4.5056298e+28 4.1030473e+10 -2.6047484e-01 2.4617163e-05 6.3959009e-07 6.3959009e-15
1.6999411e+00 1.2365113e+01 4.4011867e+28 4.0273621e+10 -2.6044629e-01 2.4163620e-05 6.2780636e-07 6.2780636e-15
1.6999412e+00 1.2366137e+01 4.2995062e+28 3.9534737e+10 -2.6041797e-01 2.3720836e-05 6.1630219e-07 6.1630219e-15
1.6999412e+00 1.2367162e+01 4.1997055e+28 3.8809513e+10 -2.6038965e-01 2.3286238e-05 6.0501070e-07 6.0501070e-15
1.6999413e+00 1.2368187e+01 4.1017559e+28 3.8090701e+10 -2.6036134e-01 2.2855457e-05 5.9381838e-07 5.9381838e-15
1.6999413e+00 1.2369212e+01 4.0056410e+28 3.7382257e+10 -2.6033304e-01 2.2430879e-05 5.8278722e-07 5.8278722e-15
1.6999413e+00 1.2370237e+01 3.9113273e+28 3.6687089e+10 -2.6030474e-01 2.2014257e-05 5.7196277e-07 5.7196277e-15
1.6999414e+00 1.2371248e+01 3.8199977e+28 3.6007963e+10 -2.6027681e-01 2.1607228e-05 5.6138755e-07 5.6138755e-15
1.6999414e+00 1.2372249e+01 3.7313170e+28 3.5344856e+10 -2.6024919e-01 2.1209787e-05 5.5106146e-07 5.5106146e-15
1.6999414e+00 1.2373250e+01 3.6442817e+28 3.4694052e+10 -2.6022156e-01 2.0819720e-05 5.4092695e-07 5.4092695e-15
1.6999415e+00 1.2374251e+01 3.5588640e+28 3.4050561e+10 -2.6019395e-01 2.0434019e-05 5.3090588e-07 5.3090588e-15
1.6999415e+00 1.2375253e+01 3.4750508e+28 3.3414693e+10 -2.6016633e-01 2.0052873e-05 5.2100314e-07 5.2100314e-15
1.6999415e+00 1.2376254e+01 3.3928143e+28 3.2790788e+10 -2.6013872e-01 1.9678897e-05 5.1128668e-07 5.1128668e-15
1.6999416e+00 1.2377244e+01 3.3130049e+28 3.2181326e+10 -2.6011142e-01 1.9313565e-05 5.0179481e-07 5.0179481e-15
1.6999416e+00 1.2378222e+01 3.2357060e+28 3.1586238e+10 -2.6008447e-01 1.8956832e-05 4.9252638e-07 4.9252638e-15
1.6999416e+00 1.2379199e+01 3.1598469e+28 3.1002234e+10 -2.6005753e-01 1.8606744e-05 4.8343058e-07 4.8343058e-15
1.6999416e+00 1.2380177e+01 3.0854019e+28 3.0426060e+10 -2.6003059e-01 1.8261340e-05 4.7445648e-07 4.7445648e-15
1.6999417e+00 1.2381155e+01 3.0123593e+28 2.9855385e+10 -2.6000366e-01 1.7919214e-05 4.6556755e-07 4.6556755e-15
1.6999417e+00 1.2382133e+01 2.9406966e+28 2.9295490e+10 -2.5997673e-01 1.7583552e-05 4.5684653e-07 4.5684653e-15
1.6999417e+00 1.2383102e+01 2.8710024e+28 2.8748492e+10 -2.5995004e-01 1.7255612e-05 4.4832618e-07 4.4832618e-15
1.6999418e+00 1.2384057e+01 2.8036646e+28 2.8214515e+10 -2.5992376e-01 1.6935461e-05 4.4000819e-07 4.4000819e-15
1.6999418e+00 1.2385011e+01 2.7375865e+28 2.7690526e+10 -2.5989749e-01 1.6621299e-05 4.3184580e-07 4.3184580e-15
1.6999418e+00 1.2385966e+01 2.6727447e+28 2.7174546e+10 -2.5987122e-01 1.6311933e-05 4.2380801e-07 4.2380801e-15
1.6999418e+00 1.2386921e+01 2.6091281e+28 2.6662477e+10 -2.5984495e-01 1.6004893e-05 4.1583065e-07 4.1583065e-15
1.6999419e+00 1.2387875e+01 2.5467187e+28 2.6160125e+10 -2.5981869e-01 1.5703679e-05 4.0800467e-07 4.0800467e-15
1.6999419e+00 1.2388824e+01 2.4859012e+28 2.5669158e+10 -2.5979260e-01 1.5409287e-05 4.0035593e-07 4.0035593e-15
1.6999419e+00 1.2389756e+01 2.4272778e+28 2.5190127e+10 -2.5976698e-01 1.5122034e-05 3.9289267e-07 3.9289267e-15
1.6999419e+00 1.2390688e+01 2.3697559e+28 2.4720097e+10 -2.5974136e-01 1.4840178e-05 3.8556964e-07 3.8556964e-15
1.6999420e+00 1.2391620e+01 2.3133148e+28 2.4257966e+10 -2.5971574e-01 1.4563056e-05 3.7836961e-07 3.7836961e-15
1.6999420e+00 1.2392552e+01 2.2579439e+28 2.3798616e+10 -2.5969013e-01 1.4287582e-05 3.7121240e-07 3.7121240e-15
1.6999420e+00 1.2393484e+01 2.2036286e+28 2.3348022e+10 -2.5966452e-01 1.4017360e-05 3.6419164e-07 3.6419164e-15
1.6999420e+00 1.2394412e+01 2.1505958e+28 2.2907328e+10 -2.5963903e-01 1.3753073e-05 3.5732507e-07 3.5732507e-15
1.6999420e+00 1.2395322e+01 2.0995922e+28 2.2477725e+10 -2.5961405e-01 1.3495419e-05 3.5063084e-07 3.5063084e-15
1.6999421e+00 1.2396232e+01 2.0495515e+28 2.2056231e+10 -2.5958907e-01 1.3242629e-05 3.4406298e-07 3.4406298e-15
1.6999421e+00 1.2397142e+01 2.0004555e+28 2.1642290e+10 -2.5956409e-01 1.2994367e-05 3.3761277e-07 3.3761277e-15
1.6999421e+00 1.2398051e+01 1.9522939e+28 2.1230379e+10 -2.5953912e-01 1.2747305e-05 3.3119373e-07 3.3119373e-15
1.6999421e+00 1.2398961e+01 1.9050550e+28 2.0826359e+10 -2.5951415e-01 1.2504976e-05 3.2489768e-07 3.2489768e-15
1.6999421e+00 1.2399869e+01 1.8588455e+28 2.0430791e+10 -2.5948925e-01 1.2267715e-05 3.1873329e-07 3.1873329e-15
1.6999421e+00 1.2400757e+01 1.8145015e+28 2.0045666e+10 -2.5946489e-01 1.2036702e-05 3.1273122e-07 3.1273122e-15
1.6999422e+00 1.2401645e+01 1.7709989e+28 1.9667848e+10 -2.5944054e-01 1.1810072e-05 3.0684303e-07 3.0684303e-15
1.6999422e+00 1.2402533e+01 1.7283215e+28 1.9297046e+10 -2.5941619e-01 1.1587649e-05 3.0106416e-07 3.0106416e-15
1.6999422e+00 1.2403421e+01 1.6864600e+28 1.8927837e+10 -2.5939184e-01 1.1366166e-05 2.9530971e-07 2.9530971e-15
1.6999422e+00 1.2404309e+01 1.6454046e+28 1.8565737e+10 -2.5936750e-01 1.1148948e-05 2.8966607e-07 2.8966607e-15
1.6999422e+00 1.2405197e+01 1.6051719e+28 1.8210683e+10 -2.5934318e-01 1.0935956e-05 2.8413222e-07 2.8413222e-15
1.6999422e+00 1.2406063e+01 1.5666454e+28 1.7865594e+10 -2.5931944e-01 1.0728926e-05 2.7875328e-07 2.7875328e-15
1.6999423e+00 1.2406930e+01 1.5288537e+28 1.7527084e+10 -2.5929570e-01 1.0525845e-05 2.7347692e-07 2.7347692e-15
1.6999423e+00 1.2407797e+01 1.4917826e+28 1.7194915e+10 -2.5927196e-01 1.0326566e-05 2.6829937e-07 2.6829937e-15
1.6999423e+00 1.2408663e+01 1.4554237e+28 1.6864148e+10 -2.5924823e-01 1.0128115e-05 2.6314331e-07 2.6314331e-15
1.6999423e+00 1.2409530e+01 1.4197687e+28 1.6539783e+10 -2.5922450e-01 9.9335043e-06 2.5808705e-07 2.5808705e-15
1.6999423e+00 1.2410397e+01 1.3848036e+28 1.6221444e+10 -2.5920077e-01 9.7425084e-06 2.5312469e-07 2.5312469e-15
1.6999423e+00 1.2411244e+01 1.3513205e+28 1.5912060e+10 -2.5917760e-01 9.5568727e-06 2.4830161e-07 2.4830161e-15
1.6999423e+00 1.2412089e+01 1.3185143e+28 1.5608930e+10 -2.5915446e-01 9.3749898e-06 2.4357602e-07 2.4357602e-15
1.6999424e+00 1.2412935e+01 1.2863368e+28 1.5311365e+10 -2.5913133e-01 9.1964449e-06 2.3893716e-07 2.3893716e-15
1.6999424e+00 1.2413781e+01 1.2547813e+28 1.5015205e+10 -2.5910819e-01 9.0187310e-06 2.3431990e-07 2.3431990e-15
1.6999424e+00 1.2414627e+01 1.2238398e+28 1.4724807e+10 -2.5908506e-01 8.8444751e-06 2.2979247e-07 2.2979247e-15
1.6999424e+00 1.2415472e+01 1.1935003e+28 1.4439623e+10 -2.5906193e-01 8.6733465e-06 2.2534630e-07 2.2534630e-15
1.6999424e+00 1.2416300e+01 1.1644005e+28 1.4162202e+10 -2.5903931e-01 8.5068655e-06 2.2102088e-07 2.2102088e-15
1.6999424e+00 1.2417125e+01 1.1359440e+28 1.3890915e+10 -2.5901676e-01 8.3440655e-06 2.1679109e-07 2.1679109e-15
1.6999424e+00 1.2417950e+01 1.1080360e+28 1.3624357e+10 -2.5899421e-01 8.1841016e-06 2.1263499e-07 2.1263499e-15
1.6999424e+00 1.2418775e+01 1.0806708e+28 1.3359346e+10 -2.5897166e-01 8.0250572e-06 2.0850279e-07 2.0850279e-15
1.6999424e+00 1.2419601e+01 1.0538410e+28 1.3099520e+10 -2.5894912e-01 7.8691243e-06 2.0445142e-07 2.0445142e-15
1.6999425e+00 1.2420426e+01 1.0275362e+28 1.2844050e+10 -2.5892657e-01 7.7158041e-06 2.0046794e-07 2.0046794e-15
1.6999425e+00 1.2421229e+01 1.0024367e+28 1.2597128e+10 -2.5890464e-01 7.5676049e-06 1.9661750e-07 1.9661750e-15
1.6999425e+00 1.2422028e+01 9.7797249e+27 1.2356455e+10 -2.5888284e-01 7.4231570e-06 1.9286453e-07 1.9286453e-15
1.6999425e+00 1.2422826e+01 9.5397854e+27 1.2119655e+10 -2.5886104e-01 7.2810313e-06 1.8917190e-07 1.8917190e-15
1.6999425e+00 1.2423625e+01 9.3045047e+27 1.1884514e+10 -2.5883925e-01 7.1398936e-06 1.8550493e-07 1.8550493e-15
1.6999425e+00 1.2424423e+01 9.0738146e+27 1.1653961e+10 -2.5881746e-01 7.0015096e-06 1.8190951e-07 1.8190951e-15
1.6999425e+00 1.2425222e+01 8.8476275e+27 1.1426991e+10 -2.5879567e-01 6.8652739e-06 1.7836991e-07 1.7836991e-15
1.6999425e+00 1.2426020e+01 8.6259023e+27 1.1201869e+10 -2.5877388e-01 6.7301408e-06 1.7485895e-07 1.7485895e-15
1.6999425e+00 1.2426819e+01 8.4085695e+27 1.0981206e+10 -2.5875210e-01 6.5976846e-06 1.7141755e-07 1.7141755e-15
1.6999425e+00 1.2427618e+01 8.1955459e+27 1.0763698e+10 -2.5873032e-01 6.4671186e-06 1.6802525e-07 1.6802525e-15
1.6999425e+00 1.2428416e+01 7.9867938e+27 1.0548365e+10 -2.5870854e-01 6.3378536e-06 1.6466676e-07 1.6466676e-15
1.6999426e+00 1.2429192e+01 7.7881529e+27 1.0343463e+10 -2.5868740e-01 6.2148497e-06 1.6147093e-07 1.6147093e-15
1.6999426e+00 1.2429958e+01 7.5957645e+27 1.0143595e+10 -2.5866652e-01 6.0948647e-06 1.5835355e-07 1.5835355e-15
1.6999426e+00 1.2430724e+01 7.4071369e+27 9.9459115e+09 -2.5864564e-01 5.9761864e-06 1.5527011e-07 1.5527011e-15
1.6999426e+00 1.2431490e+01 7.2222050e+27 9.7521012e+09 -2.5862477e-01 5.8598334e-06 1.5224709e-07 1.5224709e-15
1.6999426e+00 1.2432256e+01 7.0409038e+27 9.5605330e+09 -2.5860389e-01 5.7448227e-06 1.4925894e-07 1.4925894e-15
1.6999426e+00 1.2433023e+01 6.8632035e+27 9.3713188e+09 -2.5858302e-01 5.6312218e-06 1.4630742e-07 1.4630742e-15
1.6999426e+00 1.2433789e+01 6.6890389e+27 9.1858694e+09 -2.5856215e-01 5.5198813e-06 1.4341463e-07 1.4341463e-15
1.6999426e+00 1.2434555e+01 6.5183501e+27 9.0022941e+09 -2.5854129e-01 5.4096615e-06 1.4055096e-07 1.4055096e-15
1.6999426e+00 1.2435322e+01 6.3511061e+27 8.8213568e+09 -2.5852042e-01 5.3010230e-06 1.3772837e-07 1.3772837e-15
1.6999426e+00 1.2436088e+01 6.1872410e+27 8.6440751e+09 -2.5849956e-01 5.1945795e-06 1.3496281e-07 1.3496281e-15
1.6999426e+00 1.2436835e+01 6.0307128e+27 8.4726103e+09 -2.5847923e-01 5.0916235e-06 1.3228787e-07 1.3228787e-15
1.6999426e+00 1.2437570e+01 5.8798150e+27 8.3067342e+09 -2.5845923e-01 4.9920219e-06 1.2970007e-07 1.2970007e-15
1.6999426e+00 1.2438305e+01 5.7318866e+27 8.1441222e+09 -2.5843923e-01 4.8943804e-06 1.2716320e-07 1.2716320e-15
1.6999426e+00 1.2439040e+01 5.5868865e+27 7.9824864e+09 -2.5841924e-01 4.7973196e-06 1.2464142e-07 1.2464142e-15
1.6999427e+00 1.2439775e+01 5.4447841e+27 7.8237646e+09 -2.5839925e-01 4.7020081e-06 1.2216508e-07 1.2216508e-15
1.6999427e+00 1.2440510e+01 5.3055215e+27 7.6682097e+09 -2.5837926e-01 4.6085981e-06 1.1973816e-07 1.1973816e-15
1.6999427e+00 1.2441245e+01 5.1690638e+27 7.5133357e+09 -2.5835927e-01 4.5155915e-06 1.1732171e-07 1.1732171e-15
1.6999427e+00 1.2441980e+01 5.0353757e+27 7.3616051e+09 -2.5833929e-01 4.4244727e-06 1.1495431e-07 1.1495431e-15
1.6999427e+00 1.2442715e+01 4.9044016e+27 7.2125422e+09 -2.5831930e-01 4.3349549e-06 1.1262850e-07 1.1262850e-15
1.6999427e+00 1.2443450e+01 4.7761130e+27 7.0645891e+09 -2.5829932e-01 4.2460992e-06 1.1031990e-07 1.1031990e-15
1.6999427e+00 1.2444170e+01 4.6531563e+27 6.9227851e+09 -2.5827978e-01 4.1609365e-06 1.0810725e-07 1.0810725e-15
1.6999427e+00 1.2444875e+01 4.5351005e+27 6.7858899e+09 -2.5826063e-01 4.0787202e-06 1.0597115e-07 1.0597115e-15
1.6999427e+00 1.2445579e+01 4.4194069e+27 6.6503049e+09 -2.5824148e-01 3.9972876e-06 1.0385541e-07 1.0385541e-15
1.6999427e+00 1.2446284e+01 4.3060361e+27 6.5174421e+09 -2.5822233e-01 3.9174900e-06 1.0178215e-07 1.0178215e-15
1.6999427e+00 1.2446989e+01 4.1949453e+27 6.3862437e+09 -2.5820319e-01 3.8386898e-06 9.9734807e-08 9.9734807e-16
1.6999427e+00 1.2447694e+01 4.0861152e+27 6.2566368e+09 -2.5818405e-01 3.7608433e-06 9.7712238e-08 9.7712238e-16
1.6999427e+00 1.2448399e+01 3.9795042e+27 6.1296728e+09 -2.5816491e-01 3.6845841e-06 9.5730912e-08 9.5730912e-16
1.6999427e+00 1.2449104e+01 3.8750745e+27 6.0039685e+09 -2.5814577e-01 3.6090787e-06 9.3769171e-08 9.3769171e-16
1.6999427e+00 1.2449809e+01 3.7728059e+27 5.8802008e+09 -2.5812663e-01 3.5347351e-06 9.1837616e-08 9.1837616e-16
1.6999427e+00 1.2450515e+01 3.6726553e+27 5.7589964e+09 -2.5810750e-01 3.4619312e-06 8.9946063e-08 8.9946063e-16
1.6999427e+00 1.2451207e+01 3.5763708e+27 5.6407823e+09 -2.5808871e-01 3.3909199e-06 8.8101086e-08 8.8101086e-16
1.6999427e+00 1.2451883e+01 3.4842879e+27 5.5275317e+09 -2.5807038e-01 3.3228899e-06 8.6333565e-08 8.6333565e-16
1.6999427e+00 1.2452559e+01 3.3940626e+27 5.4164414e+09 -2.5805204e-01 3.2561572e-06 8.4599753e-08 8.4599753e-16
1.6999427e+00 1.2453235e+01 3.3056729e+27 5.3059650e+09 -2.5803371e-01 3.1897899e-06 8.2875434e-08 8.2875434e-16
1.6999427e+00 1.2453910e+01 3.2190944e+27 5.1977523e+09 -2.5801538e-01 3.1247825e-06 8.1186447e-08 8.1186447e-16
1.6999427e+00 1.2454587e+01 3.1342906e+27 5.0912971e+09 -2.5799705e-01 3.0608301e-06 7.9524867e-08 7.9524867e-16
1.6999427e+00 1.2455263e+01 3.0512444e+27 4.9858087e+09 -2.5797873e-01 2.9974559e-06 7.7878313e-08 7.7878313e-16
1.6999427e+00 1.2455939e+01 2.9699265e+27 4.8825157e+09 -2.5796040e-01 2.9354006e-06 7.6266024e-08 7.6266024e-16
1.6999428e+00 1.2456615e+01 2.8903043e+27 4.7805357e+09 -2.5794208e-01 2.8741325e-06 7.4674189e-08 7.4674189e-16
1.6999428e+00 1.2457291e+01 2.8123623e+27 4.6799161e+09 -2.5792376e-01 2.8136801e-06 7.3103546e-08 7.3103546e-16
1.6999428e+00 1.2457957e+01 2.7372329e+27 4.5829274e+09 -2.5790572e-01 2.7554091e-06 7.1589580e-08 7.1589580e-16
1.6999428e+00 1.2458605e+01 2.6656217e+27 4.4893135e+09 -2.5788816e-01 2.6991635e-06 7.0128236e-08 7.0128236e-16
1.6999428e+00 1.2459253e+01 2.5954844e+27 4.3972902e+09 -2.5787061e-01 2.6438729e-06 6.8691704e-08 6.8691704e-16
1.6999428e+00 1.2459901e+01 2.5267909e+27 4.3071614e+09 -2.5785306e-01 2.5897205e-06 6.7284746e-08 6.7284746e-16
1.6999428e+00 1.2460549e+01 2.4595224e+27 4.2174757e+09 -2.5783551e-01 2.5358316e-06 6.5884634e-08 6.5884634e-16
1.6999428e+00 1.2461197e+01 2.3936609e+27 4.1296490e+09 -2.5781796e-01 2.4830597e-06 6.4513542e-08 6.4513542e-16
1.6999428e+00 1.2461845e+01 2.3291774e+27 4.0433160e+09 -2.5780042e-01 2.4311847e-06 6.3165753e-08 6.3165753e-16
1.6999428e+00 1.2462493e+01 2.2660578e+27 3.9577667e+09 -2.5778287e-01 2.3797786e-06 6.1830147e-08 6.1830147e-16
1.6999428e+00 1.2463142e+01 2.2042793e+27 3.8740350e+09 -2.5776533e-01 2.3294647e-06 6.0522917e-08 6.0522917e-16
1.6999428e+00 1.2463790e+01 2.1438164e+27 3.7913541e+09 -2.5774779e-01 2.2797808e-06 5.9232057e-08 5.9232057e-16
1.6999428e+00 1.2464430e+01 2.0854137e+27 3.7108990e+09 -2.5773048e-01 2.2314334e-06 5.7975920e-08 5.7975920e-16
1.6999428e+00 1.2465051e+01 2.0299159e+27 3.6344458e+09 -2.5771367e-01 2.1854908e-06 5.6782263e-08 5.6782263e-16
1.6999428e+00 1.2465672e+01 1.9755726e+27 3.5585642e+09 -2.5769687e-01 2.1398898e-06 5.5597484e-08 5.5597484e-16
1.6999428e+00 1.2466293e+01 1.9223713e+27 3.4840701e+09 -2.5768007e-01 2.0951223e-06 5.4434359e-08 5.4434359e-16
1.6999428e+00 1.2466915e+01 1.8702883e+27 3.4110210e+09 -2.5766327e-01 2.0512230e-06 5.3293789e-08 5.3293789e-16
1.6999428e+00 1.2467536e+01 1.8193104e+27 3.3384655e+09 -2.5764647e-01 2.0076184e-06 5.2160878e-08 5.2160878e-16
1.6999428e+00 1.2468157e+01 1.7694212e+27 3.2674596e+09 -2.5762968e-01 1.9649450e-06 5.1052161e-08 5.1052161e-16
1.6999428e+00 1.2468779e+01 1.7205990e+27 3.1974970e+09 -2.5761288e-01 1.9228978e-06 4.9959714e-08 4.9959714e-16
1.6999428e+00 1.2469400e+01 1.6728330e+27 3.1283924e+09 -2.5759609e-01 1.8813652e-06 4.8880635e-08 4.8880635e-16
1.6999428e+00 1.2470021e+01 1.6261034e+27 3.0607871e+09 -2.5757930e-01 1.8407337e-06 4.7824967e-08 4.7824967e-16
1.6999428e+00 1.2470636e+01 1.5808846e+27 2.9945339e+09 -2.5756269e-01 1.8009133e-06 4.6790376e-08 4.6790376e-16
1.6999428e+00 1.2471231e+01 1.5380314e+27 2.9315131e+09 -2.5754660e-01 1.7630353e-06 4.5806250e-08 4.5806250e-16
1.6999428e+00 1.2471827e+01 1.4960836e+27 2.8697371e+09 -2.5753052e-01 1.7259054e-06 4.4841560e-08 4.4841560e-16
1.6999428e+00 1.2472422e+01 1.4550303e+27 2.8083649e+09 -2.5751444e-01 1.6890166e-06 4.3883134e-08 4.3883134e-16
1.6999428e+00 1.2473018e+01 1.4148582e+27 2.7483101e+09 -2.5749836e-01 1.6529196e-06 4.2945282e-08 4.2945282e-16
1.6999428e+00 1.2473613e+01 1.3755497e+27 2.6891438e+09 -2.5748229e-01 1.6173560e-06 4.2021288e-08 4.2021288e-16
1.6999428e+00 1.2474208e+01 1.3370963e+27 2.6307060e+09 -2.5746621e-01 1.5822294e-06 4.1108646e-08 4.1108646e-16
1.6999428e+00 1.2474804e+01 1.2994816e+27 2.5735427e+09 -2.5745013e-01 1.5478690e-06 4.0215911e-08 4.0215911e-16
1.6999428e+00 1.2475399e+01 1.2626915e+27 2.5169020e+09 -2.5743406e-01 1.5138214e-06 3.9331305e-08 3.9331305e-16
1.6999428e+00 1.2475995e+01 1.2267164e+27 2.4613235e+09 -2.5741799e-01 1.4804120e-06 3.8463279e-08 3.8463279e-16
1.6999428e+00 1.2476585e+01 1.1918627e+27 2.4073021e+09 -2.5740206e-01 1.4479383e-06 3.7619566e-08 3.7619566e-16
1.6999428e+00 1.2477156e+01 1.1589031e+27 2.3555357e+09 -2.5738667e-01 1.4168191e-06 3.6811044e-08 3.6811044e-16
1.6999428e+00 1.2477726e+01 1.1266548e+27 2.3048865e+09 -2.5737128e-01 1.3863715e-06 3.6019971e-08 3.6019971e-16
1.6999428e+00 1.2478297e+01 1.0951041e+27 2.2548819e+09 -2.5735589e-01 1.3563107e-06 3.5238947e-08 3.5238947e-16
1.6999428e+00 1.2478867e+01 1.0642442e+27 2.2056063e+09 -2.5734051e-01 1.3266876e-06 3.4469295e-08 3.4469295e-16
1.6999428e+00 1.2479438e+01 1.0340611e+27 2.1574114e+09 -2.5732512e-01 1.2977141e-06 3.3716522e-08 3.3716522e-16
1.6999428e+00 1.2480008e+01 1.0045447e+27 2.1095443e+09 -2.5730973e-01 1.2689366e-06 3.2968840e-08 3.2968840e-16
1.6999428e+00 1.2480579e+01 9.7568600e+26 2.0626954e+09 -2.5729435e-01 1.2407712e-06 3.2237061e-08 3.2237061e-16
1.6999428e+00 1.2481149e+01 9.4747120e+26 2.0166121e+09 -2.5727896e-01 1.2130656e-06 3.1517229e-08 3.1517229e-16
1.6999428e+00 1.2481720e+01 9.1989338e+26 1.9710944e+09 -2.5726358e-01 1.1856994e-06 3.0806213e-08 3.0806213e-16
1.6999428e+00 1.2482286e+01 8.9315968e+26 1.9269698e+09 -2.5724833e-01 1.1591707e-06 3.0116959e-08 3.0116959e-16
1.6999428e+00 1.2482833e+01 8.6791988e+26 1.8847371e+09 -2.5723360e-01 1.1337786e-06 2.9457234e-08 2.9457234e-16
1.6999428e+00 1.2483379e+01 8.4323658e+26 1.8433146e+09 -2.5721887e-01 1.1088735e-06 2.8810162e-08 2.8810162e-16
1.6999428e+00 1.2483926e+01 8.1909782e+26 1.8026526e+09 -2.5720415e-01 1.0844253e-06 2.8174964e-08 2.8174964e-16
1.6999428e+00 1.2484472e+01 7.9549751e+26 1.7623830e+09 -2.5718942e-01 1.0602124e-06 2.7545878e-08 2.7545878e-16
1.6999428e+00 1.2485019e+01 7.7242614e+26 1.7230160e+09 -2.5717470e-01 1.0365422e-06 2.6930891e-08 2.6930891e-16
1.6999428e+00 1.2485566e+01 7.4987376e+26 1.6841008e+09 -2.5715998e-01 1.0131430e-06 2.6322946e-08 2.6322946e-16
1.6999428e+00 1.2486112e+01 7.2783470e+26 1.6458631e+09 -2.5714526e-01 9.9015094e-07 2.5725577e-08 2.5725577e-16
1.6999428e+00 1.2486659e+01 7.0629778e+26 1.6083966e+09 -2.5713054e-01 9.6762242e-07 2.5140253e-08 2.5140253e-16
1.6999428e+00 1.2487206e+01 6.8525665e+26 1.5712754e+09 -2.5711582e-01 9.4530081e-07 2.4560305e-08 2.4560305e-16
1.6999428e+00 1.2487748e+01 6.6485955e+26 1.5352904e+09 -2.5710121e-01 9.2366241e-07 2.3998107e-08 2.3998107e-16
1.6999428e+00 1.2488272e+01 6.4562476e+26 1.5009754e+09 -2.5708712e-01 9.0302769e-07 2.3461987e-08 2.3461987e-16
1.6999428e+00 1.2488795e+01 6.2682322e+26 1.4672454e+09 -2.5707303e-01 8.8274452e-07 2.2935001e-08 2.2935001e-16
1.6999428e+00 1.2489319e+01 6.0844558e+26 1.4342054e+09 -2.5705894e-01 8.6287611e-07 2.2418790e-08 2.2418790e-16
1.6999428e+00 1.2489842e+01 5.9048646e+26 1.4014417e+09 -2.5704486e-01 8.4317330e-07 2.1906882e-08 2.1906882e-16
1.6999428e+00 1.2490366e+01 5.7293888e+26 1.3694289e+09 -2.5703077e-01 8.2392199e-07 2.1406705e-08 2.1406705e-16
1.6999428e+00 1.2490889e+01 5.5579471e+26 1.3378191e+09 -2.5701668e-01 8.0491264e-07 2.0912814e-08 2.0912814e-16
1.6999428e+00 1.2491413e+01 5.3904945e+26 1.3067520e+09 -2.5700260e-01 7.8622944e-07 2.0427397e-08 2.0427397e-16
1.6999428e+00 1.2491937e+01 5.2269434e+26 1.2763198e+09 -2.5698852e-01 7.6792789e-07 1.9951896e-08 1.9951896e-16
1.6999428e+00 1.2492460e+01 5.0672435e+26 1.2461878e+09 -2.5697443e-01 7.4980632e-07 1.9481071e-08 1.9481071e-16
1.6999429e+00 1.2492980e+01 4.9125258e+26 1.2169958e+09 -2.5696046e-01 7.3225010e-07 1.9024935e-08 1.9024935e-16
1.6999429e+00 1.2493481e+01 4.7667207e+26 1.1891398e+09 -2.5694698e-01 7.1549694e-07 1.8589663e-08 1.8589663e-16
1.6999429e+00 1.2493982e+01 4.6242754e+26 1.1618057e+09 -2.5693350e-01 6.9905749e-07 1.8162541e-08 1.8162541e-16
1.6999429e+00 1.2494484e+01 4.4851158e+26 1.1349854e+09 -2.5692003e-01 6.8292689e-07 1.7743445e-08 1.7743445e-16
1.6999429e+00 1.2494985e+01 4.3492031e+26 1.1084597e+09 -2.5690655e-01 6.6697311e-07 1.7328942e-08 1.7328942e-16
1.6999429e+00 1.2495487e+01 4.2164762e+26 1.0825558e+09 -2.5689308e-01 6.5139329e-07 1.6924156e-08 1.6924156e-16
1.6999429e+00 1.2495988e+01 4.0868775e+26 1.0569092e+09 -2.5687960e-01 6.3596781e-07 1.6523379e-08 1.6523379e-16
1.6999429e+00 1.2496489e+01 3.9603663e+26 1.0317960e+09 -2.5686613e-01 6.2086305e-07 1.6130935e-08 1.6130935e-16
1.6999429e+00 1.2496991e+01 3.8368741e+26 1.0071075e+09 -2.5685266e-01 6.0601352e-07 1.5745123e-08 1.5745123e-16
1.6999429e+00 1.2497492e+01 3.7163657e+26 9.8277564e+08 -2.5683918e-01 5.9137824e-07 1.5364876e-08 1.5364876e-16
