 860 1.699761
5.0278543e-64 1.0822041e-02 1.2094500e+35 8.2177783e+14 -4.7906729e-01 4.5107602e-01 3.7828922e-02 2.5265008e-02
1.1837033e-02 1.9053801e+00 1.1508311e+35 8.0630447e+14 -4.7216849e-01 4.4376451e-01 3.6552733e-02 2.4109630e-02
3.2773166e-02 2.6858721e+00 1.0946232e+35 7.9053132e+14 -4.6539495e-01 4.3617304e-01 3.5308157e-02 2.2991998e-02
5.8838342e-02 3.2769002e+00 1.0409389e+35 7.7546633e+14 -4.5877105e-01 4.2892239e-01 3.4119458e-02 2.1924543e-02
8.8580163e-02 3.7698100e+00 9.8952868e+34 7.6093707e+14 -4.5227951e-01 4.2191570e-01 3.2979121e-02 2.0901565e-02
1.2105959e-01 4.1991933e+00 9.4033170e+34 7.4612106e+14 -4.4592081e-01 4.1464798e-01 3.1870118e-02 1.9916003e-02
1.5560402e-01 4.5827274e+00 8.9329686e+34 7.3195620e+14 -4.3969814e-01 4.0769966e-01 3.0809855e-02 1.8973756e-02
1.9194835e-01 4.9330491e+00 8.4806672e+34 7.1823073e+14 -4.3357569e-01 4.0095408e-01 2.9788422e-02 1.8067127e-02
2.2902600e-01 5.2511695e+00 8.0536506e+34 7.0437979e+14 -4.2766075e-01 3.9403793e-01 2.8808218e-02 1.7206595e-02
2.6719380e-01 5.5480918e+00 7.6431041e+34 6.9106309e+14 -4.2184181e-01 3.8738853e-01 2.7865820e-02 1.6379254e-02
3.0618063e-01 5.8266950e+00 7.2488483e+34 6.7818920e+14 -4.1612611e-01 3.8095075e-01 2.6959357e-02 1.5584407e-02
3.4506635e-01 6.0850033e+00 6.8769692e+34 6.6514741e+14 -4.1061079e-01 3.7433002e-01 2.6089012e-02 1.4831159e-02
3.8417610e-01 6.3288412e+00 6.5215391e+34 6.5268248e+14 -4.0521869e-01 3.6800213e-01 2.5257165e-02 1.4111229e-02
4.2335838e-01 6.5597405e+00 6.1818957e+34 6.4073147e+14 -3.9995077e-01 3.6193119e-01 2.4461585e-02 1.3423140e-02
4.6241803e-01 6.7787737e+00 5.8578952e+34 6.2839670e+14 -3.9481190e-01 3.5557260e-01 2.3686655e-02 1.2763563e-02
5.0119932e-01 6.9869099e+00 5.5491968e+34 6.1664447e+14 -3.8980466e-01 3.4951433e-01 2.2948323e-02 1.2135137e-02
5.3960124e-01 7.1850155e+00 5.2551572e+34 6.0545031e+14 -3.8492984e-01 3.4374373e-01 2.2245052e-02 1.1536552e-02
5.7751366e-01 7.3738597e+00 4.9752991e+34 5.9385103e+14 -3.8018707e-01 3.3768028e-01 2.1558914e-02 1.0963584e-02
6.1484273e-01 7.5541231e+00 4.7091368e+34 5.8280462e+14 -3.7557550e-01 3.3190463e-01 2.0906092e-02 1.0418605e-02
6.5153971e-01 7.7264072e+00 4.4559716e+34 5.7229763e+14 -3.7109376e-01 3.2641102e-01 2.0285149e-02 9.9002385e-03
6.8754094e-01 7.8912438e+00 4.2152826e+34 5.6145077e+14 -3.6674017e-01 3.2067192e-01 1.9678668e-02 9.4041042e-03
7.2278257e-01 8.0491038e+00 3.9866271e+34 5.5105950e+14 -3.6251306e-01 3.1516757e-01 1.9100878e-02 8.9324398e-03
7.5724361e-01 8.2004051e+00 3.7693663e+34 5.4118607e+14 -3.5841064e-01 3.0993751e-01 1.8551881e-02 8.4842802e-03
7.9088947e-01 8.3455202e+00 3.5630020e+34 5.3105826e+14 -3.5443101e-01 3.0452029e-01 1.8015337e-02 8.0552064e-03
8.2367266e-01 8.4847828e+00 3.3671664e+34 5.2126798e+14 -3.5057236e-01 2.9927201e-01 1.7502563e-02 7.6472135e-03
8.5558867e-01 8.6184927e+00 3.1812971e+34 5.1197595e+14 -3.4683285e-01 2.9429082e-01 1.7015885e-02 7.2599839e-03
8.8662406e-01 8.7469207e+00 3.0049257e+34 5.0253743e+14 -3.4321055e-01 2.8919281e-01 1.6540689e-02 6.8892451e-03
9.1674247e-01 8.8703126e+00 2.8377488e+34 4.9329960e+14 -3.3970361e-01 2.8418643e-01 1.6083988e-02 6.5362876e-03
9.4594959e-01 8.9888930e+00 2.6792775e+34 4.8454282e+14 -3.3631015e-01 2.7944075e-01 1.5651070e-02 6.2017100e-03
9.7423435e-01 9.1028112e+00 2.5291456e+34 4.7577443e+14 -3.3302983e-01 2.7466322e-01 1.5230072e-02 5.8818502e-03
1.0014304e+00 9.2116991e+00 2.3878087e+34 4.6709939e+14 -3.2987692e-01 2.6991505e-01 1.4824072e-02 5.5781578e-03
1.0277121e+00 9.3163892e+00 2.2539793e+34 4.5888514e+14 -3.2683058e-01 2.6541908e-01 1.4439638e-02 5.2905968e-03
1.0530956e+00 9.4170453e+00 2.1272490e+34 4.5082039e+14 -3.2388870e-01 2.6099140e-01 1.4068617e-02 5.0163191e-03
1.0775662e+00 9.5138200e+00 2.0073815e+34 4.4260722e+14 -3.2104922e-01 2.5645552e-01 1.3703418e-02 4.7528661e-03
1.1011365e+00 9.6068566e+00 1.8940345e+34 4.3484083e+14 -3.1831004e-01 2.5216638e-01 1.3358086e-02 4.5037443e-03
1.1238307e+00 9.6962903e+00 1.7868351e+34 4.2741789e+14 -3.1566903e-01 2.4806371e-01 1.3029486e-02 4.2675457e-03
1.1456476e+00 9.7822491e+00 1.6855450e+34 4.1963106e+14 -3.1312402e-01 2.4372837e-01 1.2699154e-02 4.0385199e-03
1.1665967e+00 9.8648548e+00 1.5898976e+34 4.1227803e+14 -3.1067281e-01 2.3963454e-01 1.2387223e-02 3.8222525e-03
1.1866918e+00 9.9441652e+00 1.4996254e+34 4.0533822e+14 -3.0831495e-01 2.3577077e-01 1.2092823e-02 3.6181392e-03
1.2058304e+00 1.0019828e+01 1.4149840e+34 3.9815559e+14 -3.0606198e-01 2.3174757e-01 1.1798658e-02 3.4212663e-03
1.2241599e+00 1.0092514e+01 1.3351321e+34 3.9123337e+14 -3.0389488e-01 2.2786549e-01 1.1517222e-02 3.2343473e-03
1.2417104e+00 1.0162324e+01 1.2597831e+34 3.8470151e+14 -3.0181142e-01 2.2420232e-01 1.1251657e-02 3.0579687e-03
1.2585073e+00 1.0229356e+01 1.1886825e+34 3.7814814e+14 -2.9980932e-01 2.2051496e-01 1.0990216e-02 2.8882003e-03
1.2745545e+00 1.0293705e+01 1.1216767e+34 3.7156575e+14 -2.9788633e-01 2.1679938e-01 1.0732521e-02 2.7247322e-03
1.2898794e+00 1.0355461e+01 1.0585289e+34 3.6536236e+14 -2.9604018e-01 2.1329773e-01 1.0489663e-02 2.5706761e-03
1.3045127e+00 1.0414714e+01 9.9899927e+33 3.5943693e+14 -2.9426857e-01 2.0995089e-01 1.0258499e-02 2.4247618e-03
1.3184043e+00 1.0471298e+01 9.4318051e+33 3.5319338e+14 -2.9257679e-01 2.0640608e-01 1.0022029e-02 2.2818628e-03
1.3315804e+00 1.0525321e+01 8.9086290e+33 3.4734144e+14 -2.9096188e-01 2.0308361e-01 9.8003905e-03 2.1479269e-03
1.3441371e+00 1.0577128e+01 8.4157469e+33 3.4182836e+14 -2.8941365e-01 1.9995353e-01 9.5915862e-03 2.0217464e-03
1.3561937e+00 1.0627199e+01 7.9477412e+33 3.3612074e+14 -2.8791798e-01 1.9670197e-01 9.3794323e-03 1.8976808e-03
1.3675560e+00 1.0674758e+01 7.5114035e+33 3.3053846e+14 -2.8649808e-01 1.9351624e-01 9.1739709e-03 1.7796631e-03
1.3783462e+00 1.0720270e+01 7.1013073e+33 3.2529190e+14 -2.8514022e-01 1.9052210e-01 8.9808661e-03 1.6687431e-03
1.3885909e+00 1.0763800e+01 6.7158104e+33 3.2029128e+14 -2.8384242e-01 1.8766693e-01 8.7972865e-03 1.5638564e-03
1.3983109e+00 1.0805444e+01 6.3535639e+33 3.1496862e+14 -2.8260185e-01 1.8461550e-01 8.6061159e-03 1.4596716e-03
1.4075219e+00 1.0845258e+01 6.0134508e+33 3.0997118e+14 -2.8141683e-01 1.8175051e-01 8.4266260e-03 1.3618527e-03
1.4162554e+00 1.0883328e+01 5.6938450e+33 3.0527506e+14 -2.8028478e-01 1.7905826e-01 8.2579584e-03 1.2699318e-03
1.4245353e+00 1.0919719e+01 5.3934425e+33 3.0068356e+14 -2.7920375e-01 1.7642290e-01 8.0940553e-03 1.1819430e-03
1.4323790e+00 1.0954500e+01 5.1112144e+33 2.9607064e+14 -2.7817156e-01 1.7377024e-01 7.9310028e-03 1.0966030e-03
1.4398060e+00 1.0987739e+01 4.8461063e+33 2.9155076e+14 -2.7718621e-01 1.7116817e-01 7.7721492e-03 1.0147862e-03
1.4468376e+00 1.1019505e+01 4.5970365e+33 2.8714498e+14 -2.7624555e-01 1.6862940e-01 7.6180375e-03 9.3651821e-04
1.4534917e+00 1.1049852e+01 4.3630778e+33 2.8285497e+14 -2.7534789e-01 1.6615515e-01 7.4686370e-03 8.6167606e-04
1.4597903e+00 1.1078857e+01 4.1431896e+33 2.7865572e+14 -2.7449092e-01 1.6373093e-01 7.3230915e-03 7.8988754e-04
1.4657488e+00 1.1106564e+01 3.9365976e+33 2.7455858e+14 -2.7367322e-01 1.6136364e-01 7.1816829e-03 7.2113881e-04
1.4713871e+00 1.1133042e+01 3.7423921e+33 2.7056687e+14 -2.7289270e-01 1.5905547e-01 7.0444388e-03 6.5532195e-04
1.4767229e+00 1.1158350e+01 3.5597688e+33 2.6667513e+14 -2.7214754e-01 1.5680339e-01 6.9111273e-03 5.9227033e-04
1.4817714e+00 1.1182536e+01 3.3880315e+33 2.6286177e+14 -2.7143624e-01 1.5459483e-01 6.7810276e-03 5.3170270e-04
1.4865489e+00 1.1205654e+01 3.2264686e+33 2.5914529e+14 -2.7075709e-01 1.5244090e-01 6.6546561e-03 4.7366715e-04
1.4910715e+00 1.1227763e+01 3.0743860e+33 2.5552139e+14 -2.7010838e-01 1.5033922e-01 6.5318278e-03 4.1802262e-04
1.4953538e+00 1.1248911e+01 2.9311673e+33 2.5198664e+14 -2.6948858e-01 1.4828794e-01 6.4123916e-03 3.6464775e-04
1.4994098e+00 1.1269146e+01 2.7962276e+33 2.4852714e+14 -2.6889618e-01 1.4627899e-01 6.2958772e-03 3.1334491e-04
1.5032528e+00 1.1288516e+01 2.6690205e+33 2.4514481e+14 -2.6832976e-01 1.4431364e-01 6.1823047e-03 2.6404717e-04
1.5068949e+00 1.1307063e+01 2.5490466e+33 2.4184322e+14 -2.6778802e-01 1.4239412e-01 6.0717494e-03 2.1670562e-04
1.5103489e+00 1.1324834e+01 2.4358002e+33 2.3861835e+14 -2.6726951e-01 1.4051818e-01 5.9640528e-03 1.7120980e-04
1.5136263e+00 1.1341870e+01 2.3288301e+33 2.3546687e+14 -2.6677297e-01 1.3868399e-01 5.8590818e-03 1.2746361e-04
1.5167377e+00 1.1358212e+01 2.2277188e+33 2.3238567e+14 -2.6629720e-01 1.3688979e-01 5.7567126e-03 8.5377726e-05
1.5196930e+00 1.1373894e+01 2.1320837e+33 2.2936617e+14 -2.6584111e-01 1.3513064e-01 5.6566567e-03 4.4831070e-05
1.5225013e+00 1.1388951e+01 2.0415735e+33 2.2640796e+14 -2.6540366e-01 1.3340635e-01 5.5588787e-03 1.0050297e-05
1.5251707e+00 1.1403412e+01 1.9558769e+33 2.2351390e+14 -2.6498396e-01 1.3171870e-01 5.4634472e-03 5.4634472e-11
1.5277083e+00 1.1417301e+01 1.8747195e+33 2.2068281e+14 -2.6458126e-01 1.3006707e-01 5.3703083e-03 5.3703083e-11
1.5301200e+00 1.1430638e+01 1.7978691e+33 2.1791453e+14 -2.6419496e-01 1.2845142e-01 5.2794437e-03 5.2794437e-11
1.5324103e+00 1.1443433e+01 1.7251463e+33 2.1521050e+14 -2.6382469e-01 1.2687264e-01 5.1908877e-03 5.1908877e-11
1.5345825e+00 1.1455694e+01 1.6564077e+33 2.1257337e+14 -2.6347024e-01 1.2533234e-01 5.1047139e-03 5.1047139e-11
1.5366376e+00 1.1467413e+01 1.5915847e+33 2.1000870e+14 -2.6313179e-01 1.2383381e-01 5.0210910e-03 5.0210910e-11
1.5385757e+00 1.1478575e+01 1.5306440e+33 2.0752376e+14 -2.6280969e-01 1.2238138e-01 4.9402419e-03 4.9402419e-11
1.5403950e+00 1.1489157e+01 1.4736103e+33 2.0512869e+14 -2.6250460e-01 1.2098100e-01 4.8624811e-03 4.8624811e-11
1.5420944e+00 1.1499138e+01 1.4204874e+33 2.0283342e+14 -2.6221711e-01 1.1963856e-01 4.7881136e-03 4.7881136e-11
1.5436694e+00 1.1508475e+01 1.3713820e+33 2.0065305e+14 -2.6194836e-01 1.1836294e-01 4.7176098e-03 4.7176098e-11
1.5451197e+00 1.1517150e+01 1.3262812e+33 1.9859834e+14 -2.6169886e-01 1.1716052e-01 4.6512955e-03 4.6512955e-11
1.5464425e+00 1.1525130e+01 1.2852385e+33 1.9668370e+14 -2.6146950e-01 1.1603979e-01 4.5896109e-03 4.5896109e-11
1.5476421e+00 1.1532426e+01 1.2481010e+33 1.9491434e+14 -2.6125997e-01 1.1500389e-01 4.5326978e-03 4.5326978e-11
1.5487213e+00 1.1539038e+01 1.2147559e+33 1.9329115e+14 -2.6107016e-01 1.1405335e-01 4.4805717e-03 4.4805717e-11
1.5496916e+00 1.1545026e+01 1.1848258e+33 1.9179987e+14 -2.6089840e-01 1.1317986e-01 4.4327684e-03 4.4327684e-11
1.5505638e+00 1.1550442e+01 1.1579684e+33 1.9044521e+14 -2.6074311e-01 1.1238630e-01 4.3893863e-03 4.3893863e-11
1.5513510e+00 1.1555359e+01 1.1337648e+33 1.8920093e+14 -2.6060218e-01 1.1165727e-01 4.3495989e-03 4.3495989e-11
1.5520691e+00 1.1559870e+01 1.1117127e+33 1.8805094e+14 -2.6047296e-01 1.1098340e-01 4.3128693e-03 4.3128693e-11
1.5527332e+00 1.1564063e+01 1.0913461e+33 1.8697531e+14 -2.6035290e-01 1.1035303e-01 4.2785492e-03 4.2785492e-11
1.5533550e+00 1.1568009e+01 1.0722985e+33 1.8595497e+14 -2.6023997e-01 1.0975498e-01 4.2460316e-03 4.2460316e-11
1.5539456e+00 1.1571774e+01 1.0542258e+33 1.8497460e+14 -2.6013223e-01 1.0918029e-01 4.2148198e-03 4.2148198e-11
1.5545145e+00 1.1575417e+01 1.0368364e+33 1.8402247e+14 -2.6002802e-01 1.0862211e-01 4.1845311e-03 4.1845311e-11
1.5550677e+00 1.1578977e+01 1.0199419e+33 1.8308133e+14 -2.5992625e-01 1.0807028e-01 4.1546349e-03 4.1546349e-11
1.5556102e+00 1.1582482e+01 1.0033947e+33 1.8215728e+14 -2.5982605e-01 1.0752847e-01 4.1252880e-03 4.1252880e-11
1.5561446e+00 1.1585952e+01 9.8710786e+32 1.8122568e+14 -2.5972691e-01 1.0698211e-01 4.0957614e-03 4.0957614e-11
1.5566729e+00 1.1589397e+01 9.7102521e+32 1.8030575e+14 -2.5962851e-01 1.0644260e-01 4.0666050e-03 4.0666050e-11
1.5571960e+00 1.1592823e+01 9.5511808e+32 1.7937566e+14 -2.5953068e-01 1.0589703e-01 4.0371827e-03 4.0371827e-11
1.5577140e+00 1.1596232e+01 9.3937756e+32 1.7845125e+14 -2.5943337e-01 1.0535477e-01 4.0079512e-03 4.0079512e-11
1.5582271e+00 1.1599624e+01 9.2380456e+32 1.7752204e+14 -2.5933658e-01 1.0480963e-01 3.9786093e-03 3.9786093e-11
1.5587348e+00 1.1602996e+01 9.0840914e+32 1.7659376e+14 -2.5924039e-01 1.0426497e-01 3.9493233e-03 3.9493233e-11
1.5592368e+00 1.1606346e+01 8.9320188e+32 1.7566706e+14 -2.5914486e-01 1.0372120e-01 3.9201152e-03 3.9201152e-11
1.5597327e+00 1.1609670e+01 8.7819585e+32 1.7473802e+14 -2.5905010e-01 1.0317599e-01 3.8908744e-03 3.8908744e-11
1.5602215e+00 1.1612962e+01 8.6341727e+32 1.7381772e+14 -2.5895627e-01 1.0263589e-01 3.8619241e-03 3.8619241e-11
1.5606986e+00 1.1616192e+01 8.4900505e+32 1.7290136e+14 -2.5886428e-01 1.0209801e-01 3.8331517e-03 3.8331517e-11
1.5611663e+00 1.1619372e+01 8.3489266e+32 1.7200353e+14 -2.5877371e-01 1.0157101e-01 3.8049624e-03 3.8049624e-11
1.5616319e+00 1.1622553e+01 8.2085616e+32 1.7108667e+14 -2.5868316e-01 1.0103273e-01 3.7762444e-03 3.7762444e-11
1.5620954e+00 1.1625734e+01 8.0689613e+32 1.7017482e+14 -2.5859261e-01 1.0049739e-01 3.7476828e-03 3.7476828e-11
1.5625567e+00 1.1628917e+01 7.9301292e+32 1.6924621e+14 -2.5850206e-01 9.9952130e-02 3.7186588e-03 3.7186588e-11
1.5629968e+00 1.1631967e+01 7.7978271e+32 1.6835796e+14 -2.5841531e-01 9.9430552e-02 3.6909056e-03 3.6909056e-11
1.5634275e+00 1.1634967e+01 7.6684734e+32 1.6747212e+14 -2.5833003e-01 9.8910315e-02 3.6632767e-03 3.6632767e-11
1.5638562e+00 1.1637967e+01 7.5398203e+32 1.6658370e+14 -2.5824476e-01 9.8388538e-02 3.6355880e-03 3.6355880e-11
1.5642829e+00 1.1640967e+01 7.4118682e+32 1.6568626e+14 -2.5815950e-01 9.7861413e-02 3.6076568e-03 3.6076568e-11
1.5647076e+00 1.1643969e+01 7.2846276e+32 1.6478166e+14 -2.5807424e-01 9.7330034e-02 3.5795357e-03 3.5795357e-11
1.5651104e+00 1.1646829e+01 7.1640827e+32 1.6391425e+14 -2.5799303e-01 9.6820473e-02 3.5525995e-03 3.5525995e-11
1.5655058e+00 1.1649650e+01 7.0458395e+32 1.6304776e+14 -2.5791294e-01 9.6311392e-02 3.5257334e-03 3.5257334e-11
1.5658994e+00 1.1652472e+01 6.9282360e+32 1.6217976e+14 -2.5783285e-01 9.5801407e-02 3.4988370e-03 3.4988370e-11
1.5662911e+00 1.1655295e+01 6.8112821e+32 1.6129504e+14 -2.5775277e-01 9.5281529e-02 3.4714785e-03 3.4714785e-11
1.5666810e+00 1.1658119e+01 6.6949806e+32 1.6041187e+14 -2.5767270e-01 9.4762554e-02 3.4441766e-03 3.4441766e-11
1.5670547e+00 1.1660838e+01 6.5836225e+32 1.5954072e+14 -2.5759561e-01 9.4250562e-02 3.4173104e-03 3.4173104e-11
1.5674192e+00 1.1663504e+01 6.4750565e+32 1.5869140e+14 -2.5752003e-01 9.3751409e-02 3.3911177e-03 3.3911177e-11
1.5677821e+00 1.1666171e+01 6.3670909e+32 1.5781679e+14 -2.5744447e-01 9.3237300e-02 3.3642171e-03 3.3642171e-11
1.5681432e+00 1.1668838e+01 6.2597340e+32 1.5694641e+14 -2.5736891e-01 9.2725683e-02 3.3374486e-03 3.3374486e-11
1.5685025e+00 1.1671507e+01 6.1529915e+32 1.5605105e+14 -2.5729335e-01 9.2199310e-02 3.3099807e-03 3.3099807e-11
1.5688540e+00 1.1674130e+01 6.0486565e+32 1.5517228e+14 -2.5721907e-01 9.1682679e-02 3.2830297e-03 3.2830297e-11
1.5691928e+00 1.1676673e+01 5.9481517e+32 1.5429545e+14 -2.5714711e-01 9.1167130e-02 3.2562047e-03 3.2562047e-11
1.5695299e+00 1.1679216e+01 5.8482297e+32 1.5341871e+14 -2.5707516e-01 9.0651615e-02 3.2293926e-03 3.2293926e-11
1.5698654e+00 1.1681760e+01 5.7488965e+32 1.5251457e+14 -2.5700321e-01 9.0119924e-02 3.2018097e-03 3.2018097e-11
1.5701990e+00 1.1684304e+01 5.6501647e+32 1.5160937e+14 -2.5693127e-01 8.9587595e-02 3.1742075e-03 3.1742075e-11
1.5705309e+00 1.1686849e+01 5.5520424e+32 1.5067094e+14 -2.5685933e-01 8.9035661e-02 3.1456683e-03 3.1456683e-11
1.5708500e+00 1.1689311e+01 5.4577387e+32 1.4976406e+14 -2.5678976e-01 8.8502269e-02 3.1180976e-03 3.1180976e-11
1.5711661e+00 1.1691762e+01 5.3644288e+32 1.4882081e+14 -2.5672050e-01 8.7947411e-02 3.0895065e-03 3.0895065e-11
1.5714803e+00 1.1694214e+01 5.2717188e+32 1.4787409e+14 -2.5665124e-01 8.7390499e-02 3.0608272e-03 3.0608272e-11
1.5717927e+00 1.1696667e+01 5.1796252e+32 1.4689166e+14 -2.5658199e-01 8.6812518e-02 3.0311398e-03 3.0311398e-11
1.5721033e+00 1.1699120e+01 5.0881588e+32 1.4589006e+14 -2.5651274e-01 8.6223222e-02 3.0009170e-03 3.0009170e-11
1.5724093e+00 1.1701554e+01 4.9980741e+32 1.4487272e+14 -2.5644406e-01 8.5624624e-02 2.9702705e-03 2.9702705e-11
1.5727077e+00 1.1703943e+01 4.9103135e+32 1.4383259e+14 -2.5637668e-01 8.5012554e-02 2.9390183e-03 2.9390183e-11
1.5730041e+00 1.1706332e+01 4.8232011e+32 1.4277353e+14 -2.5630930e-01 8.4389314e-02 2.9072401e-03 2.9072401e-11
1.5732984e+00 1.1708722e+01 4.7367602e+32 1.4167083e+14 -2.5624192e-01 8.3740329e-02 2.8742345e-03 2.8742345e-11
1.5735906e+00 1.1711112e+01 4.6510094e+32 1.4052443e+14 -2.5617456e-01 8.3065567e-02 2.8400049e-03 2.8400049e-11
1.5738805e+00 1.1713502e+01 4.5659761e+32 1.3934284e+14 -2.5610719e-01 8.2370041e-02 2.8047955e-03 2.8047955e-11
1.5741648e+00 1.1715866e+01 4.4826611e+32 1.3813400e+14 -2.5604062e-01 8.1658421e-02 2.7688544e-03 2.7688544e-11
1.5744450e+00 1.1718215e+01 4.4006253e+32 1.3686623e+14 -2.5597447e-01 8.0912024e-02 2.7312876e-03 2.7312876e-11
1.5747227e+00 1.1720564e+01 4.3193668e+32 1.3554904e+14 -2.5590833e-01 8.0136473e-02 2.6923610e-03 2.6923610e-11
1.5749978e+00 1.1722914e+01 4.2389189e+32 1.3417828e+14 -2.5584220e-01 7.9329305e-02 2.6519683e-03 2.6519683e-11
1.5752702e+00 1.1725264e+01 4.1593161e+32 1.3275029e+14 -2.5577607e-01 7.8488362e-02 2.6100226e-03 2.6100226e-11
1.5755399e+00 1.1727615e+01 4.0805930e+32 1.3126376e+14 -2.5570995e-01 7.7612853e-02 2.5665068e-03 2.5665068e-11
1.5758037e+00 1.1729941e+01 4.0036253e+32 1.2973735e+14 -2.5564456e-01 7.6713774e-02 2.5219871e-03 2.5219871e-11
1.5760644e+00 1.1732266e+01 3.9276092e+32 1.2816005e+14 -2.5557920e-01 7.5784626e-02 2.4761608e-03 2.4761608e-11
1.5763220e+00 1.1734592e+01 3.8525465e+32 1.2653830e+14 -2.5551384e-01 7.4829200e-02 2.4292350e-03 2.4292350e-11
1.5765765e+00 1.1736918e+01 3.7784609e+32 1.2488101e+14 -2.5544849e-01 7.3852731e-02 2.3814848e-03 2.3814848e-11
1.5768278e+00 1.1739245e+01 3.7053707e+32 1.2319804e+14 -2.5538314e-01 7.2861036e-02 2.3332098e-03 2.3332098e-11
1.5770752e+00 1.1741567e+01 3.6334379e+32 1.2150014e+14 -2.5531795e-01 7.1860436e-02 2.2847507e-03 2.2847507e-11
1.5773182e+00 1.1743879e+01 3.5628509e+32 1.1980336e+14 -2.5525307e-01 7.0860400e-02 2.2365680e-03 2.2365680e-11
1.5775579e+00 1.1746191e+01 3.4932657e+32 1.1810903e+14 -2.5518819e-01 6.9861705e-02 2.1886905e-03 2.1886905e-11
1.5777944e+00 1.1748503e+01 3.4246794e+32 1.1642286e+14 -2.5512333e-01 6.8867725e-02 2.1412828e-03 2.1412828e-11
1.5780276e+00 1.1750816e+01 3.3570861e+32 1.1474848e+14 -2.5505847e-01 6.7880611e-02 2.0944615e-03 2.0944615e-11
1.5782575e+00 1.1753130e+01 3.2904776e+32 1.1308839e+14 -2.5499363e-01 6.6901820e-02 2.0483118e-03 2.0483118e-11
1.5784836e+00 1.1755437e+01 3.2250449e+32 1.1145021e+14 -2.5492899e-01 6.5935866e-02 2.0030152e-03 2.0030152e-11
1.5787062e+00 1.1757741e+01 3.1606641e+32 1.0983164e+14 -2.5486445e-01 6.4981394e-02 1.9585047e-03 1.9585047e-11
1.5789257e+00 1.1760045e+01 3.0972301e+32 1.0822957e+14 -2.5479992e-01 6.4036566e-02 1.9147156e-03 1.9147156e-11
1.5791421e+00 1.1762350e+01 3.0347333e+32 1.0664350e+14 -2.5473540e-01 6.3101102e-02 1.8716296e-03 1.8716296e-11
1.5793555e+00 1.1764655e+01 2.9731646e+32 1.0507325e+14 -2.5467089e-01 6.2174893e-02 1.8292192e-03 1.8292192e-11
1.5795657e+00 1.1766960e+01 2.9125443e+32 1.0350589e+14 -2.5460642e-01 6.1250234e-02 1.7874527e-03 1.7874527e-11
1.5797723e+00 1.1769258e+01 2.8530373e+32 1.0196208e+14 -2.5454217e-01 6.0339436e-02 1.7464476e-03 1.7464476e-11
1.5799758e+00 1.1771556e+01 2.7944276e+32 1.0044155e+14 -2.5447793e-01 5.9442371e-02 1.7060608e-03 1.7060608e-11
1.5801765e+00 1.1773854e+01 2.7367017e+32 9.8943950e+13 -2.5441370e-01 5.8558834e-02 1.6662830e-03 1.6662830e-11
1.5803742e+00 1.1776153e+01 2.6798583e+32 9.7424470e+13 -2.5434948e-01 5.7662156e-02 1.6268803e-03 1.6268803e-11
1.5805690e+00 1.1778452e+01 2.6238993e+32 9.5925712e+13 -2.5428527e-01 5.6777692e-02 1.5880753e-03 1.5880753e-11
1.5807604e+00 1.1780746e+01 2.5689526e+32 9.4454067e+13 -2.5422124e-01 5.5909227e-02 1.5499722e-03 1.5499722e-11
1.5809487e+00 1.1783037e+01 2.5149437e+32 9.2995870e+13 -2.5415732e-01 5.5048653e-02 1.5124325e-03 1.5124325e-11
1.5811342e+00 1.1785328e+01 2.4617931e+32 9.1517277e+13 -2.5409341e-01 5.4175868e-02 1.4751645e-03 1.4751645e-11
1.5813168e+00 1.1787620e+01 2.4094971e+32 9.0062457e+13 -2.5402951e-01 5.3317115e-02 1.4384957e-03 1.4384957e-11
1.5814966e+00 1.1789912e+01 2.3580419e+32 8.8631027e+13 -2.5396562e-01 5.2472170e-02 1.4024164e-03 1.4024164e-11
1.5816735e+00 1.1792202e+01 2.3074743e+32 8.7189026e+13 -2.5390181e-01 5.1620861e-02 1.3687816e-03 1.3687816e-11
1.5818468e+00 1.1794482e+01 2.2579596e+32 8.5754609e+13 -2.5383828e-01 5.0773955e-02 1.3370064e-03 1.3370064e-11
1.5820173e+00 1.1796764e+01 2.2092687e+32 8.4344057e+13 -2.5377476e-01 4.9941138e-02 1.3057599e-03 1.3057599e-11
1.5821851e+00 1.1799045e+01 2.1613883e+32 8.2949537e+13 -2.5371126e-01 4.9117763e-02 1.2761517e-03 1.2761517e-11
1.5823502e+00 1.1801327e+01 2.1143241e+32 8.1530016e+13 -2.5364777e-01 4.8279467e-02 1.2543715e-03 1.2543715e-11
1.5825126e+00 1.1803609e+01 2.0680744e+32 8.0135059e+13 -2.5358429e-01 4.7455678e-02 1.2329683e-03 1.2329683e-11
1.5826714e+00 1.1805879e+01 2.0228947e+32 7.8772375e+13 -2.5352120e-01 4.6650948e-02 1.2120602e-03 1.2120602e-11
1.5828273e+00 1.1808146e+01 1.9785463e+32 7.7394202e+13 -2.5345818e-01 4.5836937e-02 1.1909110e-03 1.1909110e-11
1.5829806e+00 1.1810414e+01 1.9349881e+32 7.6029244e+13 -2.5339518e-01 4.5030697e-02 1.1699637e-03 1.1699637e-11
1.5831312e+00 1.1812682e+01 1.8922067e+32 7.4688629e+13 -2.5333219e-01 4.4238835e-02 1.1493900e-03 1.1493900e-11
1.5832793e+00 1.1814950e+01 1.8501919e+32 7.3347013e+13 -2.5326922e-01 4.3446297e-02 1.1287986e-03 1.1287986e-11
1.5834240e+00 1.1817208e+01 1.8091607e+32 7.2015496e+13 -2.5320658e-01 4.2659652e-02 1.1083605e-03 1.1083605e-11
1.5835657e+00 1.1819457e+01 1.7690345e+32 7.0713347e+13 -2.5314419e-01 4.1890358e-02 1.0883731e-03 1.0883731e-11
1.5837048e+00 1.1821707e+01 1.7296436e+32 6.9419694e+13 -2.5308181e-01 4.1126027e-02 1.0685147e-03 1.0685147e-11
1.5838415e+00 1.1823957e+01 1.6909909e+32 6.8125749e+13 -2.5301945e-01 4.0361434e-02 1.0486494e-03 1.0486494e-11
1.5839757e+00 1.1826207e+01 1.6530666e+32 6.6856187e+13 -2.5295710e-01 3.9611248e-02 1.0291585e-03 1.0291585e-11
1.5841069e+00 1.1828449e+01 1.6160066e+32 6.5605014e+13 -2.5289501e-01 3.8871886e-02 1.0099487e-03 1.0099487e-11
1.5842348e+00 1.1830675e+01 1.5799091e+32 6.4363532e+13 -2.5283337e-01 3.8138156e-02 9.9088537e-04 9.9088537e-12
1.5843604e+00 1.1832902e+01 1.5445022e+32 6.3145799e+13 -2.5277174e-01 3.7418463e-02 9.7218668e-04 9.7218668e-12
1.5844837e+00 1.1835129e+01 1.5097733e+32 6.1943291e+13 -2.5271013e-01 3.6707729e-02 9.5372077e-04 9.5372077e-12
1.5846046e+00 1.1837357e+01 1.4757200e+32 6.0744903e+13 -2.5264853e-01 3.5999340e-02 9.3531577e-04 9.3531577e-12
1.5847230e+00 1.1839579e+01 1.4424263e+32 5.9573245e+13 -2.5258712e-01 3.5306751e-02 9.1732130e-04 9.1732130e-12
1.5848379e+00 1.1841778e+01 1.4101171e+32 5.8429076e+13 -2.5252635e-01 3.4630372e-02 8.9974798e-04 8.9974798e-12
1.5849507e+00 1.1843978e+01 1.3784406e+32 5.7292765e+13 -2.5246560e-01 3.3958557e-02 8.8229325e-04 8.8229325e-12
1.5850613e+00 1.1846178e+01 1.3473870e+32 5.6178796e+13 -2.5240486e-01 3.3299952e-02 8.6518172e-04 8.6518172e-12
1.5851699e+00 1.1848378e+01 1.3169445e+32 5.5080076e+13 -2.5234413e-01 3.2650317e-02 8.4830327e-04 8.4830327e-12
1.5852762e+00 1.1850575e+01 1.2871616e+32 5.3994784e+13 -2.5228353e-01 3.2008554e-02 8.3162930e-04 8.3162930e-12
1.5853790e+00 1.1852743e+01 1.2583612e+32 5.2945294e+13 -2.5222376e-01 3.1387961e-02 8.1550538e-04 8.1550538e-12
1.5854800e+00 1.1854911e+01 1.2301276e+32 5.1910349e+13 -2.5216400e-01 3.0775918e-02 7.9960360e-04 7.9960360e-12
1.5855789e+00 1.1857080e+01 1.2024548e+32 5.0889098e+13 -2.5210425e-01 3.0171918e-02 7.8391080e-04 7.8391080e-12
1.5856760e+00 1.1859248e+01 1.1753326e+32 4.9888164e+13 -2.5204451e-01 2.9579935e-02 7.6853020e-04 7.6853020e-12
1.5857711e+00 1.1861415e+01 1.1487828e+32 4.8902797e+13 -2.5198486e-01 2.8997102e-02 7.5338734e-04 7.5338734e-12
1.5858629e+00 1.1863547e+01 1.1231798e+32 4.7948375e+13 -2.5192619e-01 2.8432529e-02 7.3871892e-04 7.3871892e-12
1.5859530e+00 1.1865680e+01 1.0980823e+32 4.7012791e+13 -2.5186753e-01 2.7879101e-02 7.2434002e-04 7.2434002e-12
1.5860413e+00 1.1867813e+01 1.0734808e+32 4.6091020e+13 -2.5180888e-01 2.7333783e-02 7.1017186e-04 7.1017186e-12
1.5861280e+00 1.1869946e+01 1.0493683e+32 4.5185012e+13 -2.5175024e-01 2.6797757e-02 6.9624512e-04 6.9624512e-12
1.5862129e+00 1.1872077e+01 1.0257639e+32 4.4298098e+13 -2.5169169e-01 2.6273029e-02 6.8261192e-04 6.8261192e-12
1.5862947e+00 1.1874170e+01 1.0030432e+32 4.3440516e+13 -2.5163421e-01 2.5765591e-02 6.6942793e-04 6.6942793e-12
1.5863749e+00 1.1876263e+01 9.8076795e+31 4.2598338e+13 -2.5157674e-01 2.5267245e-02 6.5648017e-04 6.5648017e-12
1.5864536e+00 1.1878357e+01 9.5892957e+31 4.1772677e+13 -2.5151929e-01 2.4778673e-02 6.4378634e-04 6.4378634e-12
1.5865308e+00 1.1880451e+01 9.3752003e+31 4.0960132e+13 -2.5146185e-01 2.4297798e-02 6.3129251e-04 6.3129251e-12
1.5866065e+00 1.1882541e+01 9.1657248e+31 4.0164271e+13 -2.5140453e-01 2.3826781e-02 6.1905479e-04 6.1905479e-12
1.5866792e+00 1.1884592e+01 8.9642897e+31 3.9398958e+13 -2.5134833e-01 2.3373843e-02 6.0728679e-04 6.0728679e-12
1.5867507e+00 1.1886642e+01 8.7667434e+31 3.8645994e+13 -2.5129215e-01 2.2928152e-02 5.9570710e-04 5.9570710e-12
1.5868208e+00 1.1888693e+01 8.5730190e+31 3.7907073e+13 -2.5123597e-01 2.2490760e-02 5.8434301e-04 5.8434301e-12
1.5868895e+00 1.1890745e+01 8.3830427e+31 3.7182447e+13 -2.5117981e-01 2.2061831e-02 5.7319880e-04 5.7319880e-12
1.5869568e+00 1.1892790e+01 8.1973704e+31 3.6472287e+13 -2.5112386e-01 2.1641406e-02 5.6227555e-04 5.6227555e-12
1.5870216e+00 1.1894795e+01 8.0188401e+31 3.5789057e+13 -2.5106901e-01 2.1236913e-02 5.5176623e-04 5.5176623e-12
1.5870851e+00 1.1896800e+01 7.8436945e+31 3.5118780e+13 -2.5101418e-01 2.0840088e-02 5.4145614e-04 5.4145614e-12
1.5871475e+00 1.1898805e+01 7.6718722e+31 3.4459662e+13 -2.5095936e-01 2.0449819e-02 5.3131638e-04 5.3131638e-12
1.5872088e+00 1.1900811e+01 7.5033152e+31 3.3812672e+13 -2.5090456e-01 2.0066719e-02 5.2136287e-04 5.2136287e-12
1.5872686e+00 1.1902806e+01 7.3388700e+31 3.3181465e+13 -2.5085007e-01 1.9692964e-02 5.1165216e-04 5.1165216e-12
1.5873262e+00 1.1904763e+01 7.1806238e+31 3.2572755e+13 -2.5079664e-01 1.9332487e-02 5.0228643e-04 5.0228643e-12
1.5873828e+00 1.1906720e+01 7.0253181e+31 3.1974900e+13 -2.5074323e-01 1.8978423e-02 4.9308734e-04 4.9308734e-12
1.5874383e+00 1.1908678e+01 6.8728980e+31 3.1388153e+13 -2.5068983e-01 1.8630938e-02 4.8405917e-04 4.8405917e-12
1.5874929e+00 1.1910636e+01 6.7233109e+31 3.0811232e+13 -2.5063644e-01 1.8289238e-02 4.7518130e-04 4.7518130e-12
1.5875460e+00 1.1912578e+01 6.5777206e+31 3.0249083e+13 -2.5058351e-01 1.7956267e-02 4.6653023e-04 4.6653023e-12
1.5875973e+00 1.1914484e+01 6.4374082e+31 2.9707314e+13 -2.5053155e-01 1.7635367e-02 4.5819277e-04 4.5819277e-12
1.5876477e+00 1.1916391e+01 6.2996412e+31 2.9174553e+13 -2.5047961e-01 1.7319780e-02 4.4999337e-04 4.4999337e-12
1.5876971e+00 1.1918299e+01 6.1643788e+31 2.8650549e+13 -2.5042768e-01 1.7009354e-02 4.4192805e-04 4.4192805e-12
1.5877458e+00 1.1920206e+01 6.0315764e+31 2.8136075e+13 -2.5037576e-01 1.6704574e-02 4.3400940e-04 4.3400940e-12
1.5877930e+00 1.1922092e+01 5.9026842e+31 2.7636240e+13 -2.5032445e-01 1.6408453e-02 4.2631576e-04 4.2631576e-12
1.5878386e+00 1.1923947e+01 5.7782105e+31 2.7152218e+13 -2.5027402e-01 1.6121668e-02 4.1886465e-04 4.1886465e-12
1.5878835e+00 1.1925802e+01 5.6559443e+31 2.6676779e+13 -2.5022359e-01 1.5839969e-02 4.1154569e-04 4.1154569e-12
1.5879276e+00 1.1927657e+01 5.5358462e+31 2.6209750e+13 -2.5017317e-01 1.5563252e-02 4.0435617e-04 4.0435617e-12
1.5879709e+00 1.1929512e+01 5.4178818e+31 2.5749057e+13 -2.5012277e-01 1.5290248e-02 3.9726312e-04 3.9726312e-12
1.5880128e+00 1.1931340e+01 5.3037490e+31 2.5303328e+13 -2.5007313e-01 1.5026111e-02 3.9040046e-04 3.9040046e-12
1.5880535e+00 1.1933141e+01 5.1932634e+31 2.4871843e+13 -2.5002425e-01 1.4770415e-02 3.8375710e-04 3.8375710e-12
1.5880935e+00 1.1934942e+01 5.0846883e+31 2.4446342e+13 -2.4997537e-01 1.4518238e-02 3.7720518e-04 3.7720518e-12
1.5881328e+00 1.1936744e+01 4.9779967e+31 2.4027601e+13 -2.4992650e-01 1.4270057e-02 3.7075706e-04 3.7075706e-12
1.5881714e+00 1.1938546e+01 4.8731561e+31 2.3616125e+13 -2.4987764e-01 1.4026181e-02 3.6442081e-04 3.6442081e-12
1.5882087e+00 1.1940314e+01 4.7720323e+31 2.3218450e+13 -2.4982970e-01 1.3790473e-02 3.5829677e-04 3.5829677e-12
1.5882449e+00 1.1942060e+01 4.6739060e+31 2.2831130e+13 -2.4978239e-01 1.3560880e-02 3.5233162e-04 3.5233162e-12
1.5882806e+00 1.1943807e+01 4.5774376e+31 2.2450354e+13 -2.4973509e-01 1.3335167e-02 3.4646725e-04 3.4646725e-12
1.5883156e+00 1.1945553e+01 4.4825989e+31 2.2076011e+13 -2.4968780e-01 1.3113266e-02 3.4070194e-04 3.4070194e-12
1.5883501e+00 1.1947300e+01 4.3893662e+31 2.1705806e+13 -2.4964052e-01 1.2893789e-02 3.3499961e-04 3.3499961e-12
1.5883833e+00 1.1949009e+01 4.2996935e+31 2.1349559e+13 -2.4959427e-01 1.2682584e-02 3.2951220e-04 3.2951220e-12
1.5884156e+00 1.1950699e+01 4.2124940e+31 2.1003137e+13 -2.4954856e-01 1.2477205e-02 3.2417615e-04 3.2417615e-12
1.5884473e+00 1.1952390e+01 4.1267287e+31 2.0661327e+13 -2.4950285e-01 1.2274547e-02 3.1891078e-04 3.1891078e-12
1.5884786e+00 1.1954080e+01 4.0423813e+31 2.0323787e+13 -2.4945716e-01 1.2074404e-02 3.1371078e-04 3.1371078e-12
1.5885094e+00 1.1955771e+01 3.9594296e+31 1.9991833e+13 -2.4941147e-01 1.1877574e-02 3.0859684e-04 3.0859684e-12
1.5885390e+00 1.1957421e+01 3.8798039e+31 1.9673188e+13 -2.4936689e-01 1.1688635e-02 3.0368793e-04 3.0368793e-12
1.5885678e+00 1.1959055e+01 3.8022707e+31 1.9360623e+13 -2.4932279e-01 1.1503277e-02 2.9887206e-04 2.9887206e-12
1.5885961e+00 1.1960689e+01 3.7259861e+31 1.9052858e+13 -2.4927869e-01 1.1320764e-02 2.9413010e-04 2.9413010e-12
1.5886240e+00 1.1962322e+01 3.6509299e+31 1.8750049e+13 -2.4923460e-01 1.1141189e-02 2.8946449e-04 2.8946449e-12
1.5886515e+00 1.1963957e+01 3.5770825e+31 1.8451300e+13 -2.4919053e-01 1.0964015e-02 2.8486124e-04 2.8486124e-12
1.5886779e+00 1.1965550e+01 3.5062545e+31 1.8162969e+13 -2.4914757e-01 1.0793003e-02 2.8041810e-04 2.8041810e-12
1.5887036e+00 1.1967126e+01 3.4372866e+31 1.7882211e+13 -2.4910508e-01 1.0626482e-02 2.7609164e-04 2.7609164e-12
1.5887289e+00 1.1968702e+01 3.3693985e+31 1.7605848e+13 -2.4906260e-01 1.0462568e-02 2.7183292e-04 2.7183292e-12
1.5887538e+00 1.1970279e+01 3.3025752e+31 1.7332146e+13 -2.4902013e-01 1.0300218e-02 2.6761483e-04 2.6761483e-12
1.5887784e+00 1.1971856e+01 3.2368072e+31 1.7061761e+13 -2.4897767e-01 1.0139829e-02 2.6344767e-04 2.6344767e-12
1.5888020e+00 1.1973394e+01 3.1736569e+31 1.6802137e+13 -2.4893626e-01 9.9858225e-03 2.5944636e-04 2.5944636e-12
1.5888249e+00 1.1974912e+01 3.1122771e+31 1.6549793e+13 -2.4889539e-01 9.8361340e-03 2.5555723e-04 2.5555723e-12
1.5888475e+00 1.1976431e+01 3.0518349e+31 1.6298929e+13 -2.4885453e-01 9.6873062e-03 2.5169046e-04 2.5169046e-12
1.5888698e+00 1.1977950e+01 2.9923216e+31 1.6051619e+13 -2.4881367e-01 9.5405842e-03 2.4787841e-04 2.4787841e-12
1.5888917e+00 1.1979469e+01 2.9337230e+31 1.5808110e+13 -2.4877283e-01 9.3961173e-03 2.4412494e-04 2.4412494e-12
1.5889129e+00 1.1980956e+01 2.8772427e+31 1.5573152e+13 -2.4873286e-01 9.2567223e-03 2.4050325e-04 2.4050325e-12
1.5889334e+00 1.1982417e+01 2.8225979e+31 1.5343423e+13 -2.4869361e-01 9.1204130e-03 2.3696174e-04 2.3696174e-12
1.5889536e+00 1.1983878e+01 2.7687694e+31 1.5117126e+13 -2.4865436e-01 8.9861402e-03 2.3347313e-04 2.3347313e-12
1.5889735e+00 1.1985339e+01 2.7157449e+31 1.4894210e+13 -2.4861512e-01 8.8538730e-03 2.3003664e-04 2.3003664e-12
1.5889931e+00 1.1986801e+01 2.6635126e+31 1.4674050e+13 -2.4857589e-01 8.7232378e-03 2.2664254e-04 2.2664254e-12
1.5890121e+00 1.1988241e+01 2.6128058e+31 1.4458204e+13 -2.4853724e-01 8.5951499e-03 2.2331463e-04 2.2331463e-12
1.5890304e+00 1.1989644e+01 2.5641441e+31 1.4251065e+13 -2.4849959e-01 8.4722281e-03 2.2012094e-04 2.2012094e-12
1.5890484e+00 1.1991047e+01 2.5161884e+31 1.4046930e+13 -2.4846196e-01 8.3510897e-03 2.1697359e-04 2.1697359e-12
1.5890662e+00 1.1992451e+01 2.4689287e+31 1.3845099e+13 -2.4842433e-01 8.2313145e-03 2.1386166e-04 2.1386166e-12
1.5890838e+00 1.1993854e+01 2.4223608e+31 1.3644218e+13 -2.4838670e-01 8.1120915e-03 2.1076407e-04 2.1076407e-12
1.5891010e+00 1.1995254e+01 2.3766197e+31 1.3446903e+13 -2.4834920e-01 7.9949854e-03 2.0772148e-04 2.0772148e-12
1.5891173e+00 1.1996599e+01 2.3332734e+31 1.3259918e+13 -2.4831316e-01 7.8840101e-03 2.0483818e-04 2.0483818e-12
1.5891334e+00 1.1997945e+01 2.2905377e+31 1.3074995e+13 -2.4827711e-01 7.7742554e-03 2.0198659e-04 2.0198659e-12
1.5891493e+00 1.1999291e+01 2.2484094e+31 1.2890678e+13 -2.4824108e-01 7.6648501e-03 1.9914408e-04 1.9914408e-12
1.5891650e+00 1.2000637e+01 2.2068824e+31 1.2708992e+13 -2.4820505e-01 7.5570062e-03 1.9634213e-04 1.9634213e-12
1.5891805e+00 1.2001983e+01 2.1659480e+31 1.2529899e+13 -2.4816903e-01 7.4507014e-03 1.9358018e-04 1.9358018e-12
1.5891953e+00 1.2003290e+01 2.1267578e+31 1.2358107e+13 -2.4813405e-01 7.3487291e-03 1.9093079e-04 1.9093079e-12
1.5892097e+00 1.2004579e+01 2.0886696e+31 1.2188957e+13 -2.4809959e-01 7.2483144e-03 1.8832186e-04 1.8832186e-12
1.5892239e+00 1.2005868e+01 2.0511092e+31 1.2022151e+13 -2.4806513e-01 7.1492911e-03 1.8574909e-04 1.8574909e-12
1.5892379e+00 1.2007157e+01 2.0140691e+31 1.1857657e+13 -2.4803068e-01 7.0516397e-03 1.8321197e-04 1.8321197e-12
1.5892517e+00 1.2008446e+01 1.9775421e+31 1.1695440e+13 -2.4799623e-01 6.9553410e-03 1.8070998e-04 1.8070998e-12
1.5892653e+00 1.2009727e+01 1.9417348e+31 1.1534046e+13 -2.4796200e-01 6.8595199e-03 1.7822041e-04 1.7822041e-12
1.5892781e+00 1.2010959e+01 1.9077849e+31 1.1380884e+13 -2.4792909e-01 6.7685852e-03 1.7585779e-04 1.7585779e-12
1.5892908e+00 1.2012191e+01 1.8742913e+31 1.1229780e+13 -2.4789618e-01 6.6788727e-03 1.7352693e-04 1.7352693e-12
1.5893034e+00 1.2013424e+01 1.8412479e+31 1.1080706e+13 -2.4786329e-01 6.5903659e-03 1.7122739e-04 1.7122739e-12
1.5893157e+00 1.2014656e+01 1.8086501e+31 1.0932027e+13 -2.4783039e-01 6.5020863e-03 1.6893376e-04 1.6893376e-12
1.5893280e+00 1.2015889e+01 1.7764970e+31 1.0784558e+13 -2.4779751e-01 6.4145210e-03 1.6665869e-04 1.6665869e-12
1.5893398e+00 1.2017098e+01 1.7453930e+31 1.0641900e+13 -2.4776526e-01 6.3298131e-03 1.6445785e-04 1.6445785e-12
1.5893511e+00 1.2018274e+01 1.7155220e+31 1.0504897e+13 -2.4773388e-01 6.2484630e-03 1.6234426e-04 1.6234426e-12
1.5893623e+00 1.2019451e+01 1.6860407e+31 1.0368941e+13 -2.4770251e-01 6.1677315e-03 1.6024674e-04 1.6024674e-12
1.5893734e+00 1.2020628e+01 1.6569483e+31 1.0233187e+13 -2.4767115e-01 6.0871143e-03 1.5815218e-04 1.5815218e-12
1.5893843e+00 1.2021805e+01 1.6282414e+31 1.0099232e+13 -2.4763978e-01 6.0075651e-03 1.5608537e-04 1.5608537e-12
1.5893951e+00 1.2022982e+01 1.5999147e+31 9.9670513e+12 -2.4760842e-01 5.9290696e-03 1.5404594e-04 1.5404594e-12
1.5894055e+00 1.2024131e+01 1.5726353e+31 9.8397574e+12 -2.4757783e-01 5.8534761e-03 1.5208191e-04 1.5208191e-12
1.5894155e+00 1.2025253e+01 1.5463310e+31 9.7149948e+12 -2.4754795e-01 5.7793782e-03 1.5015674e-04 1.5015674e-12
1.5894254e+00 1.2026375e+01 1.5203647e+31 9.5916314e+12 -2.4751807e-01 5.7061105e-03 1.4825314e-04 1.4825314e-12
1.5894352e+00 1.2027497e+01 1.4947320e+31 9.4698528e+12 -2.4748820e-01 5.6337842e-03 1.4637400e-04 1.4637400e-12
1.5894449e+00 1.2028620e+01 1.4694286e+31 9.3496386e+12 -2.4745833e-01 5.5623869e-03 1.4451899e-04 1.4451899e-12
1.5894544e+00 1.2029743e+01 1.4444506e+31 9.2300989e+12 -2.4742847e-01 5.4913871e-03 1.4267431e-04 1.4267431e-12
1.5894636e+00 1.2030845e+01 1.4202332e+31 9.1128761e+12 -2.4739914e-01 5.4217589e-03 1.4086527e-04 1.4086527e-12
1.5894725e+00 1.2031914e+01 1.3970549e+31 9.0006829e+12 -2.4737071e-01 5.3551181e-03 1.3913385e-04 1.3913385e-12
1.5894812e+00 1.2032983e+01 1.3741652e+31 8.8898870e+12 -2.4734229e-01 5.2893073e-03 1.3742398e-04 1.3742398e-12
1.5894899e+00 1.2034053e+01 1.3515605e+31 8.7804708e+12 -2.4731387e-01 5.2243160e-03 1.3573541e-04 1.3573541e-12
1.5894984e+00 1.2035122e+01 1.3292390e+31 8.6707729e+12 -2.4728546e-01 5.1591520e-03 1.3404236e-04 1.3404236e-12
1.5895069e+00 1.2036192e+01 1.3072005e+31 8.5620139e+12 -2.4725705e-01 5.0945441e-03 1.3236375e-04 1.3236375e-12
1.5895152e+00 1.2037261e+01 1.2854417e+31 8.4546346e+12 -2.4722864e-01 5.0307559e-03 1.3070643e-04 1.3070643e-12
1.5895230e+00 1.2038282e+01 1.2649366e+31 8.3534429e+12 -2.4720154e-01 4.9706434e-03 1.2914462e-04 1.2914462e-12
1.5895308e+00 1.2039299e+01 1.2447415e+31 8.2535349e+12 -2.4717452e-01 4.9112926e-03 1.2760260e-04 1.2760260e-12
1.5895384e+00 1.2040317e+01 1.2247931e+31 8.1531025e+12 -2.4714751e-01 4.8516248e-03 1.2605234e-04 1.2605234e-12
1.5895460e+00 1.2041335e+01 1.2050901e+31 8.0539061e+12 -2.4712050e-01 4.7926913e-03 1.2452117e-04 1.2452117e-12
1.5895534e+00 1.2042353e+01 1.1856295e+31 7.9559299e+12 -2.4709350e-01 4.7344827e-03 1.2300882e-04 1.2300882e-12
1.5895608e+00 1.2043371e+01 1.1664084e+31 7.8591590e+12 -2.4706650e-01 4.6769902e-03 1.2151509e-04 1.2151509e-12
1.5895680e+00 1.2044380e+01 1.1475786e+31 7.7635658e+12 -2.4703972e-01 4.6201950e-03 1.2003946e-04 1.2003946e-12
1.5895749e+00 1.2045348e+01 1.1297503e+31 7.6719383e+12 -2.4701406e-01 4.5657526e-03 1.1862497e-04 1.1862497e-12
1.5895817e+00 1.2046316e+01 1.1121346e+31 7.5814040e+12 -2.4698840e-01 4.5119597e-03 1.1722735e-04 1.1722735e-12
1.5895883e+00 1.2047284e+01 1.0947292e+31 7.4919498e+12 -2.4696275e-01 4.4588087e-03 1.1584641e-04 1.1584641e-12
1.5895950e+00 1.2048252e+01 1.0775314e+31 7.4035628e+12 -2.4693710e-01 4.4062916e-03 1.1448194e-04 1.1448194e-12
1.5896015e+00 1.2049220e+01 1.0605393e+31 7.3151902e+12 -2.4691145e-01 4.3537802e-03 1.1311761e-04 1.1311761e-12
1.5896080e+00 1.2050188e+01 1.0437538e+31 7.2270737e+12 -2.4688580e-01 4.3014185e-03 1.1175718e-04 1.1175718e-12
1.5896143e+00 1.2051157e+01 1.0271727e+31 7.1400300e+12 -2.4686016e-01 4.2496943e-03 1.1041331e-04 1.1041331e-12
1.5896203e+00 1.2052078e+01 1.0115865e+31 7.0582091e+12 -2.4683577e-01 4.2010737e-03 1.0915008e-04 1.0915008e-12
1.5896263e+00 1.2052998e+01 9.9620000e+30 6.9774369e+12 -2.4681142e-01 4.1530763e-03 1.0790303e-04 1.0790303e-12
1.5896321e+00 1.2053918e+01 9.8099242e+30 6.8964082e+12 -2.4678706e-01 4.1049231e-03 1.0665194e-04 1.0665194e-12
1.5896379e+00 1.2054839e+01 9.6596436e+30 6.8157812e+12 -2.4676271e-01 4.0570072e-03 1.0540701e-04 1.0540701e-12
1.5896436e+00 1.2055759e+01 9.5111383e+30 6.7361068e+12 -2.4673836e-01 4.0096573e-03 1.0417679e-04 1.0417679e-12
1.5896493e+00 1.2056679e+01 9.3643875e+30 6.6573736e+12 -2.4671402e-01 3.9628668e-03 1.0296111e-04 1.0296111e-12
1.5896549e+00 1.2057600e+01 9.2193701e+30 6.5795704e+12 -2.4668968e-01 3.9166290e-03 1.0175978e-04 1.0175978e-12
1.5896604e+00 1.2058508e+01 9.0780604e+30 6.5024404e+12 -2.4666568e-01 3.8707878e-03 1.0056876e-04 1.0056876e-12
1.5896655e+00 1.2059382e+01 8.9435593e+30 6.4286516e+12 -2.4664257e-01 3.8269313e-03 9.9429300e-05 9.9429300e-13
1.5896707e+00 1.2060256e+01 8.8106003e+30 6.3557087e+12 -2.4661946e-01 3.7835776e-03 9.8302908e-05 9.8302908e-13
1.5896758e+00 1.2061131e+01 8.6791655e+30 6.2836021e+12 -2.4659635e-01 3.7407209e-03 9.7189430e-05 9.7189430e-13
1.5896808e+00 1.2062005e+01 8.5492375e+30 6.2123221e+12 -2.4657325e-01 3.6983556e-03 9.6088717e-05 9.6088717e-13
1.5896857e+00 1.2062880e+01 8.4208085e+30 6.1406585e+12 -2.4655015e-01 3.6557591e-03 9.4981997e-05 9.4981997e-13
1.5896907e+00 1.2063754e+01 8.2938831e+30 6.0694188e+12 -2.4652705e-01 3.6134136e-03 9.3881798e-05 9.3881798e-13
1.5896955e+00 1.2064629e+01 8.1684451e+30 5.9990140e+12 -2.4650396e-01 3.5715643e-03 9.2794493e-05 9.2794493e-13
1.5897003e+00 1.2065503e+01 8.0444770e+30 5.9294342e+12 -2.4648087e-01 3.5302054e-03 9.1719928e-05 9.1719928e-13
1.5897048e+00 1.2066336e+01 7.9278541e+30 5.8639771e+12 -2.4645890e-01 3.4912971e-03 9.0709032e-05 9.0709032e-13
1.5897093e+00 1.2067166e+01 7.8129038e+30 5.7983434e+12 -2.4643699e-01 3.4522810e-03 8.9695338e-05 8.9695338e-13
1.5897137e+00 1.2067996e+01 7.6992598e+30 5.7330551e+12 -2.4641510e-01 3.4134693e-03 8.8686951e-05 8.8686951e-13
1.5897180e+00 1.2068826e+01 7.5869081e+30 5.6685092e+12 -2.4639320e-01 3.3750989e-03 8.7690032e-05 8.7690032e-13
1.5897223e+00 1.2069656e+01 7.4758339e+30 5.6046973e+12 -2.4637131e-01 3.3371648e-03 8.6704448e-05 8.6704448e-13
1.5897266e+00 1.2070486e+01 7.3660225e+30 5.5416108e+12 -2.4634942e-01 3.2996620e-03 8.5730070e-05 8.5730070e-13
1.5897308e+00 1.2071316e+01 7.2574656e+30 5.4782918e+12 -2.4632753e-01 3.2620186e-03 8.4752040e-05 8.4752040e-13
1.5897350e+00 1.2072146e+01 7.1501697e+30 5.4151698e+12 -2.4630564e-01 3.2244911e-03 8.3777019e-05 8.3777019e-13
1.5897391e+00 1.2072977e+01 7.0441222e+30 5.3527822e+12 -2.4628376e-01 3.1874001e-03 8.2813342e-05 8.2813342e-13
1.5897430e+00 1.2073771e+01 6.9438692e+30 5.2938035e+12 -2.4626283e-01 3.1523358e-03 8.1902321e-05 8.1902321e-13
1.5897468e+00 1.2074555e+01 6.8459464e+30 5.2361957e+12 -2.4624217e-01 3.1180866e-03 8.1012475e-05 8.1012475e-13
1.5897505e+00 1.2075339e+01 6.7491033e+30 5.1784841e+12 -2.4622151e-01 3.0837739e-03 8.0120981e-05 8.0120981e-13
1.5897543e+00 1.2076123e+01 6.6533469e+30 5.1207737e+12 -2.4620085e-01 3.0494605e-03 7.9229468e-05 7.9229468e-13
1.5897579e+00 1.2076908e+01 6.5586679e+30 5.0637127e+12 -2.4618019e-01 3.0155331e-03 7.8347985e-05 7.8347985e-13
1.5897616e+00 1.2077692e+01 6.4650538e+30 5.0072935e+12 -2.4615953e-01 2.9819874e-03 7.7476417e-05 7.7476417e-13
1.5897652e+00 1.2078477e+01 6.3724928e+30 4.9515089e+12 -2.4613888e-01 2.9488190e-03 7.6614653e-05 7.6614653e-13
1.5897687e+00 1.2079261e+01 6.2809747e+30 4.8958320e+12 -2.4611823e-01 2.9157135e-03 7.5754522e-05 7.5754522e-13
1.5897723e+00 1.2080046e+01 6.1905059e+30 4.8399547e+12 -2.4609758e-01 2.8824868e-03 7.4891245e-05 7.4891245e-13
1.5897758e+00 1.2080831e+01 6.1010793e+30 4.7847211e+12 -2.4607693e-01 2.8496429e-03 7.4037911e-05 7.4037911e-13
1.5897791e+00 1.2081590e+01 6.0155548e+30 4.7318975e+12 -2.4605696e-01 2.8182321e-03 7.3221813e-05 7.3221813e-13
1.5897823e+00 1.2082325e+01 5.9336668e+30 4.6813200e+12 -2.4603763e-01 2.7881568e-03 7.2440415e-05 7.2440415e-13
1.5897854e+00 1.2083060e+01 5.8526626e+30 4.6310291e+12 -2.4601830e-01 2.7582514e-03 7.1663429e-05 7.1663429e-13
1.5897886e+00 1.2083795e+01 5.7725471e+30 4.5803006e+12 -2.4599897e-01 2.7280836e-03 7.0879626e-05 7.0879626e-13
1.5897916e+00 1.2084530e+01 5.6933172e+30 4.5301329e+12 -2.4597965e-01 2.6982494e-03 7.0104487e-05 7.0104487e-13
1.5897947e+00 1.2085265e+01 5.6149628e+30 4.4805196e+12 -2.4596032e-01 2.6687448e-03 6.9337914e-05 6.9337914e-13
1.5897977e+00 1.2086000e+01 5.5374743e+30 4.4314545e+12 -2.4594100e-01 2.6395662e-03 6.8579812e-05 6.8579812e-13
1.5898007e+00 1.2086735e+01 5.4608421e+30 4.3829317e+12 -2.4592168e-01 2.6107101e-03 6.7830088e-05 6.7830088e-13
1.5898037e+00 1.2087470e+01 5.3850666e+30 4.3337699e+12 -2.4590236e-01 2.5814715e-03 6.7070424e-05 6.7070424e-13
1.5898066e+00 1.2088206e+01 5.3101492e+30 4.2851241e+12 -2.4588305e-01 2.5525396e-03 6.6318732e-05 6.6318732e-13
1.5898095e+00 1.2088941e+01 5.2360801e+30 4.2370291e+12 -2.4586373e-01 2.5239353e-03 6.5575550e-05 6.5575550e-13
1.5898123e+00 1.2089676e+01 5.1628497e+30 4.1894787e+12 -2.4584442e-01 2.4956548e-03 6.4840783e-05 6.4840783e-13
1.5898152e+00 1.2090428e+01 5.0888934e+30 4.1414569e+12 -2.4582469e-01 2.4670941e-03 6.4098733e-05 6.4098733e-13
1.5898181e+00 1.2091190e+01 5.0147335e+30 4.0922135e+12 -2.4580468e-01 2.4378044e-03 6.3337743e-05 6.3337743e-13
1.5898210e+00 1.2091952e+01 4.9414656e+30 4.0434140e+12 -2.4578466e-01 2.4087784e-03 6.2583607e-05 6.2583607e-13
1.5898238e+00 1.2092715e+01 4.8690788e+30 3.9952014e+12 -2.4576465e-01 2.3801016e-03 6.1838540e-05 6.1838540e-13
1.5898266e+00 1.2093477e+01 4.7975626e+30 3.9475686e+12 -2.4574464e-01 2.3517696e-03 6.1102433e-05 6.1102433e-13
1.5898294e+00 1.2094240e+01 4.7269064e+30 3.9004253e+12 -2.4572463e-01 2.3237286e-03 6.0373886e-05 6.0373886e-13
1.5898321e+00 1.2095003e+01 4.6571121e+30 3.8527327e+12 -2.4570463e-01 2.2953584e-03 5.9636788e-05 5.9636788e-13
1.5898348e+00 1.2095765e+01 4.5881784e+30 3.8056282e+12 -2.4568463e-01 2.2673381e-03 5.8908779e-05 5.8908779e-13
1.5898375e+00 1.2096528e+01 4.5200945e+30 3.7591044e+12 -2.4566462e-01 2.2396632e-03 5.8189744e-05 5.8189744e-13
1.5898401e+00 1.2097291e+01 4.4528499e+30 3.7131541e+12 -2.4564462e-01 2.2123295e-03 5.7479573e-05 5.7479573e-13
1.5898427e+00 1.2098054e+01 4.3864356e+30 3.6673259e+12 -2.4562463e-01 2.1850675e-03 5.6771265e-05 5.6771265e-13
1.5898453e+00 1.2098816e+01 4.3208570e+30 3.6213433e+12 -2.4560463e-01 2.1577121e-03 5.6060532e-05 5.6060532e-13
1.5898478e+00 1.2099579e+01 4.2561072e+30 3.5759420e+12 -2.4558464e-01 2.1307025e-03 5.5358783e-05 5.5358783e-13
1.5898512e+00 1.2100608e+01 4.1701391e+30 3.5156627e+12 -2.4555770e-01 2.0948419e-03 5.4427072e-05 5.4427072e-13
1.5898549e+00 1.2101742e+01 4.0770133e+30 3.4496345e+12 -2.4552798e-01 2.0555597e-03 5.3406462e-05 5.3406462e-13
1.5898585e+00 1.2102876e+01 3.9856690e+30 3.3839050e+12 -2.4549828e-01 2.0164532e-03 5.2390419e-05 5.2390419e-13
1.5898620e+00 1.2104011e+01 3.8960787e+30 3.3194377e+12 -2.4546857e-01 1.9780977e-03 5.1393886e-05 5.1393886e-13
1.5898654e+00 1.2105145e+01 3.8082128e+30 3.2555029e+12 -2.4543888e-01 1.9400575e-03 5.0405546e-05 5.0405546e-13
1.5898688e+00 1.2106280e+01 3.7220702e+30 3.1918866e+12 -2.4540918e-01 1.9022049e-03 4.9422080e-05 4.9422080e-13
1.5898721e+00 1.2107415e+01 3.6376238e+30 3.1295229e+12 -2.4537949e-01 1.8650976e-03 4.8457979e-05 4.8457979e-13
1.5898754e+00 1.2108549e+01 3.5548455e+30 3.0675849e+12 -2.4534981e-01 1.8282420e-03 4.7500415e-05 4.7500415e-13
1.5898786e+00 1.2109684e+01 3.4737334e+30 3.0061084e+12 -2.4532012e-01 1.7916593e-03 4.6549945e-05 4.6549945e-13
1.5898820e+00 1.2110940e+01 3.3858781e+30 2.9395211e+12 -2.4528728e-01 1.7520354e-03 4.5520457e-05 4.5520457e-13
1.5898864e+00 1.2112576e+01 3.2744659e+30 2.8532379e+12 -2.4524454e-01 1.7006874e-03 4.4186358e-05 4.4186358e-13
1.5898907e+00 1.2114212e+01 3.1663602e+30 2.7691525e+12 -2.4520180e-01 1.6506465e-03 4.2886222e-05 4.2886222e-13
1.5898948e+00 1.2115848e+01 3.0614964e+30 2.6856652e+12 -2.4515907e-01 1.6009575e-03 4.1595230e-05 4.1595230e-13
1.5898989e+00 1.2117484e+01 2.9598237e+30 2.6044691e+12 -2.4511636e-01 1.5526317e-03 4.0339655e-05 4.0339655e-13
1.5899027e+00 1.2119120e+01 2.8612852e+30 2.5237829e+12 -2.4507365e-01 1.5046053e-03 3.9091858e-05 3.9091858e-13
1.5899065e+00 1.2120757e+01 2.7658215e+30 2.4452385e+12 -2.4503095e-01 1.4578530e-03 3.7877164e-05 3.7877164e-13
1.5899105e+00 1.2122528e+01 2.6659036e+30 2.3613198e+12 -2.4498474e-01 1.4078981e-03 3.6579261e-05 3.6579261e-13
1.5899146e+00 1.2124440e+01 2.5619678e+30 2.2728005e+12 -2.4493490e-01 1.3552019e-03 3.5210138e-05 3.5210138e-13
1.5899185e+00 1.2126353e+01 2.4619862e+30 2.1865603e+12 -2.4488506e-01 1.3038602e-03 3.3876206e-05 3.3876206e-13
1.5899224e+00 1.2128265e+01 2.3658685e+30 2.1017077e+12 -2.4483524e-01 1.2533404e-03 3.2563628e-05 3.2563628e-13
1.5899260e+00 1.2130178e+01 2.2735200e+30 2.0189754e+12 -2.4478543e-01 1.2040805e-03 3.1283781e-05 3.1283781e-13
1.5899295e+00 1.2132091e+01 2.1848576e+30 1.9384271e+12 -2.4473563e-01 1.1561184e-03 3.0037658e-05 3.0037658e-13
1.5899330e+00 1.2134066e+01 2.0971228e+30 1.8571435e+12 -2.4468425e-01 1.1077151e-03 2.8780066e-05 2.8780066e-13
1.5899364e+00 1.2136063e+01 2.0122120e+30 1.7769315e+12 -2.4463232e-01 1.0599463e-03 2.7538964e-05 2.7538964e-13
1.5899396e+00 1.2138061e+01 1.9310138e+30 1.6989843e+12 -2.4458040e-01 1.0135234e-03 2.6332828e-05 2.6332828e-13
1.5899427e+00 1.2140059e+01 1.8534283e+30 1.6232621e+12 -2.4452849e-01 9.6842274e-04 2.5161047e-05 2.5161047e-13
1.5899457e+00 1.2142057e+01 1.7793549e+30 1.5497318e+12 -2.4447660e-01 9.2462467e-04 2.4023109e-05 2.4023109e-13
1.5899485e+00 1.2144050e+01 1.7088566e+30 1.4782217e+12 -2.4442485e-01 8.8202619e-04 2.2916337e-05 2.2916337e-13
1.5899512e+00 1.2146033e+01 1.6419962e+30 1.4092590e+12 -2.4437338e-01 8.4094219e-04 2.1848915e-05 2.1848915e-13
1.5899537e+00 1.2148017e+01 1.5782937e+30 1.3424535e+12 -2.4432193e-01 8.0114060e-04 2.0814811e-05 2.0814811e-13
1.5899561e+00 1.2150001e+01 1.5176506e+30 1.2777807e+12 -2.4427049e-01 7.6260671e-04 1.9813644e-05 1.9813644e-13
1.5899584e+00 1.2151985e+01 1.4599688e+30 1.2152174e+12 -2.4421906e-01 7.2532692e-04 1.8845060e-05 1.8845060e-13
1.5899606e+00 1.2153970e+01 1.4051501e+30 1.1547411e+12 -2.4416765e-01 6.8928786e-04 1.7908713e-05 1.7908713e-13
1.5899627e+00 1.2155906e+01 1.3543332e+30 1.0977221e+12 -2.4411750e-01 6.5530640e-04 1.7025824e-05 1.7025824e-13
1.5899646e+00 1.2157841e+01 1.3061201e+30 1.0426136e+12 -2.4406743e-01 6.2246054e-04 1.6172440e-05 1.6172440e-13
1.5899664e+00 1.2159776e+01 1.2603550e+30 9.8943676e+11 -2.4401738e-01 5.9076344e-04 1.5348903e-05 1.5348903e-13
1.5899682e+00 1.2161710e+01 1.2169519e+30 9.3814672e+11 -2.4396734e-01 5.6018848e-04 1.4554521e-05 1.4554521e-13
1.5899698e+00 1.2163646e+01 1.1758260e+30 8.8869250e+11 -2.4391731e-01 5.3070539e-04 1.3788506e-05 1.3788506e-13
1.5899714e+00 1.2165551e+01 1.1374858e+30 8.4174815e+11 -2.4386807e-01 5.0271618e-04 1.3061305e-05 1.3061305e-13
1.5899728e+00 1.2167432e+01 1.1016497e+30 7.9705270e+11 -2.4381948e-01 4.7606548e-04 1.2368881e-05 1.2368881e-13
1.5899742e+00 1.2169314e+01 1.0677407e+30 7.5396592e+11 -2.4377089e-01 4.5037171e-04 1.1701319e-05 1.1701319e-13
1.5899755e+00 1.2171196e+01 1.0356876e+30 7.1251013e+11 -2.4372233e-01 4.2564828e-04 1.1058968e-05 1.1058968e-13
1.5899767e+00 1.2173078e+01 1.0054160e+30 6.7281423e+11 -2.4367377e-01 4.0197222e-04 1.0443829e-05 1.0443829e-13
1.5899778e+00 1.2174956e+01 9.7691104e+29 6.3527756e+11 -2.4362535e-01 3.7958189e-04 9.8620958e-06 9.8620958e-14
1.5899789e+00 1.2176792e+01 9.5058159e+29 6.0107783e+11 -2.4357802e-01 3.5918013e-04 9.3320280e-06 9.3320280e-14
1.5899799e+00 1.2178628e+01 9.2565312e+29 5.6993993e+11 -2.4353070e-01 3.4060324e-04 8.8493731e-06 8.8493731e-14
1.5899809e+00 1.2180465e+01 9.0198331e+29 5.4224543e+11 -2.4348339e-01 3.2407932e-04 8.4200573e-06 8.4200573e-14
1.5899818e+00 1.2182302e+01 8.7941464e+29 5.1787709e+11 -2.4343610e-01 3.0953887e-04 8.0422749e-06 8.0422749e-14
1.5899826e+00 1.2184139e+01 8.5779916e+29 4.9763134e+11 -2.4338882e-01 2.9745719e-04 7.7283752e-06 7.7283752e-14
1.5899835e+00 1.2185954e+01 8.3726328e+29 4.7996872e+11 -2.4334212e-01 2.8691648e-04 7.4545120e-06 7.4545120e-14
1.5899843e+00 1.2187754e+01 8.1757729e+29 4.6428887e+11 -2.4329581e-01 2.7755860e-04 7.2113805e-06 7.2113805e-14
1.5899850e+00 1.2189555e+01 7.9850782e+29 4.5091530e+11 -2.4324952e-01 2.6957652e-04 7.0039945e-06 7.0039945e-14
1.5899858e+00 1.2191356e+01 7.7997694e+29 4.3831828e+11 -2.4320323e-01 2.6205778e-04 6.8086464e-06 6.8086464e-14
1.5899865e+00 1.2193158e+01 7.6194825e+29 4.2727258e+11 -2.4315696e-01 2.5546448e-04 6.6373428e-06 6.6373428e-14
1.5899872e+00 1.2194957e+01 7.4439243e+29 4.1685082e+11 -2.4311077e-01 2.4924347e-04 6.4757119e-06 6.4757119e-14
1.5899879e+00 1.2196729e+01 7.2751636e+29 4.0725468e+11 -2.4306527e-01 2.4351506e-04 6.3268795e-06 6.3268795e-14
1.5899886e+00 1.2198502e+01 7.1101694e+29 3.9841037e+11 -2.4301979e-01 2.3823516e-04 6.1896998e-06 6.1896998e-14
1.5899893e+00 1.2200275e+01 6.9487964e+29 3.8976017e+11 -2.4297432e-01 2.3307114e-04 6.0555309e-06 6.0555309e-14
1.5899899e+00 1.2202048e+01 6.7908912e+29 3.8173826e+11 -2.4292885e-01 2.2828182e-04 5.9310973e-06 5.9310973e-14
1.5899905e+00 1.2203822e+01 6.6362349e+29 3.7398509e+11 -2.4288340e-01 2.2365285e-04 5.8108299e-06 5.8108299e-14
1.5899911e+00 1.2205581e+01 6.4859819e+29 3.6645265e+11 -2.4283833e-01 2.1915568e-04 5.6939868e-06 5.6939868e-14
1.5899917e+00 1.2207330e+01 6.3395890e+29 3.5937249e+11 -2.4279354e-01 2.1492812e-04 5.5841484e-06 5.5841484e-14
1.5899923e+00 1.2209080e+01 6.1960573e+29 3.5243389e+11 -2.4274875e-01 2.1078508e-04 5.4765063e-06 5.4765063e-14
1.5899929e+00 1.2210829e+01 6.0553301e+29 3.4563329e+11 -2.4270398e-01 2.0672443e-04 5.3710047e-06 5.3710047e-14
1.5899935e+00 1.2212579e+01 5.9173339e+29 3.3904882e+11 -2.4265921e-01 2.0279245e-04 5.2688462e-06 5.2688462e-14
1.5899940e+00 1.2214328e+01 5.7821621e+29 3.3259912e+11 -2.4261451e-01 1.9894096e-04 5.1687788e-06 5.1687788e-14
1.5899946e+00 1.2216056e+01 5.6511167e+29 3.2634610e+11 -2.4257034e-01 1.9520691e-04 5.0717626e-06 5.0717626e-14
1.5899951e+00 1.2217784e+01 5.5225684e+29 3.2019621e+11 -2.4252618e-01 1.9153409e-04 4.9763373e-06 4.9763373e-14
1.5899956e+00 1.2219512e+01 5.3964720e+29 3.1416363e+11 -2.4248203e-01 1.8793133e-04 4.8827322e-06 4.8827322e-14
1.5899961e+00 1.2221241e+01 5.2727806e+29 3.0824609e+11 -2.4243789e-01 1.8439727e-04 4.7909123e-06 4.7909123e-14
1.5899966e+00 1.2222970e+01 5.1514606e+29 3.0237400e+11 -2.4239376e-01 1.8089002e-04 4.6997887e-06 4.6997887e-14
1.5899971e+00 1.2224686e+01 5.0334151e+29 2.9665894e+11 -2.4234999e-01 1.7747655e-04 4.6111017e-06 4.6111017e-14
1.5899976e+00 1.2226394e+01 4.9181626e+29 2.9107910e+11 -2.4230643e-01 1.7414384e-04 4.5245132e-06 4.5245132e-14
1.5899980e+00 1.2228102e+01 4.8051204e+29 2.8551955e+11 -2.4226288e-01 1.7082295e-04 4.4382314e-06 4.4382314e-14
1.5899985e+00 1.2229810e+01 4.6942644e+29 2.8006370e+11 -2.4221935e-01 1.6756398e-04 4.3535585e-06 4.3535585e-14
1.5899989e+00 1.2231518e+01 4.5855519e+29 2.7471333e+11 -2.4217582e-01 1.6436802e-04 4.2705228e-06 4.2705228e-14
1.5899994e+00 1.2233223e+01 4.4792293e+29 2.6938978e+11 -2.4213242e-01 1.6118777e-04 4.1878953e-06 4.1878953e-14
1.5899998e+00 1.2234910e+01 4.3760630e+29 2.6422114e+11 -2.4208947e-01 1.5810005e-04 4.1076718e-06 4.1076718e-14
1.5900002e+00 1.2236597e+01 4.2748993e+29 2.5915282e+11 -2.4204654e-01 1.5507227e-04 4.0290056e-06 4.0290056e-14
1.5900006e+00 1.2238284e+01 4.1757153e+29 2.5409685e+11 -2.4200361e-01 1.5205157e-04 3.9505234e-06 3.9505234e-14
1.5900010e+00 1.2239972e+01 4.0784886e+29 2.4914043e+11 -2.4196069e-01 1.4909034e-04 3.8735863e-06 3.8735863e-14
1.5900014e+00 1.2241660e+01 3.9831803e+29 2.4427654e+11 -2.4191779e-01 1.4618437e-04 3.7980850e-06 3.7980850e-14
1.5900018e+00 1.2243330e+01 3.8907743e+29 2.3948981e+11 -2.4187536e-01 1.4332425e-04 3.7237747e-06 3.7237747e-14
1.5900022e+00 1.2244995e+01 3.8004484e+29 2.3481084e+11 -2.4183305e-01 1.4052851e-04 3.6511371e-06 3.6511371e-14
1.5900025e+00 1.2246660e+01 3.7119074e+29 2.3021468e+11 -2.4179076e-01 1.3778221e-04 3.5797842e-06 3.5797842e-14
1.5900029e+00 1.2248326e+01 3.6251309e+29 2.2565464e+11 -2.4174847e-01 1.3505726e-04 3.5089860e-06 3.5089860e-14
1.5900033e+00 1.2249992e+01 3.5400925e+29 2.2118592e+11 -2.4170620e-01 1.3238688e-04 3.4396058e-06 3.4396058e-14
1.5900036e+00 1.2251648e+01 3.4572720e+29 2.1681957e+11 -2.4166419e-01 1.2977761e-04 3.3718131e-06 3.3718131e-14
1.5900039e+00 1.2253290e+01 3.3767829e+29 2.1253589e+11 -2.4162255e-01 1.2721755e-04 3.3052991e-06 3.3052991e-14
1.5900043e+00 1.2254933e+01 3.2979014e+29 2.0833777e+11 -2.4158091e-01 1.2470863e-04 3.2401137e-06 3.2401137e-14
1.5900046e+00 1.2256576e+01 3.2205964e+29 2.0420659e+11 -2.4153929e-01 1.2223962e-04 3.1759652e-06 3.1759652e-14
1.5900049e+00 1.2258218e+01 3.1448482e+29 2.0012963e+11 -2.4149767e-01 1.1980288e-04 3.1126548e-06 3.1126548e-14
1.5900052e+00 1.2259859e+01 3.0707320e+29 1.9614051e+11 -2.4145612e-01 1.1741863e-04 3.0507084e-06 3.0507084e-14
1.5900055e+00 1.2261477e+01 2.9991236e+29 1.9226712e+11 -2.4141517e-01 1.1510343e-04 2.9905562e-06 2.9905562e-14
1.5900058e+00 1.2263095e+01 2.9289499e+29 1.8845195e+11 -2.4137422e-01 1.1282292e-04 2.9313052e-06 2.9313052e-14
1.5900061e+00 1.2264714e+01 2.8601835e+29 1.8471329e+11 -2.4133328e-01 1.1058815e-04 2.8732425e-06 2.8732425e-14
1.5900064e+00 1.2266332e+01 2.7927984e+29 1.8102897e+11 -2.4129235e-01 1.0838572e-04 2.8160202e-06 2.8160202e-14
1.5900066e+00 1.2267951e+01 2.7267756e+29 1.7740634e+11 -2.4125143e-01 1.0622008e-04 2.7597538e-06 2.7597538e-14
1.5900069e+00 1.2269550e+01 2.6629076e+29 1.7390193e+11 -2.4121104e-01 1.0412512e-04 2.7053238e-06 2.7053238e-14
1.5900072e+00 1.2271142e+01 2.6005456e+29 1.7045828e+11 -2.4117081e-01 1.0206634e-04 2.6518335e-06 2.6518335e-14
1.5900074e+00 1.2272735e+01 2.5394338e+29 1.6707623e+11 -2.4113059e-01 1.0004432e-04 2.5992985e-06 2.5992985e-14
1.5900077e+00 1.2274328e+01 2.4795473e+29 1.6376199e+11 -2.4109037e-01 9.8062848e-05 2.5478170e-06 2.5478170e-14
1.5900079e+00 1.2275921e+01 2.4208650e+29 1.6049131e+11 -2.4105017e-01 9.6107259e-05 2.4970079e-06 2.4970079e-14
1.5900082e+00 1.2277501e+01 2.3638543e+29 1.5731025e+11 -2.4101031e-01 9.4205225e-05 2.4475903e-06 2.4475903e-14
1.5900084e+00 1.2279067e+01 2.3084770e+29 1.5422033e+11 -2.4097082e-01 9.2357687e-05 2.3995885e-06 2.3995885e-14
1.5900086e+00 1.2280633e+01 2.2542029e+29 1.5116810e+11 -2.4093134e-01 9.0532511e-05 2.3521678e-06 2.3521678e-14
1.5900088e+00 1.2282200e+01 2.2010145e+29 1.4817644e+11 -2.4089186e-01 8.8743553e-05 2.3056880e-06 2.3056880e-14
1.5900091e+00 1.2283766e+01 2.1488897e+29 1.4524245e+11 -2.4085239e-01 8.6989059e-05 2.2601037e-06 2.2601037e-14
1.5900093e+00 1.2285327e+01 2.0980213e+29 1.4235835e+11 -2.4081310e-01 8.5264251e-05 2.2152906e-06 2.2152906e-14
1.5900095e+00 1.2286865e+01 2.0488706e+29 1.3957165e+11 -2.4077436e-01 8.3597688e-05 2.1719909e-06 2.1719909e-14
1.5900097e+00 1.2288404e+01 2.0006922e+29 1.3683589e+11 -2.4073564e-01 8.1961564e-05 2.1294819e-06 2.1294819e-14
1.5900099e+00 1.2289943e+01 1.9534715e+29 1.3413691e+11 -2.4069692e-01 8.0347300e-05 2.0875410e-06 2.0875410e-14
1.5900101e+00 1.2291482e+01 1.9071917e+29 1.3149171e+11 -2.4065821e-01 7.8765205e-05 2.0464358e-06 2.0464358e-14
1.5900103e+00 1.2293021e+01 1.8618344e+29 1.2889297e+11 -2.4061951e-01 7.7210856e-05 2.0060516e-06 2.0060516e-14
1.5900105e+00 1.2294532e+01 1.8182076e+29 1.2637870e+11 -2.4058154e-01 7.5706930e-05 1.9669774e-06 1.9669774e-14
1.5900106e+00 1.2296042e+01 1.7754548e+29 1.2391481e+11 -2.4054359e-01 7.4233134e-05 1.9286860e-06 1.9286860e-14
1.5900108e+00 1.2297553e+01 1.7335445e+29 1.2149191e+11 -2.4050564e-01 7.2783809e-05 1.8910304e-06 1.8910304e-14
1.5900110e+00 1.2299063e+01 1.6924651e+29 1.1910419e+11 -2.4046771e-01 7.1355437e-05 1.8539192e-06 1.8539192e-14
1.5900112e+00 1.2300574e+01 1.6522011e+29 1.1676387e+11 -2.4042978e-01 6.9955422e-05 1.8175447e-06 1.8175447e-14
1.5900113e+00 1.2302063e+01 1.6133186e+29 1.1449484e+11 -2.4039242e-01 6.8597994e-05 1.7822768e-06 1.7822768e-14
1.5900115e+00 1.2303544e+01 1.5753871e+29 1.1227055e+11 -2.4035526e-01 6.7267258e-05 1.7477023e-06 1.7477023e-14
1.5900116e+00 1.2305026e+01 1.5381999e+29 1.1008990e+11 -2.4031810e-01 6.5962634e-05 1.7138063e-06 1.7138063e-14
1.5900118e+00 1.2306508e+01 1.5017431e+29 1.0794204e+11 -2.4028095e-01 6.4677568e-05 1.6804184e-06 1.6804184e-14
1.5900119e+00 1.2307990e+01 1.4660070e+29 1.0582720e+11 -2.4024380e-01 6.3412189e-05 1.6475420e-06 1.6475420e-14
1.5900121e+00 1.2309456e+01 1.4313613e+29 1.0377688e+11 -2.4020707e-01 6.2185419e-05 1.6156687e-06 1.6156687e-14
1.5900122e+00 1.2310908e+01 1.3977111e+29 1.0177455e+11 -2.4017070e-01 6.0987296e-05 1.5845396e-06 1.5845396e-14
1.5900124e+00 1.2312360e+01 1.3647187e+29 9.9803385e+10 -2.4013433e-01 5.9807778e-05 1.5538940e-06 1.5538940e-14
1.5900125e+00 1.2313813e+01 1.3323716e+29 9.7870778e+10 -2.4009797e-01 5.8651330e-05 1.5238478e-06 1.5238478e-14
1.5900127e+00 1.2315266e+01 1.3006583e+29 9.5964316e+10 -2.4006162e-01 5.7510458e-05 1.4942062e-06 1.4942062e-14
1.5900128e+00 1.2316708e+01 1.2697923e+29 9.4101868e+10 -2.4002553e-01 5.6395885e-05 1.4652480e-06 1.4652480e-14
1.5900129e+00 1.2318131e+01 1.2399455e+29 9.2300925e+10 -2.3998995e-01 5.5318119e-05 1.4372460e-06 1.4372460e-14
1.5900130e+00 1.2319553e+01 1.2106768e+29 9.0522771e+10 -2.3995438e-01 5.4253925e-05 1.4095967e-06 1.4095967e-14
1.5900132e+00 1.2320976e+01 1.1819791e+29 8.8773305e+10 -2.3991882e-01 5.3206866e-05 1.3823926e-06 1.3823926e-14
1.5900133e+00 1.2322400e+01 1.1538413e+29 8.7057978e+10 -2.3988326e-01 5.2180240e-05 1.3557193e-06 1.3557193e-14
1.5900134e+00 1.2323818e+01 1.1263459e+29 8.5369171e+10 -2.3984782e-01 5.1169419e-05 1.3294567e-06 1.3294567e-14
1.5900135e+00 1.2325211e+01 1.0998744e+29 8.3738190e+10 -2.3981304e-01 5.0193181e-05 1.3040926e-06 1.3040926e-14
1.5900136e+00 1.2326604e+01 1.0739135e+29 8.2138667e+10 -2.3977826e-01 4.9235774e-05 1.2792178e-06 1.2792178e-14
1.5900137e+00 1.2327997e+01 1.0484547e+29 8.0557485e+10 -2.3974349e-01 4.8289279e-05 1.2546265e-06 1.2546265e-14
1.5900138e+00 1.2329391e+01 1.0234918e+29 7.9002479e+10 -2.3970872e-01 4.7358430e-05 1.2304417e-06 1.2304417e-14
1.5900139e+00 1.2330784e+01 9.9901548e+28 7.7477776e+10 -2.3967397e-01 4.6445721e-05 1.2067281e-06 1.2067281e-14
1.5900140e+00 1.2332148e+01 9.7552732e+28 7.6001943e+10 -2.3963996e-01 4.5562203e-05 1.1837730e-06 1.1837730e-14
1.5900141e+00 1.2333512e+01 9.5250191e+28 7.4551294e+10 -2.3960597e-01 4.4693743e-05 1.1612091e-06 1.1612091e-14
1.5900142e+00 1.2334875e+01 9.2992013e+28 7.3128595e+10 -2.3957199e-01 4.3842015e-05 1.1390800e-06 1.1390800e-14
1.5900143e+00 1.2336239e+01 9.0777483e+28 7.1720848e+10 -2.3953802e-01 4.2999179e-05 1.1171819e-06 1.1171819e-14
1.5900144e+00 1.2337603e+01 8.8606081e+28 7.0336787e+10 -2.3950405e-01 4.2170505e-05 1.0956518e-06 1.0956518e-14
1.5900145e+00 1.2338942e+01 8.6515143e+28 6.9004014e+10 -2.3947070e-01 4.1372540e-05 1.0749195e-06 1.0749195e-14
1.5900146e+00 1.2340276e+01 8.4472978e+28 6.7690062e+10 -2.3943750e-01 4.0585786e-05 1.0544784e-06 1.0544784e-14
1.5900147e+00 1.2341610e+01 8.2470146e+28 6.6398081e+10 -2.3940431e-01 3.9812173e-05 1.0343788e-06 1.0343788e-14
1.5900148e+00 1.2342944e+01 8.0505893e+28 6.5130988e+10 -2.3937112e-01 3.9053462e-05 1.0146664e-06 1.0146664e-14
1.5900149e+00 1.2344278e+01 7.8579612e+28 6.3876304e+10 -2.3933794e-01 3.8302127e-05 9.9514557e-07 9.9514557e-15
1.5900149e+00 1.2345593e+01 7.6718489e+28 6.2660924e+10 -2.3930525e-01 3.7574314e-05 9.7623592e-07 9.7623592e-15
1.5900150e+00 1.2346897e+01 7.4907517e+28 6.1478295e+10 -2.3927283e-01 3.6866113e-05 9.5783582e-07 9.5783582e-15
1.5900151e+00 1.2348201e+01 7.3131167e+28 6.0306762e+10 -2.3924042e-01 3.6164507e-05 9.3960706e-07 9.3960706e-15
1.5900152e+00 1.2349506e+01 7.1389053e+28 5.9154739e+10 -2.3920801e-01 3.5474571e-05 9.2168153e-07 9.2168153e-15
1.5900152e+00 1.2350810e+01 6.9680517e+28 5.8024921e+10 -2.3917561e-01 3.4797934e-05 9.0410151e-07 9.0410151e-15
1.5900153e+00 1.2352100e+01 6.8024058e+28 5.6918360e+10 -2.3914358e-01 3.4135178e-05 8.8688213e-07 8.8688213e-15
1.5900154e+00 1.2353375e+01 6.6418211e+28 5.5842760e+10 -2.3911193e-01 3.3490954e-05 8.7014422e-07 8.7014422e-15
1.5900154e+00 1.2354651e+01 6.4842979e+28 5.4787666e+10 -2.3908029e-01 3.2859011e-05 8.5372543e-07 8.5372543e-15
1.5900155e+00 1.2355926e+01 6.3297891e+28 5.3742208e+10 -2.3904865e-01 3.2232796e-05 8.3745545e-07 8.3745545e-15
1.5900156e+00 1.2357201e+01 6.1782620e+28 5.2713940e+10 -2.3901701e-01 3.1616866e-05 8.2145267e-07 8.2145267e-15
1.5900156e+00 1.2358466e+01 6.0308656e+28 5.1713702e+10 -2.3898564e-01 3.1017725e-05 8.0588613e-07 8.0588613e-15
1.5900157e+00 1.2359712e+01 5.8884684e+28 5.0737367e+10 -2.3895475e-01 3.0432862e-05 7.9069052e-07 7.9069052e-15
1.5900158e+00 1.2360959e+01 5.7487901e+28 4.9776827e+10 -2.3892387e-01 2.9857450e-05 7.7574045e-07 7.7574045e-15
1.5900158e+00 1.2362205e+01 5.6117789e+28 4.8834628e+10 -2.3889299e-01 2.9293025e-05 7.6107586e-07 7.6107586e-15
1.5900159e+00 1.2363452e+01 5.4773938e+28 4.7900993e+10 -2.3886211e-01 2.8733692e-05 7.4654357e-07 7.4654357e-15
1.5900159e+00 1.2364692e+01 5.3462550e+28 4.6986919e+10 -2.3883140e-01 2.8186067e-05 7.3231546e-07 7.3231546e-15
1.5900160e+00 1.2365909e+01 5.2200052e+28 4.6106923e+10 -2.3880126e-01 2.7658858e-05 7.1861779e-07 7.1861779e-15
1.5900160e+00 1.2367127e+01 5.0961490e+28 4.5234786e+10 -2.3877112e-01 2.7136323e-05 7.0504157e-07 7.0504157e-15
1.5900161e+00 1.2368345e+01 4.9746625e+28 4.4376309e+10 -2.3874099e-01 2.6621960e-05 6.9167768e-07 6.9167768e-15
1.5900162e+00 1.2369563e+01 4.8555011e+28 4.3534262e+10 -2.3871086e-01 2.6117442e-05 6.7856956e-07 6.7856956e-15
1.5900162e+00 1.2370778e+01 4.7388344e+28 4.2701446e+10 -2.3868079e-01 2.5618424e-05 6.6560433e-07 6.6560433e-15
1.5900163e+00 1.2371968e+01 4.6269080e+28 4.1899464e+10 -2.3865139e-01 2.5137869e-05 6.5311881e-07 6.5311881e-15
1.5900163e+00 1.2373157e+01 4.5171010e+28 4.1112668e+10 -2.3862199e-01 2.4666415e-05 6.4086972e-07 6.4086972e-15
1.5900163e+00 1.2374347e+01 4.4093805e+28 4.0333163e+10 -2.3859259e-01 2.4199301e-05 6.2873341e-07 6.2873341e-15
1.5900164e+00 1.2375536e+01 4.3037262e+28 3.9565402e+10 -2.3856320e-01 2.3739212e-05 6.1677964e-07 6.1677964e-15
1.5900164e+00 1.2376726e+01 4.2000996e+28 3.8812377e+10 -2.3853381e-01 2.3287954e-05 6.0505529e-07 6.0505529e-15
1.5900165e+00 1.2377889e+01 4.1007310e+28 3.8083146e+10 -2.3850509e-01 2.2850930e-05 5.9370075e-07 5.9370075e-15
1.5900165e+00 1.2379051e+01 4.0033852e+28 3.7365629e+10 -2.3847641e-01 2.2420914e-05 5.8252830e-07 5.8252830e-15
1.5900166e+00 1.2380212e+01 3.9078882e+28 3.6661740e+10 -2.3844774e-01 2.1999065e-05 5.7156806e-07 5.7156806e-15
1.5900166e+00 1.2381374e+01 3.8142104e+28 3.5964688e+10 -2.3841907e-01 2.1581291e-05 5.6071367e-07 5.6071367e-15
1.5900166e+00 1.2382536e+01 3.7223350e+28 3.5277693e+10 -2.3839040e-01 2.1169533e-05 5.5001559e-07 5.5001559e-15
1.5900167e+00 1.2383676e+01 3.6339740e+28 3.4616977e+10 -2.3836230e-01 2.0773524e-05 5.3972671e-07 5.3972671e-15
1.5900167e+00 1.2384810e+01 3.5476749e+28 3.3965672e+10 -2.3833433e-01 2.0383136e-05 5.2958385e-07 5.2958385e-15
1.5900168e+00 1.2385944e+01 3.4630192e+28 3.3323413e+10 -2.3830637e-01 1.9998159e-05 5.1958157e-07 5.1958157e-15
1.5900168e+00 1.2387079e+01 3.3799769e+28 3.2693395e+10 -2.3827841e-01 1.9620518e-05 5.0976991e-07 5.0976991e-15
1.5900168e+00 1.2388213e+01 3.2985213e+28 3.2069823e+10 -2.3825045e-01 1.9246723e-05 5.0005817e-07 5.0005817e-15
1.5900169e+00 1.2389329e+01 3.2199569e+28 3.1464993e+10 -2.3822297e-01 1.8884151e-05 4.9063800e-07 4.9063800e-15
1.5900169e+00 1.2390436e+01 3.1434663e+28 3.0876127e+10 -2.3819569e-01 1.8531148e-05 4.8146648e-07 4.8146648e-15
1.5900169e+00 1.2391544e+01 3.0684218e+28 3.0293396e+10 -2.3816842e-01 1.8181807e-05 4.7239008e-07 4.7239008e-15
1.5900170e+00 1.2392651e+01 2.9948115e+28 2.9718285e+10 -2.3814116e-01 1.7837022e-05 4.6343206e-07 4.6343206e-15
1.5900170e+00 1.2393759e+01 2.9226093e+28 2.9154176e+10 -2.3811390e-01 1.7498832e-05 4.5464540e-07 4.5464540e-15
1.5900170e+00 1.2394852e+01 2.8527597e+28 2.8603830e+10 -2.3808701e-01 1.7168879e-05 4.4607273e-07 4.4607273e-15
1.5900171e+00 1.2395933e+01 2.7849653e+28 2.8066232e+10 -2.3806042e-01 1.6846557e-05 4.3769833e-07 4.3769833e-15
1.5900171e+00 1.2397014e+01 2.7184547e+28 2.7538813e+10 -2.3803383e-01 1.6530339e-05 4.2948251e-07 4.2948251e-15
1.5900171e+00 1.2398095e+01 2.6532060e+28 2.7017273e+10 -2.3800725e-01 1.6217631e-05 4.2135791e-07 4.2135791e-15
1.5900171e+00 1.2399176e+01 2.5892088e+28 2.6502141e+10 -2.3798067e-01 1.5908754e-05 4.1333282e-07 4.1333282e-15
1.5900172e+00 1.2400246e+01 2.5271238e+28 2.6002400e+10 -2.3795438e-01 1.5609105e-05 4.0554752e-07 4.0554752e-15
1.5900172e+00 1.2401301e+01 2.4670379e+28 2.5515019e+10 -2.3792845e-01 1.5316857e-05 3.9795447e-07 3.9795447e-15
1.5900172e+00 1.2402356e+01 2.4080927e+28 2.5033359e+10 -2.3790253e-01 1.5028027e-05 3.9045024e-07 3.9045024e-15
1.5900172e+00 1.2403411e+01 2.3502684e+28 2.4560858e+10 -2.3787661e-01 1.4744690e-05 3.8308871e-07 3.8308871e-15
1.5900173e+00 1.2404467e+01 2.2935453e+28 2.4093961e+10 -2.3785070e-01 1.4464702e-05 3.7581421e-07 3.7581421e-15
1.5900173e+00 1.2405513e+01 2.2383668e+28 2.3636206e+10 -2.3782500e-01 1.4190185e-05 3.6868187e-07 3.6868187e-15
1.5900173e+00 1.2406543e+01 2.1851244e+28 2.3194513e+10 -2.3779972e-01 1.3925300e-05 3.6179979e-07 3.6179979e-15
1.5900173e+00 1.2407573e+01 2.1328858e+28 2.2758157e+10 -2.3777445e-01 1.3663608e-05 3.5500063e-07 3.5500063e-15
1.5900174e+00 1.2408603e+01 2.0816428e+28 2.2326536e+10 -2.3774919e-01 1.3404744e-05 3.4827497e-07 3.4827497e-15
1.5900174e+00 1.2409633e+01 2.0313785e+28 2.1903160e+10 -2.3772392e-01 1.3150824e-05 3.4167777e-07 3.4167777e-15
1.5900174e+00 1.2410657e+01 1.9823425e+28 2.1487375e+10 -2.3769880e-01 1.2901450e-05 3.3519865e-07 3.3519865e-15
1.5900174e+00 1.2411662e+01 1.9351653e+28 2.1083883e+10 -2.3767416e-01 1.2659437e-05 3.2891080e-07 3.2891080e-15
1.5900174e+00 1.2412667e+01 1.8888801e+28 2.0688020e+10 -2.3764953e-01 1.2422001e-05 3.2274186e-07 3.2274186e-15
1.5900175e+00 1.2413672e+01 1.8434711e+28 2.0297265e+10 -2.3762490e-01 1.2187622e-05 3.1665233e-07 3.1665233e-15
1.5900175e+00 1.2414677e+01 1.7989313e+28 1.9910440e+10 -2.3760027e-01 1.1955588e-05 3.1062375e-07 3.1062375e-15
1.5900175e+00 1.2415679e+01 1.7553662e+28 1.9532079e+10 -2.3757572e-01 1.1728632e-05 3.0472710e-07 3.0472710e-15
1.5900175e+00 1.2416659e+01 1.7135649e+28 1.9166896e+10 -2.3755171e-01 1.1509574e-05 2.9903566e-07 2.9903566e-15
1.5900175e+00 1.2417640e+01 1.6725556e+28 1.8805203e+10 -2.3752770e-01 1.1292600e-05 2.9339835e-07 2.9339835e-15
1.5900176e+00 1.2418620e+01 1.6323255e+28 1.8450382e+10 -2.3750369e-01 1.1079748e-05 2.8786815e-07 2.8786815e-15
1.5900176e+00 1.2419601e+01 1.5928603e+28 1.8100406e+10 -2.3747969e-01 1.0869797e-05 2.8241332e-07 2.8241332e-15
1.5900176e+00 1.2420582e+01 1.5541602e+28 1.7753761e+10 -2.3745569e-01 1.0661835e-05 2.7701014e-07 2.7701014e-15
1.5900176e+00 1.2421530e+01 1.5174348e+28 1.7424803e+10 -2.3743248e-01 1.0464483e-05 2.7188265e-07 2.7188265e-15
1.5900176e+00 1.2422479e+01 1.4813948e+28 1.7100415e+10 -2.3740927e-01 1.0269868e-05 2.6682628e-07 2.6682628e-15
1.5900176e+00 1.2423427e+01 1.4460350e+28 1.6778736e+10 -2.3738607e-01 1.0076870e-05 2.6181189e-07 2.6181189e-15
1.5900177e+00 1.2424376e+01 1.4113447e+28 1.6463148e+10 -2.3736287e-01 9.8875253e-06 2.5689245e-07 2.5689245e-15
1.5900177e+00 1.2425325e+01 1.3773116e+28 1.6152217e+10 -2.3733967e-01 9.7009713e-06 2.5204550e-07 2.5204550e-15
1.5900177e+00 1.2426274e+01 1.3439301e+28 1.5843772e+10 -2.3731647e-01 9.5158990e-06 2.4723705e-07 2.4723705e-15
1.5900177e+00 1.2427223e+01 1.3111901e+28 1.5541255e+10 -2.3729328e-01 9.3343837e-06 2.4252101e-07 2.4252101e-15
1.5900177e+00 1.2428172e+01 1.2790798e+28 1.5243255e+10 -2.3727009e-01 9.1555749e-06 2.3787530e-07 2.3787530e-15
1.5900177e+00 1.2429102e+01 1.2482326e+28 1.4953743e+10 -2.3724738e-01 8.9818505e-06 2.3336169e-07 2.3336169e-15
1.5900177e+00 1.2430012e+01 1.2186056e+28 1.4675683e+10 -2.3722515e-01 8.8149977e-06 2.2902661e-07 2.2902661e-15
1.5900178e+00 1.2430922e+01 1.1895333e+28 1.4401805e+10 -2.3720292e-01 8.6506514e-06 2.2475665e-07 2.2475665e-15
1.5900178e+00 1.2431833e+01 1.1610109e+28 1.4129889e+10 -2.3718069e-01 8.4874740e-06 2.2051706e-07 2.2051706e-15
1.5900178e+00 1.2432743e+01 1.1330305e+28 1.3863140e+10 -2.3715847e-01 8.3273972e-06 2.1635803e-07 2.1635803e-15
1.5900178e+00 1.2433654e+01 1.1055819e+28 1.3600590e+10 -2.3713625e-01 8.1698384e-06 2.1226442e-07 2.1226442e-15
1.5900178e+00 1.2434564e+01 1.0786602e+28 1.3339875e+10 -2.3711403e-01 8.0133716e-06 2.0819918e-07 2.0819918e-15
1.5900178e+00 1.2435475e+01 1.0522578e+28 1.3084188e+10 -2.3709182e-01 7.8599228e-06 2.0421235e-07 2.0421235e-15
1.5900178e+00 1.2436385e+01 1.0263647e+28 1.2832526e+10 -2.3706960e-01 7.7088874e-06 2.0028823e-07 2.0028823e-15
1.5900178e+00 1.2437259e+01 1.0020141e+28 1.2592971e+10 -2.3704831e-01 7.5651100e-06 1.9655268e-07 1.9655268e-15
1.5900179e+00 1.2438132e+01 9.7812133e+27 1.2357920e+10 -2.3702702e-01 7.4240359e-06 1.9288737e-07 1.9288737e-15
1.5900179e+00 1.2439005e+01 9.5467736e+27 1.2126640e+10 -2.3700573e-01 7.2852234e-06 1.8928081e-07 1.8928081e-15
1.5900179e+00 1.2439878e+01 9.3167816e+27 1.1896784e+10 -2.3698444e-01 7.1472581e-06 1.8569627e-07 1.8569627e-15
1.5900179e+00 1.2440752e+01 9.0911751e+27 1.1671311e+10 -2.3696316e-01 7.0119236e-06 1.8218009e-07 1.8218009e-15
1.5900179e+00 1.2441625e+01 8.8698709e+27 1.1449575e+10 -2.3694188e-01 6.8788305e-06 1.7872213e-07 1.7872213e-15
1.5900179e+00 1.2442499e+01 8.6528288e+27 1.1229208e+10 -2.3692060e-01 6.7465515e-06 1.7528533e-07 1.7528533e-15
1.5900179e+00 1.2443372e+01 8.4399885e+27 1.1013107e+10 -2.3689932e-01 6.6168334e-06 1.7191506e-07 1.7191506e-15
1.5900179e+00 1.2444228e+01 8.2356209e+27 1.0805036e+10 -2.3687850e-01 6.4919342e-06 1.6867000e-07 1.6867000e-15
1.5900179e+00 1.2445065e+01 8.0393039e+27 1.0602531e+10 -2.3685810e-01 6.3703693e-06 1.6551156e-07 1.6551156e-15
1.5900179e+00 1.2445903e+01 7.8466877e+27 1.0403843e+10 -2.3683772e-01 6.2510961e-06 1.6241267e-07 1.6241267e-15
1.5900179e+00 1.2446740e+01 7.6577027e+27 1.0208507e+10 -2.3681733e-01 6.1338341e-06 1.5936603e-07 1.5936603e-15
1.5900180e+00 1.2447578e+01 7.4723137e+27 1.0014217e+10 -2.3679695e-01 6.0171935e-06 1.5633553e-07 1.5633553e-15
1.5900180e+00 1.2448416e+01 7.2904737e+27 9.8236475e+09 -2.3677657e-01 5.9027858e-06 1.5336305e-07 1.5336305e-15
1.5900180e+00 1.2449253e+01 7.1121143e+27 9.6363575e+09 -2.3675619e-01 5.7903464e-06 1.5044171e-07 1.5044171e-15
1.5900180e+00 1.2450091e+01 6.9372012e+27 9.4501111e+09 -2.3673581e-01 5.6785274e-06 1.4753649e-07 1.4753649e-15
1.5900180e+00 1.2450928e+01 6.7658566e+27 9.2676644e+09 -2.3671545e-01 5.5689895e-06 1.4469054e-07 1.4469054e-15
1.5900180e+00 1.2451731e+01 6.6046053e+27 9.0956115e+09 -2.3669593e-01 5.4656911e-06 1.4200669e-07 1.4200669e-15
1.5900180e+00 1.2452534e+01 6.4463879e+27 8.9244399e+09 -2.3667641e-01 5.3629162e-06 1.3933645e-07 1.3933645e-15
1.5900180e+00 1.2453338e+01 6.2911646e+27 8.7565075e+09 -2.3665688e-01 5.2620862e-06 1.3671674e-07 1.3671674e-15
1.5900180e+00 1.2454141e+01 6.1388787e+27 8.5915127e+09 -2.3663737e-01 5.1630194e-06 1.3414283e-07 1.3414283e-15
1.5900180e+00 1.2454944e+01 5.9895005e+27 8.4273072e+09 -2.3661785e-01 5.0644209e-06 1.3158110e-07 1.3158110e-15
1.5900180e+00 1.2455747e+01 5.8429931e+27 8.2662573e+09 -2.3659833e-01 4.9677173e-06 1.2906860e-07 1.2906860e-15
1.5900180e+00 1.2456551e+01 5.6993011e+27 8.1080483e+09 -2.3657882e-01 4.8727189e-06 1.2660041e-07 1.2660041e-15
1.5900180e+00 1.2457354e+01 5.5583958e+27 7.9506635e+09 -2.3655931e-01 4.7782102e-06 1.2414493e-07 1.2414493e-15
1.5900180e+00 1.2458139e+01 5.4233720e+27 7.7998483e+09 -2.3654025e-01 4.6876464e-06 1.2179195e-07 1.2179195e-15
1.5900181e+00 1.2458909e+01 5.2934578e+27 7.6545179e+09 -2.3652155e-01 4.6003758e-06 1.1952453e-07 1.1952453e-15
1.5900181e+00 1.2459679e+01 5.1659962e+27 7.5098541e+09 -2.3650286e-01 4.5135007e-06 1.1726739e-07 1.1726739e-15
1.5900181e+00 1.2460449e+01 5.0409564e+27 7.3679390e+09 -2.3648418e-01 4.4282763e-06 1.1505313e-07 1.1505313e-15
1.5900181e+00 1.2461220e+01 4.9182921e+27 7.2285619e+09 -2.3646549e-01 4.3445757e-06 1.1287847e-07 1.1287847e-15
1.5900181e+00 1.2461990e+01 4.7979789e+27 7.0898067e+09 -2.3644680e-01 4.2612440e-06 1.1071339e-07 1.1071339e-15
1.5900181e+00 1.2462760e+01 4.6799873e+27 6.9537288e+09 -2.3642812e-01 4.1795202e-06 1.0859008e-07 1.0859008e-15
1.5900181e+00 1.2463530e+01 4.5642723e+27 6.8200772e+09 -2.3640944e-01 4.0992531e-06 1.0650462e-07 1.0650462e-15
1.5900181e+00 1.2464298e+01 4.4511915e+27 6.6875543e+09 -2.3639082e-01 4.0196596e-06 1.0443667e-07 1.0443667e-15
1.5900181e+00 1.2465036e+01 4.3445646e+27 6.5625948e+09 -2.3637293e-01 3.9446087e-06 1.0248674e-07 1.0248674e-15
1.5900181e+00 1.2465774e+01 4.2399404e+27 6.4398288e+09 -2.3635503e-01 3.8708749e-06 1.0057102e-07 1.0057102e-15
1.5900181e+00 1.2466512e+01 4.1372990e+27 6.3175921e+09 -2.3633714e-01 3.7974552e-06 9.8663470e-08 9.8663470e-16
1.5900181e+00 1.2467250e+01 4.0366157e+27 6.1976874e+09 -2.3631925e-01 3.7254361e-06 9.6792308e-08 9.6792308e-16
1.5900181e+00 1.2467989e+01 3.9378531e+27 6.0799446e+09 -2.3630137e-01 3.6547152e-06 9.4954876e-08 9.4954876e-16
1.5900181e+00 1.2468727e+01 3.8409911e+27 5.9627201e+09 -2.3628348e-01 3.5843019e-06 9.3125435e-08 9.3125435e-16
1.5900181e+00 1.2469465e+01 3.7460060e+27 5.8477671e+09 -2.3626559e-01 3.5152531e-06 9.1331444e-08 9.1331444e-16
1.5900181e+00 1.2470204e+01 3.6528614e+27 5.7348564e+09 -2.3624771e-01 3.4474306e-06 8.9569316e-08 8.9569316e-16
1.5900181e+00 1.2470923e+01 3.5639085e+27 5.6254552e+09 -2.3623030e-01 3.3817129e-06 8.7861874e-08 8.7861874e-16
1.5900181e+00 1.2471630e+01 3.4780689e+27 5.5198831e+09 -2.3621317e-01 3.3182953e-06 8.6214192e-08 8.6214192e-16
1.5900181e+00 1.2472338e+01 3.3938482e+27 5.4161735e+09 -2.3619605e-01 3.2559963e-06 8.4595572e-08 8.4595572e-16
1.5900181e+00 1.2473045e+01 3.3112303e+27 5.3129111e+09 -2.3617892e-01 3.1939627e-06 8.2983849e-08 8.2983849e-16
1.5900181e+00 1.2473753e+01 3.2301952e+27 5.2116269e+09 -2.3616180e-01 3.1331176e-06 8.1403002e-08 8.1403002e-16
1.5900182e+00 1.2474460e+01 3.1507124e+27 5.1121567e+09 -2.3614468e-01 3.0733618e-06 7.9850461e-08 7.9850461e-16
1.5900182e+00 1.2475168e+01 3.0727661e+27 5.0131464e+09 -2.3612756e-01 3.0138795e-06 7.8305022e-08 7.8305022e-16
1.5900182e+00 1.2475875e+01 2.9963366e+27 4.9160627e+09 -2.3611044e-01 2.9555547e-06 7.6789656e-08 7.6789656e-16
1.5900182e+00 1.2476578e+01 2.9219417e+27 4.8213782e+09 -2.3609345e-01 2.8986707e-06 7.5311727e-08 7.5311727e-16
1.5900182e+00 1.2477256e+01 2.8515348e+27 4.7304860e+09 -2.3607706e-01 2.8440626e-06 7.3892928e-08 7.3892928e-16
1.5900182e+00 1.2477933e+01 2.7824615e+27 4.6413154e+09 -2.3606067e-01 2.7904887e-06 7.2501000e-08 7.2501000e-16
1.5900182e+00 1.2478611e+01 2.7146964e+27 4.5537016e+09 -2.3604428e-01 2.7378500e-06 7.1133368e-08 7.1133368e-16
1.5900182e+00 1.2479289e+01 2.6482266e+27 4.4664904e+09 -2.3602789e-01 2.6854506e-06 6.9771955e-08 6.9771955e-16
1.5900182e+00 1.2479967e+01 2.5830358e+27 4.3809572e+09 -2.3601150e-01 2.6340594e-06 6.8436736e-08 6.8436736e-16
1.5900182e+00 1.2480645e+01 2.5190992e+27 4.2969217e+09 -2.3599512e-01 2.5835679e-06 6.7124892e-08 6.7124892e-16
1.5900182e+00 1.2481323e+01 2.4564044e+27 4.2133178e+09 -2.3597873e-01 2.5333333e-06 6.5819724e-08 6.5819724e-16
1.5900182e+00 1.2482001e+01 2.3949350e+27 4.1313480e+09 -2.3596235e-01 2.4840806e-06 6.4540066e-08 6.4540066e-16
1.5900182e+00 1.2482658e+01 2.3365316e+27 4.0532836e+09 -2.3594648e-01 2.4371742e-06 6.3321368e-08 6.3321368e-16
1.5900182e+00 1.2483308e+01 2.2798993e+27 3.9765268e+09 -2.3593080e-01 2.3910514e-06 6.2123031e-08 6.2123031e-16
1.5900182e+00 1.2483957e+01 2.2243442e+27 3.9012300e+09 -2.3591511e-01 2.3458060e-06 6.0947488e-08 6.0947488e-16
1.5900182e+00 1.2484607e+01 2.1698458e+27 3.8272120e+09 -2.3589943e-01 2.3013287e-06 5.9791903e-08 5.9791903e-16
1.5900182e+00 1.2485256e+01 2.1163944e+27 3.7535777e+09 -2.3588375e-01 2.2570801e-06 5.8642259e-08 5.8642259e-16
1.5900182e+00 1.2485906e+01 2.0639757e+27 3.6813663e+09 -2.3586807e-01 2.2136864e-06 5.7514828e-08 5.7514828e-16
1.5900182e+00 1.2486555e+01 2.0125702e+27 3.6103693e+09 -2.3585239e-01 2.1710223e-06 5.6406351e-08 5.6406351e-16
1.5900182e+00 1.2487205e+01 1.9621681e+27 3.5397949e+09 -2.3583672e-01 2.1286103e-06 5.5304426e-08 5.5304426e-16
1.5900182e+00 1.2487846e+01 1.9134010e+27 3.4715097e+09 -2.3582125e-01 2.0875741e-06 5.4238245e-08 5.4238245e-16
1.5900182e+00 1.2488468e+01 1.8669893e+27 3.4063256e+09 -2.3580624e-01 2.0484012e-06 5.3220474e-08 5.3220474e-16
1.5900182e+00 1.2489090e+01 1.8214596e+27 3.3415244e+09 -2.3579123e-01 2.0094567e-06 5.2208640e-08 5.2208640e-16
1.5900182e+00 1.2489712e+01 1.7767997e+27 3.2779612e+09 -2.3577623e-01 1.9712563e-06 5.1216137e-08 5.1216137e-16
1.5900182e+00 1.2490334e+01 1.7329931e+27 3.2154281e+09 -2.3576122e-01 1.9336746e-06 5.0239711e-08 5.0239711e-16
1.5900182e+00 1.2490956e+01 1.6900324e+27 3.1532753e+09 -2.3574622e-01 1.8963201e-06 4.9269185e-08 4.9269185e-16
1.5900182e+00 1.2491578e+01 1.6479055e+27 3.0923289e+09 -2.3573122e-01 1.8596907e-06 4.8317498e-08 4.8317498e-16
1.5900182e+00 1.2492201e+01 1.6065966e+27 3.0323465e+09 -2.3571622e-01 1.8236402e-06 4.7380853e-08 4.7380853e-16
1.5900182e+00 1.2492823e+01 1.5660986e+27 2.9727892e+09 -2.3570122e-01 1.7878439e-06 4.6450813e-08 4.6450813e-16
1.5900182e+00 1.2493421e+01 1.5279030e+27 2.9166180e+09 -2.3568680e-01 1.7540828e-06 4.5573651e-08 4.5573651e-16
1.5900182e+00 1.2494017e+01 1.4906063e+27 2.8615489e+09 -2.3567244e-01 1.7209837e-06 4.4713688e-08 4.4713688e-16
1.5900182e+00 1.2494613e+01 1.4540220e+27 2.8068576e+09 -2.3565809e-01 1.6881106e-06 4.3859595e-08 4.3859595e-16
1.5900182e+00 1.2495209e+01 1.4181397e+27 2.7532158e+09 -2.3564373e-01 1.6558682e-06 4.3021892e-08 4.3021892e-16
1.5900182e+00 1.2495804e+01 1.3829464e+27 2.7003846e+09 -2.3562938e-01 1.6241128e-06 4.2196839e-08 4.2196839e-16
1.5900182e+00 1.2496400e+01 1.3484362e+27 2.6479393e+09 -2.3561503e-01 1.5925883e-06 4.1377785e-08 4.1377785e-16
1.5900182e+00 1.2496996e+01 1.3145989e+27 2.5965166e+09 -2.3560068e-01 1.5616784e-06 4.0574701e-08 4.0574701e-16
1.5900182e+00 1.2497592e+01 1.2814219e+27 2.5458391e+09 -2.3558633e-01 1.5312161e-06 3.9783244e-08 3.9783244e-16
1.5900182e+00 1.2498175e+01 1.2495799e+27 2.4966458e+09 -2.3557229e-01 1.5016449e-06 3.9014943e-08 3.9014943e-16
1.5900182e+00 1.2498745e+01 1.2190450e+27 2.4494717e+09 -2.3555856e-01 1.4732876e-06 3.8278178e-08 3.8278178e-16
1.5900182e+00 1.2499316e+01 1.1890897e+27 2.4029469e+09 -2.3554483e-01 1.4453202e-06 3.7551544e-08 3.7551544e-16
1.5900182e+00 1.2499886e+01 1.1597098e+27 2.3568028e+09 -2.3553110e-01 1.4175808e-06 3.6830834e-08 3.6830834e-16
1.5900182e+00 1.2500457e+01 1.1308963e+27 2.3115482e+09 -2.3551737e-01 1.3903762e-06 3.6124019e-08 3.6124019e-16
1.5900182e+00 1.2501027e+01 1.1026387e+27 2.2669128e+09 -2.3550364e-01 1.3635434e-06 3.5426863e-08 3.5426863e-16
1.5900182e+00 1.2501597e+01 1.0749328e+27 2.2226733e+09 -2.3548992e-01 1.3369478e-06 3.4735871e-08 3.4735871e-16
1.5900182e+00 1.2502168e+01 1.0477696e+27 2.1793004e+09 -2.3547619e-01 1.3108732e-06 3.4058415e-08 3.4058415e-16
1.5900182e+00 1.2502736e+01 1.0212554e+27 2.1366724e+09 -2.3546253e-01 1.2852460e-06 3.3392581e-08 3.3392581e-16
1.5900182e+00 1.2503282e+01 9.9626664e+26 2.0961059e+09 -2.3544940e-01 1.2608575e-06 3.2758932e-08 3.2758932e-16
1.5900182e+00 1.2503828e+01 9.7175409e+26 2.0563124e+09 -2.3543627e-01 1.2369337e-06 3.2137358e-08 3.2137358e-16
1.5900183e+00 1.2504374e+01 9.4770932e+26 2.0170052e+09 -2.3542314e-01 1.2133019e-06 3.1523369e-08 3.1523369e-16
1.5900183e+00 1.2504920e+01 9.2412895e+26 1.9780853e+09 -2.3541001e-01 1.1899024e-06 3.0915415e-08 3.0915415e-16
1.5900183e+00 1.2505466e+01 9.0100526e+26 1.9399191e+09 -2.3539689e-01 1.1669561e-06 3.0319235e-08 3.0319235e-16
1.5900183e+00 1.2506012e+01 8.7833013e+26 1.9022071e+09 -2.3538376e-01 1.1442824e-06 2.9730138e-08 2.9730138e-16
1.5900183e+00 1.2506558e+01 8.5610027e+26 1.8649019e+09 -2.3537063e-01 1.1218528e-06 2.9147383e-08 2.9147383e-16
1.5900183e+00 1.2507104e+01 8.3430795e+26 1.8283309e+09 -2.3535751e-01 1.0998646e-06 2.8576098e-08 2.8576098e-16
1.5900183e+00 1.2507633e+01 8.1361146e+26 1.7932911e+09 -2.3534480e-01 1.0787966e-06 2.8028720e-08 2.8028720e-16
1.5900183e+00 1.2508155e+01 7.9356169e+26 1.7590799e+09 -2.3533225e-01 1.0582264e-06 2.7494277e-08 2.7494277e-16
1.5900183e+00 1.2508678e+01 7.7389575e+26 1.7255237e+09 -2.3531969e-01 1.0380500e-06 2.6970065e-08 2.6970065e-16
1.5900183e+00 1.2509200e+01 7.5460720e+26 1.6923133e+09 -2.3530714e-01 1.0180812e-06 2.6451245e-08 2.6451245e-16
1.5900183e+00 1.2509723e+01 7.3569337e+26 1.6594979e+09 -2.3529459e-01 9.9834944e-07 2.5938586e-08 2.5938586e-16
1.5900183e+00 1.2510245e+01 7.1714756e+26 1.6273210e+09 -2.3528204e-01 9.7900165e-07 2.5435902e-08 2.5435902e-16
1.5900183e+00 1.2510768e+01 6.9896367e+26 1.5954577e+09 -2.3526949e-01 9.5984199e-07 2.4938106e-08 2.4938106e-16
1.5900183e+00 1.2511291e+01 6.8113894e+26 1.5640109e+09 -2.3525694e-01 9.4093250e-07 2.4446810e-08 2.4446810e-16
1.5900183e+00 1.2511655e+01 6.6892535e+26 1.5424634e+09 -2.3524820e-01 9.2797564e-07 2.4110171e-08 2.4110171e-16
1.5900183e+00 1.2511743e+01 6.6598634e+26 1.5372783e+09 -2.3524607e-01 9.2485777e-07 2.4029164e-08 2.4029164e-16
1.5900183e+00 1.2511832e+01 6.6305724e+26 1.5321107e+09 -2.3524395e-01 9.2175041e-07 2.3948431e-08 2.3948431e-16
1.5900183e+00 1.2511920e+01 6.6013802e+26 1.5269606e+09 -2.3524183e-01 9.1865354e-07 2.3867969e-08 2.3867969e-16
1.5900183e+00 1.2512009e+01 6.5722867e+26 1.5217928e+09 -2.3523971e-01 9.1554603e-07 2.3787232e-08 2.3787232e-16
1.5900183e+00 1.2512097e+01 6.5432925e+26 1.5165912e+09 -2.3523758e-01 9.1241812e-07 2.3705964e-08 2.3705964e-16
1.5900183e+00 1.2512185e+01 6.5143979e+26 1.5114075e+09 -2.3523546e-01 9.0930096e-07 2.3624976e-08 2.3624976e-16
1.5900183e+00 1.2512274e+01 6.4856023e+26 1.5062416e+09 -2.3523334e-01 9.0619448e-07 2.3544265e-08 2.3544265e-16
1.5900183e+00 1.2512362e+01 6.4569055e+26 1.5010934e+09 -2.3523122e-01 9.0309867e-07 2.3463831e-08 2.3463831e-16
1.5900183e+00 1.2512451e+01 6.4283072e+26 1.4959629e+09 -2.3522909e-01 9.0001346e-07 2.3383673e-08 2.3383673e-16
1.5900183e+00 1.2512539e+01 6.3998069e+26 1.4908499e+09 -2.3522697e-01 8.9693884e-07 2.3303790e-08 2.3303790e-16
1.5900183e+00 1.2512627e+01 6.3714044e+26 1.4857545e+09 -2.3522485e-01 8.9387477e-07 2.3224181e-08 2.3224181e-16
1.5900183e+00 1.2512716e+01 6.3430992e+26 1.4806766e+09 -2.3522273e-01 8.9082120e-07 2.3144845e-08 2.3144845e-16
1.5900183e+00 1.2512804e+01 6.3148912e+26 1.4756161e+09 -2.3522060e-01 8.8777810e-07 2.3065780e-08 2.3065780e-16
1.5900183e+00 1.2512893e+01 6.2867798e+26 1.4705729e+09 -2.3521848e-01 8.8474545e-07 2.2986988e-08 2.2986988e-16
1.5900183e+00 1.2512981e+01 6.2587649e+26 1.4655470e+09 -2.3521636e-01 8.8172319e-07 2.2908465e-08 2.2908465e-16
1.5900183e+00 1.2513069e+01 6.2308461e+26 1.4605384e+09 -2.3521424e-01 8.7871129e-07 2.2830211e-08 2.2830211e-16
1.5900183e+00 1.2513158e+01 6.2030230e+26 1.4555469e+09 -2.3521211e-01 8.7570973e-07 2.2752226e-08 2.2752226e-16
1.5900183e+00 1.2513246e+01 6.1752953e+26 1.4505726e+09 -2.3520999e-01 8.7271845e-07 2.2674509e-08 2.2674509e-16
1.5900183e+00 1.2513335e+01 6.1476627e+26 1.4456153e+09 -2.3520787e-01 8.6973744e-07 2.2597058e-08 2.2597058e-16
1.5900183e+00 1.2513423e+01 6.1201249e+26 1.4406750e+09 -2.3520575e-01 8.6676665e-07 2.2519872e-08 2.2519872e-16
1.5900183e+00 1.2513512e+01 6.0926817e+26 1.4357060e+09 -2.3520363e-01 8.6377856e-07 2.2442237e-08 2.2442237e-16
1.5900183e+00 1.2513600e+01 6.0653340e+26 1.4307169e+09 -2.3520150e-01 8.6077827e-07 2.2364285e-08 2.2364285e-16
1.5900183e+00 1.2513688e+01 6.0380818e+26 1.4257451e+09 -2.3519938e-01 8.5778845e-07 2.2286605e-08 2.2286605e-16
1.5900183e+00 1.2513777e+01 6.0109245e+26 1.4207907e+09 -2.3519726e-01 8.5480904e-07 2.2209196e-08 2.2209196e-16
1.5900183e+00 1.2513865e+01 5.9838619e+26 1.4158536e+09 -2.3519514e-01 8.5184003e-07 2.2132057e-08 2.2132057e-16
1.5900183e+00 1.2513954e+01 5.9568937e+26 1.4109336e+09 -2.3519302e-01 8.4888137e-07 2.2055186e-08 2.2055186e-16
1.5900183e+00 1.2514042e+01 5.9300195e+26 1.4060309e+09 -2.3519089e-01 8.4593302e-07 2.1978584e-08 2.1978584e-16
1.5900183e+00 1.2514131e+01 5.9032390e+26 1.4011452e+09 -2.3518877e-01 8.4299496e-07 2.1902249e-08 2.1902249e-16
1.5900183e+00 1.2514219e+01 5.8765519e+26 1.3962765e+09 -2.3518665e-01 8.4006714e-07 2.1826180e-08 2.1826180e-16
1.5900183e+00 1.2514307e+01 5.8499578e+26 1.3914248e+09 -2.3518453e-01 8.3714952e-07 2.1750376e-08 2.1750376e-16
1.5900183e+00 1.2514396e+01 5.8234565e+26 1.3865901e+09 -2.3518241e-01 8.3424208e-07 2.1674836e-08 2.1674836e-16
1.5900183e+00 1.2514484e+01 5.7970475e+26 1.3817722e+09 -2.3518028e-01 8.3134477e-07 2.1599560e-08 2.1599560e-16
1.5900183e+00 1.2514573e+01 5.7707306e+26 1.3769711e+09 -2.3517816e-01 8.2845757e-07 2.1524546e-08 2.1524546e-16
1.5900183e+00 1.2514661e+01 5.7445055e+26 1.3721867e+09 -2.3517604e-01 8.2558043e-07 2.1449794e-08 2.1449794e-16
1.5900183e+00 1.2514750e+01 5.7183718e+26 1.3674190e+09 -2.3517392e-01 8.2271332e-07 2.1375302e-08 2.1375302e-16
1.5900183e+00 1.2514838e+01 5.6923292e+26 1.3626679e+09 -2.3517180e-01 8.1985621e-07 2.1301070e-08 2.1301070e-16
1.5900183e+00 1.2514926e+01 5.6663774e+26 1.3579334e+09 -2.3516968e-01 8.1700906e-07 2.1227097e-08 2.1227097e-16
1.5900183e+00 1.2515015e+01 5.6405167e+26 1.3531380e+09 -2.3516755e-01 8.1412519e-07 2.1152170e-08 2.1152170e-16
1.5900183e+00 1.2515103e+01 5.6147478e+26 1.3483572e+09 -2.3516543e-01 8.1125007e-07 2.1077470e-08 2.1077470e-16
1.5900183e+00 1.2515192e+01 5.5890702e+26 1.3435933e+09 -2.3516331e-01 8.0838514e-07 2.1003035e-08 2.1003035e-16
1.5900183e+00 1.2515280e+01 5.5634836e+26 1.3388463e+09 -2.3516119e-01 8.0553037e-07 2.0928864e-08 2.0928864e-16
1.5900183e+00 1.2515369e+01 5.5379878e+26 1.3341161e+09 -2.3515907e-01 8.0268572e-07 2.0854956e-08 2.0854956e-16
1.5900183e+00 1.2515457e+01 5.5125823e+26 1.3294027e+09 -2.3515695e-01 7.9985115e-07 2.0781309e-08 2.0781309e-16
1.5900183e+00 1.2515545e+01 5.4872668e+26 1.3247060e+09 -2.3515482e-01 7.9702662e-07 2.0707924e-08 2.0707924e-16
1.5900183e+00 1.2515634e+01 5.4620411e+26 1.3200259e+09 -2.3515270e-01 7.9421212e-07 2.0634799e-08 2.0634799e-16
1.5900183e+00 1.2515722e+01 5.4369048e+26 1.3153624e+09 -2.3515058e-01 7.9140758e-07 2.0561933e-08 2.0561933e-16
1.5900183e+00 1.2515811e+01 5.4118576e+26 1.3107155e+09 -2.3514846e-01 7.8861299e-07 2.0489325e-08 2.0489325e-16
1.5900183e+00 1.2515899e+01 5.3868992e+26 1.3060850e+09 -2.3514634e-01 7.8582830e-07 2.0416975e-08 2.0416975e-16
1.5900183e+00 1.2515988e+01 5.3620293e+26 1.3014710e+09 -2.3514422e-01 7.8305349e-07 2.0344881e-08 2.0344881e-16
1.5900183e+00 1.2516076e+01 5.3372475e+26 1.2968733e+09 -2.3514210e-01 7.8028851e-07 2.0273043e-08 2.0273043e-16
1.5900183e+00 1.2516165e+01 5.3125535e+26 1.2922918e+09 -2.3513997e-01 7.7753333e-07 2.0201459e-08 2.0201459e-16
1.5900183e+00 1.2516253e+01 5.2879471e+26 1.2877267e+09 -2.3513785e-01 7.7478791e-07 2.0130130e-08 2.0130130e-16
1.5900183e+00 1.2516341e+01 5.2634279e+26 1.2831777e+09 -2.3513573e-01 7.7205223e-07 2.0059053e-08 2.0059053e-16
1.5900183e+00 1.2516430e+01 5.2389959e+26 1.2785938e+09 -2.3513361e-01 7.6929551e-07 1.9987429e-08 1.9987429e-16
1.5900183e+00 1.2516518e+01 5.2146519e+26 1.2740006e+09 -2.3513149e-01 7.6653314e-07 1.9915658e-08 1.9915658e-16
1.5900183e+00 1.2516607e+01 5.1903956e+26 1.2694240e+09 -2.3512937e-01 7.6378071e-07 1.9844146e-08 1.9844146e-16
1.5900183e+00 1.2516695e+01 5.1662268e+26 1.2648638e+09 -2.3512725e-01 7.6103821e-07 1.9772892e-08 1.9772892e-16
1.5900183e+00 1.2516784e+01 5.1421450e+26 1.2603201e+09 -2.3512512e-01 7.5830559e-07 1.9701895e-08 1.9701895e-16
1.5900183e+00 1.2516872e+01 5.1181500e+26 1.2557928e+09 -2.3512300e-01 7.5558282e-07 1.9631153e-08 1.9631153e-16
1.5900183e+00 1.2516961e+01 5.0942416e+26 1.2512817e+09 -2.3512088e-01 7.5286986e-07 1.9560666e-08 1.9560666e-16
1.5900183e+00 1.2517049e+01 5.0704192e+26 1.2467870e+09 -2.3511876e-01 7.5016668e-07 1.9490434e-08 1.9490434e-16
1.5900183e+00 1.2517137e+01 5.0466828e+26 1.2423084e+09 -2.3511664e-01 7.4747324e-07 1.9420454e-08 1.9420454e-16
1.5900183e+00 1.2517226e+01 5.0230319e+26 1.2378459e+09 -2.3511452e-01 7.4478951e-07 1.9350727e-08 1.9350727e-16
1.5900183e+00 1.2517314e+01 4.9994662e+26 1.2333996e+09 -2.3511240e-01 7.4211545e-07 1.9281251e-08 1.9281251e-16
1.5900183e+00 1.2517403e+01 4.9759854e+26 1.2289693e+09 -2.3511028e-01 7.3945102e-07 1.9212025e-08 1.9212025e-16
1.5900183e+00 1.2517491e+01 4.9525892e+26 1.2245549e+09 -2.3510816e-01 7.3679620e-07 1.9143049e-08 1.9143049e-16
1.5900183e+00 1.2517580e+01 4.9292774e+26 1.2201564e+09 -2.3510603e-01 7.3415095e-07 1.9074321e-08 1.9074321e-16
1.5900183e+00 1.2517668e+01 4.9060496e+26 1.2157738e+09 -2.3510391e-01 7.3151522e-07 1.9005841e-08 1.9005841e-16
1.5900183e+00 1.2517757e+01 4.8829054e+26 1.2114070e+09 -2.3510179e-01 7.2888900e-07 1.8937608e-08 1.8937608e-16
1.5900183e+00 1.2517845e+01 4.8598449e+26 1.2070096e+09 -2.3509967e-01 7.2624430e-07 1.8868895e-08 1.8868895e-16
1.5900183e+00 1.2517933e+01 4.8368689e+26 1.2026007e+09 -2.3509755e-01 7.2359266e-07 1.8800002e-08 1.8800002e-16
1.5900183e+00 1.2518022e+01 4.8139770e+26 1.1982079e+09 -2.3509543e-01 7.2095073e-07 1.8731360e-08 1.8731360e-16
1.5900183e+00 1.2518110e+01 4.7911690e+26 1.1938312e+09 -2.3509331e-01 7.1831849e-07 1.8662971e-08 1.8662971e-16
1.5900183e+00 1.2518199e+01 4.7684446e+26 1.1894706e+09 -2.3509119e-01 7.1569589e-07 1.8594832e-08 1.8594832e-16
1.5900183e+00 1.2518287e+01 4.7458034e+26 1.1851260e+09 -2.3508907e-01 7.1308290e-07 1.8526943e-08 1.8526943e-16
1.5900183e+00 1.2518376e+01 4.7232453e+26 1.1807972e+09 -2.3508695e-01 7.1047950e-07 1.8459302e-08 1.8459302e-16
1.5900183e+00 1.2518464e+01 4.7007698e+26 1.1764844e+09 -2.3508483e-01 7.0788563e-07 1.8391910e-08 1.8391910e-16
1.5900183e+00 1.2518553e+01 4.6783767e+26 1.1721873e+09 -2.3508271e-01 7.0530126e-07 1.8324764e-08 1.8324764e-16
1.5900183e+00 1.2518641e+01 4.6560656e+26 1.1679060e+09 -2.3508058e-01 7.0272636e-07 1.8257864e-08 1.8257864e-16
1.5900183e+00 1.2518730e+01 4.6338363e+26 1.1636404e+09 -2.3507846e-01 7.0016090e-07 1.8191210e-08 1.8191210e-16
1.5900183e+00 1.2518818e+01 4.6116884e+26 1.1593904e+09 -2.3507634e-01 6.9760484e-07 1.8124800e-08 1.8124800e-16
1.5900183e+00 1.2518906e+01 4.5896217e+26 1.1551560e+09 -2.3507422e-01 6.9505815e-07 1.8058633e-08 1.8058633e-16
1.5900183e+00 1.2518995e+01 4.5676358e+26 1.1509371e+09 -2.3507210e-01 6.9252078e-07 1.7992708e-08 1.7992708e-16
1.5900183e+00 1.2519083e+01 4.5457305e+26 1.1467336e+09 -2.3506998e-01 6.8999272e-07 1.7927025e-08 1.7927025e-16
1.5900183e+00 1.2519172e+01 4.5239054e+26 1.1425456e+09 -2.3506786e-01 6.8747391e-07 1.7861583e-08 1.7861583e-16
1.5900183e+00 1.2519260e+01 4.5021608e+26 1.1383120e+09 -2.3506574e-01 6.8492768e-07 1.7795428e-08 1.7795428e-16
1.5900183e+00 1.2519349e+01 4.4804972e+26 1.1340840e+09 -2.3506362e-01 6.8238475e-07 1.7729359e-08 1.7729359e-16
1.5900183e+00 1.2519437e+01 4.4589143e+26 1.1298717e+09 -2.3506150e-01 6.7985130e-07 1.7663536e-08 1.7663536e-16
1.5900183e+00 1.2519526e+01 4.4374119e+26 1.1256752e+09 -2.3505938e-01 6.7732728e-07 1.7597959e-08 1.7597959e-16
1.5900183e+00 1.2519614e+01 4.4159895e+26 1.1214942e+09 -2.3505726e-01 6.7481267e-07 1.7532625e-08 1.7532625e-16
1.5900183e+00 1.2519703e+01 4.3946470e+26 1.1173289e+09 -2.3505514e-01 6.7230743e-07 1.7467536e-08 1.7467536e-16
1.5900183e+00 1.2519791e+01 4.3733840e+26 1.1131790e+09 -2.3505302e-01 6.6981153e-07 1.7402688e-08 1.7402688e-16
1.5900183e+00 1.2519880e+01 4.3522002e+26 1.1090446e+09 -2.3505090e-01 6.6732492e-07 1.7338083e-08 1.7338083e-16
1.5900183e+00 1.2519968e+01 4.3310954e+26 1.1049257e+09 -2.3504878e-01 6.6484758e-07 1.7273718e-08 1.7273718e-16
1.5900183e+00 1.2520056e+01 4.3100692e+26 1.1008220e+09 -2.3504666e-01 6.6237947e-07 1.7209593e-08 1.7209593e-16
1.5900183e+00 1.2520145e+01 4.2891213e+26 1.0967337e+09 -2.3504454e-01 6.5992055e-07 1.7145706e-08 1.7145706e-16
1.5900183e+00 1.2520233e+01 4.2682515e+26 1.0926606e+09 -2.3504242e-01 6.5747080e-07 1.7082058e-08 1.7082058e-16
1.5900183e+00 1.2520322e+01 4.2474594e+26 1.0886027e+09 -2.3504030e-01 6.5503017e-07 1.7018647e-08 1.7018647e-16
1.5900183e+00 1.2520410e+01 4.2267447e+26 1.0845599e+09 -2.3503818e-01 6.5259863e-07 1.6955472e-08 1.6955472e-16
1.5900183e+00 1.2520499e+01 4.2061073e+26 1.0805321e+09 -2.3503605e-01 6.5017616e-07 1.6892533e-08 1.6892533e-16
1.5900183e+00 1.2520587e+01 4.1855468e+26 1.0764956e+09 -2.3503393e-01 6.4774840e-07 1.6829456e-08 1.6829456e-16
1.5900183e+00 1.2520676e+01 4.1650639e+26 1.0724297e+09 -2.3503181e-01 6.4530286e-07 1.6765917e-08 1.6765917e-16
1.5900183e+00 1.2520764e+01 4.1446586e+26 1.0683791e+09 -2.3502969e-01 6.4286658e-07 1.6702619e-08 1.6702619e-16
1.5900183e+00 1.2520853e+01 4.1243307e+26 1.0643439e+09 -2.3502757e-01 6.4043953e-07 1.6639561e-08 1.6639561e-16
1.5900183e+00 1.2520941e+01 4.1040798e+26 1.0603239e+09 -2.3502545e-01 6.3802167e-07 1.6576742e-08 1.6576742e-16
1.5900183e+00 1.2521030e+01 4.0839056e+26 1.0563193e+09 -2.3502333e-01 6.3561299e-07 1.6514160e-08 1.6514160e-16
1.5900183e+00 1.2521118e+01 4.0638078e+26 1.0523297e+09 -2.3502121e-01 6.3321342e-07 1.6451816e-08 1.6451816e-16
1.5900183e+00 1.2521207e+01 4.0437862e+26 1.0483553e+09 -2.3501909e-01 6.3082295e-07 1.6389708e-08 1.6389708e-16
1.5900183e+00 1.2521295e+01 4.0238404e+26 1.0443960e+09 -2.3501697e-01 6.2844152e-07 1.6327835e-08 1.6327835e-16
1.5900183e+00 1.2521384e+01 4.0039702e+26 1.0404516e+09 -2.3501485e-01 6.2606913e-07 1.6266197e-08 1.6266197e-16
1.5900183e+00 1.2521472e+01 3.9841753e+26 1.0365222e+09 -2.3501273e-01 6.2370571e-07 1.6204792e-08 1.6204792e-16
1.5900183e+00 1.2521561e+01 3.9644553e+26 1.0326077e+09 -2.3501061e-01 6.2135126e-07 1.6143620e-08 1.6143620e-16
1.5900183e+00 1.2521649e+01 3.9448101e+26 1.0287080e+09 -2.3500849e-01 6.1900572e-07 1.6082679e-08 1.6082679e-16
1.5900183e+00 1.2521737e+01 3.9252392e+26 1.0248231e+09 -2.3500637e-01 6.1666907e-07 1.6021969e-08 1.6021969e-16
1.5900183e+00 1.2521826e+01 3.9057425e+26 1.0209529e+09 -2.3500425e-01 6.1434127e-07 1.5961490e-08 1.5961490e-16
1.5900183e+00 1.2521914e+01 3.8863197e+26 1.0170910e+09 -2.3500213e-01 6.1201850e-07 1.5901141e-08 1.5901141e-16
1.5900183e+00 1.2522003e+01 3.8669712e+26 1.0131844e+09 -2.3500001e-01 6.0966870e-07 1.5840090e-08 1.5840090e-16
1.5900183e+00 1.2522091e+01 3.8476972e+26 1.0092928e+09 -2.3499790e-01 6.0732795e-07 1.5779273e-08 1.5779273e-16
1.5900183e+00 1.2522180e+01 3.8284975e+26 1.0054162e+09 -2.3499578e-01 6.0499622e-07 1.5718692e-08 1.5718692e-16
1.5900183e+00 1.2522268e+01 3.8093718e+26 1.0015545e+09 -2.3499366e-01 6.0267347e-07 1.5658392e-08 1.5688692e-16