  879 1.789787
5.0278543e-64 1.0822041e-02 1.3405900e+35 8.5615743e+14 -5.0566429e-01 4.6728606e-01 4.0678565e-02 2.7847177e-02
9.5645025e-03 1.7499587e+00 1.2852172e+35 8.4165768e+14 -4.9947249e-01 4.6045196e-01 3.9475769e-02 2.6757125e-02
2.6541980e-02 2.4674159e+00 1.2318753e+35 8.2766181e+14 -4.9338309e-01 4.5385108e-01 3.8316351e-02 2.5706640e-02
4.7853916e-02 3.0130023e+00 1.1804686e+35 8.1417368e+14 -4.8739437e-01 4.4748967e-01 3.7198994e-02 2.4694264e-02
7.2211184e-02 3.4670846e+00 1.1311174e+35 8.0077237e+14 -4.8152881e-01 4.4110196e-01 3.6116224e-02 2.3717644e-02
9.9089157e-02 3.8653418e+00 1.0833611e+35 7.8737093e+14 -4.7573575e-01 4.3465197e-01 3.5058787e-02 2.2768063e-02
1.2766910e-01 4.2196108e+00 1.0376804e+35 7.7455195e+14 -4.7008163e-01 4.2848231e-01 3.4047309e-02 2.1859753e-02
1.5789164e-01 4.5437679e+00 9.9348233e+34 7.6212774e+14 -4.6450171e-01 4.2249976e-01 3.3068245e-02 2.0980768e-02
1.8912758e-01 4.8408106e+00 9.5117813e+34 7.4938754e+14 -4.5905328e-01 4.1625029e-01 3.2114619e-02 2.0133289e-02
2.2148462e-01 5.1186431e+00 9.1022861e+34 7.3705531e+14 -4.5367240e-01 4.1020094e-01 3.1191532e-02 1.9312949e-02
2.5462659e-01 5.3790357e+00 8.7077137e+34 7.2517250e+14 -4.4838407e-01 4.0437203e-01 3.0302083e-02 1.8522503e-02
2.8815735e-01 5.6228159e+00 8.3300122e+34 7.1334401e+14 -4.4322210e-01 3.9851400e-01 2.9442598e-02 1.7763524e-02
3.2195445e-01 5.8524784e+00 7.9680588e+34 7.0160349e+14 -4.3817613e-01 3.9265164e-01 2.8611744e-02 1.7034109e-02
3.5602699e-01 6.0705044e+00 7.6197994e+34 6.9030716e+14 -4.3322512e-01 3.8701107e-01 2.7812325e-02 1.6332290e-02
3.9025668e-01 6.2780066e+00 7.2848328e+34 6.7944201e+14 -4.2837079e-01 3.8158580e-01 2.7043418e-02 1.5657259e-02
4.2452788e-01 6.4759636e+00 6.9628392e+34 6.6815887e+14 -4.2361322e-01 3.7585880e-01 2.6289982e-02 1.5005091e-02
4.5869381e-01 6.6649655e+00 6.6538907e+34 6.5732405e+14 -4.1895832e-01 3.7035845e-01 2.5566920e-02 1.4379310e-02
4.9252413e-01 6.8449052e+00 6.3588209e+34 6.4697596e+14 -4.1442692e-01 3.6510518e-01 2.4876340e-02 1.3781641e-02
5.2613797e-01 7.0174217e+00 6.0754767e+34 6.3668008e+14 -4.0999338e-01 3.5984269e-01 2.4207057e-02 1.3206500e-02
5.5946938e-01 7.1831301e+00 5.8034727e+34 6.2632482e+14 -4.0565479e-01 3.5450455e-01 2.3556489e-02 1.2652774e-02
5.9248262e-01 7.3425540e+00 5.5422793e+34 6.1638112e+14 -4.0140882e-01 3.4937857e-01 2.2931778e-02 1.2121055e-02
6.2515177e-01 7.4961403e+00 5.2913641e+34 6.0682871e+14 -3.9725345e-01 3.4445430e-01 2.2331650e-02 1.1610259e-02
6.5743741e-01 7.6442727e+00 5.0503478e+34 5.9696574e+14 -3.9318704e-01 3.3930882e-01 2.1742988e-02 1.1117249e-02
6.8929005e-01 7.7872819e+00 4.8189723e+34 5.8736307e+14 -3.8920838e-01 3.3428803e-01 2.1175488e-02 1.0643498e-02
7.2025968e-01 7.9235784e+00 4.5998251e+34 5.7826791e+14 -3.8536966e-01 3.2953260e-01 2.0637981e-02 1.0194785e-02
7.5074850e-01 8.0553142e+00 4.3894299e+34 5.6936490e+14 -3.8161738e-01 3.2486412e-01 2.0118722e-02 9.7633305e-03
7.8074199e-01 8.1828292e+00 4.1874050e+34 5.6018387e+14 -3.7794728e-01 3.2000083e-01 1.9608224e-02 9.3465991e-03
8.1021572e-01 8.3063157e+00 3.9934840e+34 5.5137111e+14 -3.7435879e-01 3.1533263e-01 1.9118205e-02 8.9465841e-03
8.3915986e-01 8.4259438e+00 3.8073347e+34 5.4291154e+14 -3.7085141e-01 3.1085151e-01 1.8647824e-02 8.5626002e-03
8.6711919e-01 8.5400806e+00 3.6314184e+34 5.3447856e+14 -3.6747764e-01 3.0635382e-01 1.8194479e-02 8.1977414e-03
8.9449816e-01 8.6506966e+00 3.4627459e+34 5.2604622e+14 -3.6418347e-01 3.0183349e-01 1.7752828e-02 7.8463384e-03
9.2131598e-01 8.7580216e+00 3.3008850e+34 5.1795442e+14 -3.6096528e-01 2.9749570e-01 1.7329012e-02 7.5091265e-03
9.4756826e-01 8.8621583e+00 3.1455729e+34 5.1019001e+14 -3.5782287e-01 2.9333343e-01 1.6922345e-02 7.1855581e-03
9.7300990e-01 8.9623092e+00 2.9979416e+34 5.0215150e+14 -3.5478314e-01 2.8898366e-01 1.6521610e-02 6.8744998e-03
9.9764770e-01 9.0587048e+00 2.8576186e+34 4.9439756e+14 -3.5184193e-01 2.8478146e-01 1.6138270e-02 6.5782384e-03
1.0217110e+00 9.1523252e+00 2.7230326e+34 4.8696063e+14 -3.4897163e-01 2.8075107e-01 1.5770602e-02 6.2940893e-03
1.0451996e+00 9.2432356e+00 2.5939688e+34 4.7975317e+14 -3.4617213e-01 2.7684094e-01 1.5416281e-02 6.0211366e-03
1.0679489e+00 9.3309439e+00 2.4710991e+34 4.7221162e+14 -3.4346040e-01 2.7271316e-01 1.5063329e-02 5.7571250e-03
1.0898449e+00 9.4151195e+00 2.3547887e+34 4.6507267e+14 -3.4084853e-01 2.6880575e-01 1.4729220e-02 5.5072072e-03
1.1111734e+00 9.4969003e+00 2.2433105e+34 4.5823031e+14 -3.3830273e-01 2.6506067e-01 1.4408992e-02 5.2676726e-03
1.1319366e+00 9.5763314e+00 2.1364894e+34 4.5145353e+14 -3.3582285e-01 2.6134106e-01 1.4096770e-02 5.0366283e-03
1.1519829e+00 9.6529506e+00 2.0349271e+34 4.4449462e+14 -3.3342450e-01 2.5749787e-01 1.3787341e-02 4.8134079e-03
1.1712241e+00 9.7264686e+00 1.9388818e+34 4.3791371e+14 -3.3111790e-01 2.5386344e-01 1.3494722e-02 4.6023128e-03
1.1899202e+00 9.7978895e+00 1.8468977e+34 4.3161107e+14 -3.2887255e-01 2.5038269e-01 1.3214475e-02 4.4001437e-03
1.2080750e+00 9.8672479e+00 1.7588304e+34 4.2526499e+14 -3.2668813e-01 2.4686508e-01 1.2938156e-02 4.2042248e-03
1.2255147e+00 9.9339692e+00 1.6753845e+34 4.1884996e+14 -3.2458350e-01 2.4329348e-01 1.2666018e-02 4.0155460e-03
1.2422502e+00 9.9981077e+00 1.5963646e+34 4.1277518e+14 -3.2255769e-01 2.3991133e-01 1.2408314e-02 3.8368749e-03
1.2584745e+00 1.0060396e+01 1.5207436e+34 4.0696171e+14 -3.2058813e-01 2.3667466e-01 1.2161694e-02 3.6658892e-03
1.2741933e+00 1.0120863e+01 1.4484000e+34 4.0105236e+14 -3.1867438e-01 2.3337212e-01 1.1916432e-02 3.4994873e-03
1.2891915e+00 1.0178746e+01 1.3802126e+34 3.9514132e+14 -3.1684103e-01 2.3005712e-01 1.1676107e-02 3.3398728e-03
1.3036131e+00 1.0234595e+01 1.3154200e+34 3.8952457e+14 -3.1507113e-01 2.2690716e-01 1.1447747e-02 3.1882047e-03
1.3175653e+00 1.0288806e+01 1.2534570e+34 3.8415311e+14 -3.1335238e-01 2.2389477e-01 1.1229360e-02 3.0431604e-03
1.3310561e+00 1.0341409e+01 1.1942175e+34 3.7869187e+14 -3.1168419e-01 2.2082188e-01 1.1011502e-02 2.9017034e-03
1.3438196e+00 1.0391410e+01 1.1387794e+34 3.7324585e+14 -3.1009826e-01 2.1774775e-01 1.0798296e-02 2.7664561e-03
1.3561454e+00 1.0439928e+01 1.0858046e+34 3.6804182e+14 -3.0855935e-01 2.1481021e-01 1.0594562e-02 2.6372183e-03
1.3680487e+00 1.0487002e+01 1.0351715e+34 3.6306783e+14 -3.0706637e-01 2.1200253e-01 1.0399835e-02 2.5136933e-03
1.3794500e+00 1.0532302e+01 9.8715849e+33 3.5811249e+14 -3.0562996e-01 2.0919893e-01 1.0208337e-02 2.3944488e-03
1.3902967e+00 1.0575647e+01 9.4192201e+33 3.5305261e+14 -3.0425591e-01 2.0632616e-01 1.0016697e-02 2.2786409e-03
1.4008455e+00 1.0618054e+01 8.9834071e+33 3.4817787e+14 -3.0291211e-01 2.0355850e-01 9.8320695e-03 2.1670705e-03
1.4108611e+00 1.0658551e+01 8.5734174e+33 3.4359197e+14 -3.0162944e-01 2.0095483e-01 9.6583816e-03 2.0621109e-03
1.4204601e+00 1.0697579e+01 8.1839604e+33 3.3914281e+14 -3.0039391e-01 1.9842662e-01 9.4906625e-03 1.9615717e-03
1.4296468e+00 1.0735175e+01 7.8144258e+33 3.3441517e+14 -2.9920446e-01 1.9572863e-01 9.3166571e-03 1.8616225e-03
1.4384358e+00 1.0771392e+01 7.4638223e+33 3.2992973e+14 -2.9805935e-01 1.9316885e-01 9.1515661e-03 1.7667937e-03
1.4468466e+00 1.0806282e+01 7.1310180e+33 3.2567201e+14 -2.9695700e-01 1.9073902e-01 8.9948562e-03 1.6767790e-03
1.4548951e+00 1.0839883e+01 6.8150437e+33 3.2162959e+14 -2.9589616e-01 1.8843207e-01 8.8460712e-03 1.5913165e-03
1.4625914e+00 1.0872230e+01 6.5151897e+33 3.1734347e+14 -2.9487570e-01 1.8597698e-01 8.6914117e-03 1.5061564e-03
1.4699465e+00 1.0903381e+01 6.2307279e+33 3.1316373e+14 -2.9389380e-01 1.8358077e-01 8.5412909e-03 1.4243431e-03
1.4769752e+00 1.0933370e+01 5.9608272e+33 3.0919795e+14 -2.9294932e-01 1.8130723e-01 8.3988546e-03 1.3467178e-03
1.4836919e+00 1.0962232e+01 5.7046905e+33 3.0543442e+14 -2.9204113e-01 1.7914962e-01 8.2636820e-03 1.2730510e-03
1.4901145e+00 1.0990021e+01 5.4614058e+33 3.0177209e+14 -2.9116749e-01 1.7704852e-01 8.1326416e-03 1.2022955e-03
1.4962489e+00 1.1016759e+01 5.2305437e+33 2.9803729e+14 -2.9032767e-01 1.7490142e-01 8.0004376e-03 1.1328302e-03
1.5021092e+00 1.1042499e+01 5.0113786e+33 2.9438165e+14 -2.8951998e-01 1.7279810e-01 7.8715818e-03 1.0659078e-03
1.5077055e+00 1.1067269e+01 4.8033553e+33 2.9080446e+14 -2.8874344e-01 1.7073827e-01 7.7460005e-03 1.0014390e-03
1.5130499e+00 1.1091108e+01 4.6058644e+33 2.8730361e+14 -2.8799679e-01 1.6872084e-01 7.6235755e-03 9.3931400e-04
1.5181534e+00 1.1114052e+01 4.4183448e+33 2.8387739e+14 -2.8727886e-01 1.6674495e-01 7.5042052e-03 8.7943411e-04
1.5230269e+00 1.1136136e+01 4.2402627e+33 2.8052409e+14 -2.8658852e-01 1.6480973e-01 7.3877915e-03 8.2170485e-04
1.5276806e+00 1.1157392e+01 4.0711190e+33 2.7724220e+14 -2.8592472e-01 1.6291442e-01 7.2742460e-03 7.6603880e-04
1.5321257e+00 1.1177858e+01 3.9103899e+33 2.7402925e+14 -2.8528621e-01 1.6105768e-01 7.1634498e-03 7.1233596e-04
1.5363700e+00 1.1197556e+01 3.7576884e+33 2.7088505e+14 -2.8467225e-01 1.5923950e-01 7.0553648e-03 6.6053782e-04
1.5404257e+00 1.1216530e+01 3.6124806e+33 2.6780592e+14 -2.8408141e-01 1.5745785e-01 6.9498368e-03 6.1053204e-04
1.5442994e+00 1.1234800e+01 3.4744352e+33 2.6479200e+14 -2.8351306e-01 1.5571288e-01 6.8468426e-03 5.6227106e-04
1.5480013e+00 1.1252400e+01 3.3431099e+33 2.6184059e+14 -2.8296604e-01 1.5400313e-01 6.7462661e-03 5.1566516e-04
1.5515406e+00 1.1269365e+01 3.2181061e+33 2.5894946e+14 -2.8243930e-01 1.5232736e-01 6.6480081e-03 4.7063503e-04
1.5549234e+00 1.1285711e+01 3.0991352e+33 2.5611848e+14 -2.8193223e-01 1.5068559e-01 6.5520434e-03 4.2713711e-04
1.5581590e+00 1.1301472e+01 2.9858109e+33 2.5334486e+14 -2.8144375e-01 1.4907624e-01 6.4582568e-03 3.8508846e-04
1.5612552e+00 1.1316678e+01 2.8778035e+33 2.5062662e+14 -2.8097295e-01 1.4749825e-01 6.3665640e-03 3.4442235e-04
1.5642184e+00 1.1331348e+01 2.7748314e+33 2.4796259e+14 -2.8051910e-01 1.4595099e-01 6.2769086e-03 3.0508627e-04
1.5670550e+00 1.1345506e+01 2.6766321e+33 2.4535174e+14 -2.8008152e-01 1.4443392e-01 6.1892405e-03 2.6703161e-04
1.5697724e+00 1.1359179e+01 2.5829026e+33 2.4279156e+14 -2.7965930e-01 1.4294563e-01 6.1034605e-03 2.3019029e-04
1.5723764e+00 1.1372388e+01 2.4934002e+33 2.4028071e+14 -2.7925176e-01 1.4148539e-01 6.0195111e-03 1.9451378e-04
1.5748726e+00 1.1385153e+01 2.4078975e+33 2.3781306e+14 -2.7885827e-01 1.4004965e-01 5.9371876e-03 1.5992086e-04
1.5772651e+00 1.1397487e+01 2.3262192e+33 2.3538923e+14 -2.7847840e-01 1.3863880e-01 5.8564977e-03 1.2639066e-04
1.5795593e+00 1.1409410e+01 2.2481490e+33 2.3301157e+14 -2.7811149e-01 1.3725429e-01 5.7774991e-03 9.3905217e-05
1.5817594e+00 1.1420936e+01 2.1735172e+33 2.3067969e+14 -2.7775709e-01 1.3589594e-01 5.7001693e-03 6.2434791e-05
1.5838684e+00 1.1432074e+01 2.1021917e+33 2.2839422e+14 -2.7741491e-01 1.3456414e-01 5.6245186e-03 3.1963340e-05
1.5858890e+00 1.1442830e+01 2.0340615e+33 2.2615635e+14 -2.7708472e-01 1.3325963e-01 5.5505768e-03 8.8364011e-06
1.5878226e+00 1.1453205e+01 1.9690479e+33 2.2396832e+14 -2.7676646e-01 1.3198376e-01 5.4784087e-03 5.4784087e-11
1.5896700e+00 1.1463197e+01 1.9071058e+33 2.2183123e+14 -2.7646023e-01 1.3073719e-01 5.4080459e-03 5.4080459e-11
1.5914320e+00 1.1472801e+01 1.8481853e+33 2.1973993e+14 -2.7616608e-01 1.2951687e-01 5.3393293e-03 5.3393293e-11
1.5931076e+00 1.1482005e+01 1.7922969e+33 2.1771061e+14 -2.7588439e-01 1.2833238e-01 5.2727580e-03 5.2727580e-11
1.5946953e+00 1.1490793e+01 1.7394726e+33 2.1575035e+14 -2.7561564e-01 1.2718789e-01 5.2085513e-03 5.2085513e-11
1.5961941e+00 1.1499151e+01 1.6897238e+33 2.1386596e+14 -2.7536023e-01 1.2608742e-01 5.1469190e-03 5.1469190e-11
1.5976013e+00 1.1507054e+01 1.6431204e+33 2.1205785e+14 -2.7511884e-01 1.2503119e-01 5.0878816e-03 5.0878816e-11
1.5989150e+00 1.1514484e+01 1.5997087e+33 2.1033317e+14 -2.7489207e-01 1.2402342e-01 5.0316636e-03 5.0316636e-11
1.6001355e+00 1.1521434e+01 1.5594556e+33 2.0870818e+14 -2.7468009e-01 1.2307373e-01 4.9787557e-03 4.9787557e-11
1.6012618e+00 1.1527889e+01 1.5223781e+33 2.0718396e+14 -2.7448333e-01 1.2218275e-01 4.9291925e-03 4.9291925e-11
1.6022979e+00 1.1533862e+01 1.4883304e+33 2.0575143e+14 -2.7430132e-01 1.2134514e-01 4.8826888e-03 4.8826888e-11
1.6032460e+00 1.1539360e+01 1.4572240e+33 2.0443246e+14 -2.7413390e-01 1.2057387e-01 4.8398957e-03 4.8398957e-11
1.6041120e+00 1.1544407e+01 1.4288568e+33 2.0319771e+14 -2.7398025e-01 1.1985164e-01 4.7999106e-03 4.7999106e-11
1.6049048e+00 1.1549052e+01 1.4029191e+33 2.0206517e+14 -2.7383893e-01 1.1918917e-01 4.7632437e-03 4.7632437e-11
1.6056309e+00 1.1553326e+01 1.3791960e+33 2.0100293e+14 -2.7370895e-01 1.1856766e-01 4.7289166e-03 4.7289166e-11
1.6063012e+00 1.1557288e+01 1.3573211e+33 2.0002345e+14 -2.7358848e-01 1.1799457e-01 4.6972638e-03 4.6972638e-11
1.6069246e+00 1.1560989e+01 1.3369976e+33 1.9909185e+14 -2.7347602e-01 1.1744935e-01 4.6672104e-03 4.6672104e-11
1.6075092e+00 1.1564473e+01 1.3179580e+33 1.9821505e+14 -2.7337016e-01 1.1693619e-01 4.6389347e-03 4.6389347e-11
1.6080634e+00 1.1567788e+01 1.2999282e+33 1.9737929e+14 -2.7326948e-01 1.1644701e-01 4.6119958e-03 4.6119958e-11
1.6085940e+00 1.1570973e+01 1.2826810e+33 1.9656259e+14 -2.7317276e-01 1.1596889e-01 4.5857136e-03 4.5857136e-11
1.6091072e+00 1.1574064e+01 1.2660162e+33 1.9577348e+14 -2.7307892e-01 1.1550692e-01 4.5603189e-03 4.5603189e-11
1.6096072e+00 1.1577088e+01 1.2497901e+33 1.9499657e+14 -2.7298718e-01 1.1505204e-01 4.5353383e-03 4.5353383e-11
1.6100977e+00 1.1580063e+01 1.2338910e+33 1.9422262e+14 -2.7289691e-01 1.1459882e-01 4.5104843e-03 4.5104843e-11
1.6105810e+00 1.1583005e+01 1.2182347e+33 1.9346050e+14 -2.7280768e-01 1.1415252e-01 4.4860099e-03 4.4860099e-11
1.6110587e+00 1.1585923e+01 1.2027748e+33 1.9269788e+14 -2.7271920e-01 1.1370587e-01 4.4615451e-03 4.4615451e-11
1.6115319e+00 1.1588823e+01 1.1874739e+33 1.9193236e+14 -2.7263129e-01 1.1325747e-01 4.4370139e-03 4.4370139e-11
1.6120013e+00 1.1591711e+01 1.1723079e+33 1.9117359e+14 -2.7254379e-01 1.1281301e-01 4.4126991e-03 4.4126991e-11
1.6124671e+00 1.1594586e+01 1.1572704e+33 1.9040932e+14 -2.7245669e-01 1.1236528e-01 4.3882389e-03 4.3882389e-11
1.6129294e+00 1.1597449e+01 1.1423593e+33 1.8964276e+14 -2.7236997e-01 1.1191615e-01 4.3637271e-03 4.3637271e-11
1.6133879e+00 1.1600299e+01 1.1275818e+33 1.8888306e+14 -2.7228367e-01 1.1147103e-01 4.3394348e-03 4.3394348e-11
1.6138424e+00 1.1603135e+01 1.1129437e+33 1.8811596e+14 -2.7219783e-01 1.1102150e-01 4.3149436e-03 4.3149436e-11
1.6142929e+00 1.1605954e+01 1.0984513e+33 1.8735056e+14 -2.7211250e-01 1.1057294e-01 4.2905224e-03 4.2905224e-11
1.6147388e+00 1.1608757e+01 1.0841126e+33 1.8659328e+14 -2.7202772e-01 1.1012914e-01 4.2663599e-03 4.2663599e-11
1.6151802e+00 1.1611539e+01 1.0699357e+33 1.8582680e+14 -2.7194355e-01 1.0967984e-01 4.2419510e-03 4.2419510e-11
1.6156163e+00 1.1614300e+01 1.0559365e+33 1.8506740e+14 -2.7186009e-01 1.0923469e-01 4.2177744e-03 4.2177744e-11
1.6160390e+00 1.1616984e+01 1.0423793e+33 1.8433125e+14 -2.7177893e-01 1.0880316e-01 4.1943397e-03 4.1943397e-11
1.6164589e+00 1.1619661e+01 1.0289229e+33 1.8358163e+14 -2.7169805e-01 1.0836363e-01 4.1705276e-03 4.1705276e-11
1.6168774e+00 1.1622338e+01 1.0155226e+33 1.8283514e+14 -2.7161717e-01 1.0792594e-01 4.1468145e-03 4.1468145e-11
1.6172945e+00 1.1625015e+01 1.0021781e+33 1.8208769e+14 -2.7153629e-01 1.0748766e-01 4.1230823e-03 4.1230823e-11
1.6177101e+00 1.1627694e+01 9.8889006e+32 1.8132762e+14 -2.7145542e-01 1.0704190e-01 4.0989923e-03 4.0989923e-11
1.6181192e+00 1.1630340e+01 9.7581971e+32 1.8057999e+14 -2.7137554e-01 1.0660344e-01 4.0752970e-03 4.0752970e-11
1.6185080e+00 1.1632864e+01 9.6340833e+32 1.7986253e+14 -2.7129937e-01 1.0618263e-01 4.0525785e-03 4.0525785e-11
1.6188955e+00 1.1635388e+01 9.5104787e+32 1.7913663e+14 -2.7122320e-01 1.0575681e-01 4.0296240e-03 4.0296240e-11
1.6192817e+00 1.1637913e+01 9.3873852e+32 1.7841372e+14 -2.7114704e-01 1.0533276e-01 4.0067645e-03 4.0067645e-11
1.6196666e+00 1.1640438e+01 9.2648024e+32 1.7768338e+14 -2.7107088e-01 1.0490428e-01 3.9836991e-03 3.9836991e-11
1.6200501e+00 1.1642964e+01 9.1427380e+32 1.7694737e+14 -2.7099472e-01 1.0447245e-01 3.9604794e-03 3.9604794e-11
1.6204243e+00 1.1645438e+01 9.0237236e+32 1.7622976e+14 -2.7092016e-01 1.0405140e-01 3.9378398e-03 3.9378398e-11
1.6207822e+00 1.1647812e+01 8.9099965e+32 1.7553072e+14 -2.7084862e-01 1.0364119e-01 3.9158239e-03 3.9158239e-11
1.6211389e+00 1.1650187e+01 8.7967336e+32 1.7482949e+14 -2.7077709e-01 1.0322967e-01 3.8937535e-03 3.8937535e-11
1.6214943e+00 1.1652562e+01 8.6839343e+32 1.7413114e+14 -2.7070555e-01 1.0281984e-01 3.8717734e-03 3.8717734e-11
1.6218485e+00 1.1654937e+01 8.5716009e+32 1.7341988e+14 -2.7063402e-01 1.0240236e-01 3.8494323e-03 3.8494323e-11
1.6222015e+00 1.1657313e+01 8.4597391e+32 1.7270864e+14 -2.7056250e-01 1.0198489e-01 3.8271004e-03 3.8271004e-11
1.6225482e+00 1.1659655e+01 8.3499662e+32 1.7201032e+14 -2.7049202e-01 1.0157499e-01 3.8051751e-03 3.8051751e-11
1.6228791e+00 1.1661899e+01 8.2452499e+32 1.7132632e+14 -2.7042451e-01 1.0117343e-01 3.7837506e-03 3.7837506e-11
1.6232088e+00 1.1664143e+01 8.1409602e+32 1.7064511e+14 -2.7035701e-01 1.0077350e-01 3.7624135e-03 3.7624135e-11
1.6235375e+00 1.1666388e+01 8.0370955e+32 1.6996435e+14 -2.7028950e-01 1.0037383e-01 3.7410973e-03 3.7410973e-11
1.6238650e+00 1.1668633e+01 7.9336609e+32 1.6926992e+14 -2.7022201e-01 9.9966053e-02 3.7193997e-03 3.7193997e-11
1.6241914e+00 1.1670878e+01 7.8306592e+32 1.6857839e+14 -2.7015451e-01 9.9559987e-02 3.6977929e-03 3.6977929e-11
1.6245166e+00 1.1673124e+01 7.7280897e+32 1.6788380e+14 -2.7008702e-01 9.9152100e-02 3.6761073e-03 3.6761073e-11
1.6248260e+00 1.1675268e+01 7.6305718e+32 1.6721039e+14 -2.7002259e-01 9.8756598e-02 3.6551195e-03 3.6551195e-11
1.6251336e+00 1.1677408e+01 7.5336779e+32 1.6654129e+14 -2.6995831e-01 9.8363627e-02 3.6342660e-03 3.6342660e-11
1.6254402e+00 1.1679549e+01 7.4371824e+32 1.6586623e+14 -2.6989404e-01 9.7967130e-02 3.6132514e-03 3.6132514e-11
1.6257456e+00 1.1681690e+01 7.3410921e+32 1.6518309e+14 -2.6982976e-01 9.7565840e-02 3.5920148e-03 3.5920148e-11
1.6260500e+00 1.1683831e+01 7.2454073e+32 1.6450282e+14 -2.6976550e-01 9.7166242e-02 3.5708678e-03 3.5708678e-11
1.6263533e+00 1.1685972e+01 7.1501289e+32 1.6381200e+14 -2.6970123e-01 9.6760397e-02 3.5494291e-03 3.5494291e-11
1.6266504e+00 1.1688078e+01 7.0568679e+32 1.6312857e+14 -2.6963806e-01 9.6358873e-02 3.5282392e-03 3.5282392e-11
1.6269403e+00 1.1690141e+01 6.9658981e+32 1.6246194e+14 -2.6957618e-01 9.5967214e-02 3.5075699e-03 3.5075699e-11
1.6272292e+00 1.1692205e+01 6.8753138e+32 1.6177942e+14 -2.6951431e-01 9.5566160e-02 3.4864571e-03 3.4864571e-11
1.6275170e+00 1.1694268e+01 6.7851204e+32 1.6109713e+14 -2.6945243e-01 9.5165236e-02 3.4653586e-03 3.4653586e-11
1.6278038e+00 1.1696333e+01 6.6953168e+32 1.6041450e+14 -2.6939057e-01 9.4764099e-02 3.4442577e-03 3.4442577e-11
1.6280895e+00 1.1698397e+01 6.6059091e+32 1.5971507e+14 -2.6932870e-01 9.4353030e-02 3.4226872e-03 3.4226872e-11
1.6283740e+00 1.1700462e+01 6.5169006e+32 1.5901875e+14 -2.6926684e-01 9.3943795e-02 3.4012130e-03 3.4012130e-11
1.6286513e+00 1.1702482e+01 6.4302309e+32 1.5832868e+14 -2.6920635e-01 9.3538198e-02 3.3799605e-03 3.3799605e-11
1.6289262e+00 1.1704492e+01 6.3443705e+32 1.5763258e+14 -2.6914615e-01 9.3129025e-02 3.3585520e-03 3.3585520e-11
1.6292000e+00 1.1706503e+01 6.2588967e+32 1.5693962e+14 -2.6908595e-01 9.2721693e-02 3.3372398e-03 3.3372398e-11
1.6294727e+00 1.1708514e+01 6.1738130e+32 1.5622642e+14 -2.6902576e-01 9.2302410e-02 3.3153592e-03 3.3153592e-11
1.6297443e+00 1.1710526e+01 6.0891265e+32 1.5551314e+14 -2.6896557e-01 9.1883072e-02 3.2934836e-03 3.2934836e-11
1.6300148e+00 1.1712537e+01 6.0048369e+32 1.5479283e+14 -2.6890538e-01 9.1459579e-02 3.2714151e-03 3.2714151e-11
1.6302837e+00 1.1714546e+01 5.9211065e+32 1.5405815e+14 -2.6884531e-01 9.1027600e-02 3.2489477e-03 3.2489477e-11
1.6305471e+00 1.1716523e+01 5.8391177e+32 1.5333876e+14 -2.6878621e-01 9.0604605e-02 3.2269476e-03 3.2269476e-11
1.6308095e+00 1.1718499e+01 5.7575275e+32 1.5259370e+14 -2.6872711e-01 9.0166459e-02 3.2042227e-03 3.2042227e-11
1.6310706e+00 1.1720477e+01 5.6763440e+32 1.5184938e+14 -2.6866802e-01 8.9728745e-02 3.1815264e-03 3.1815264e-11
1.6313307e+00 1.1722454e+01 5.5955680e+32 1.5108927e+14 -2.6860893e-01 8.9281703e-02 3.1583865e-03 3.1583865e-11
1.6315895e+00 1.1724432e+01 5.5152117e+32 1.5031696e+14 -2.6854984e-01 8.8827464e-02 3.1349063e-03 3.1349063e-11
1.6318471e+00 1.1726410e+01 5.4352763e+32 1.4953699e+14 -2.6849076e-01 8.8368698e-02 3.1112149e-03 3.1112149e-11
1.6321025e+00 1.1728381e+01 5.3560894e+32 1.4873651e+14 -2.6843192e-01 8.7897822e-02 3.0869512e-03 3.0869512e-11
1.6323548e+00 1.1730338e+01 5.2779055e+32 1.4794009e+14 -2.6837351e-01 8.7429327e-02 3.0628215e-03 3.0628215e-11
1.6326059e+00 1.1732295e+01 5.2001600e+32 1.4711072e+14 -2.6831511e-01 8.6941395e-02 3.0377594e-03 3.0377594e-11
1.6328556e+00 1.1734252e+01 5.1228592e+32 1.4628193e+14 -2.6825670e-01 8.6453801e-02 3.0127220e-03 3.0127220e-11
1.6331041e+00 1.1736210e+01 5.0460149e+32 1.4541412e+14 -2.6819831e-01 8.5943183e-02 2.9865798e-03 2.9865798e-11
1.6333511e+00 1.1738168e+01 4.9696354e+32 1.4454379e+14 -2.6813992e-01 8.5431078e-02 2.9603748e-03 2.9603748e-11
1.6335968e+00 1.1740126e+01 4.8937353e+32 1.4363383e+14 -2.6808153e-01 8.4895592e-02 2.9330499e-03 2.9330499e-11
1.6338400e+00 1.1742076e+01 4.8186443e+32 1.4271540e+14 -2.6802339e-01 8.4355103e-02 2.9055002e-03 2.9055002e-11
1.6340812e+00 1.1744022e+01 4.7442477e+32 1.4176634e+14 -2.6796542e-01 8.3796544e-02 2.8770935e-03 2.8770935e-11
1.6343208e+00 1.1745968e+01 4.6703598e+32 1.4078749e+14 -2.6790744e-01 8.3220409e-02 2.8478529e-03 2.8478529e-11
1.6345588e+00 1.1747914e+01 4.5970012e+32 1.3979020e+14 -2.6784947e-01 8.2633391e-02 2.8181006e-03 2.8181006e-11
1.6347952e+00 1.1749860e+01 4.5241864e+32 1.3873700e+14 -2.6779151e-01 8.2013395e-02 2.7867819e-03 2.7867819e-11
1.6350300e+00 1.1751807e+01 4.4519333e+32 1.3765914e+14 -2.6773355e-01 8.1378846e-02 2.7547832e-03 2.7547832e-11
1.6352630e+00 1.1753754e+01 4.3802643e+32 1.3655073e+14 -2.6767560e-01 8.0726274e-02 2.7219401e-03 2.7219401e-11
1.6354931e+00 1.1755694e+01 4.3094997e+32 1.3538674e+14 -2.6761789e-01 8.0040909e-02 2.6875683e-03 2.6875683e-11
1.6357214e+00 1.1757633e+01 4.2393728e+32 1.3418620e+14 -2.6756021e-01 7.9333972e-02 2.6522015e-03 2.6522015e-11
1.6359477e+00 1.1759572e+01 4.1698890e+32 1.3294554e+14 -2.6750253e-01 7.8603352e-02 2.6157474e-03 2.6157474e-11
1.6361720e+00 1.1761512e+01 4.1010715e+32 1.3166189e+14 -2.6744486e-01 7.7847351e-02 2.5781377e-03 2.5781377e-11
1.6363941e+00 1.1763452e+01 4.0329431e+32 1.3033425e+14 -2.6738719e-01 7.7065380e-02 2.5393602e-03 2.5393602e-11
1.6366141e+00 1.1765392e+01 3.9655258e+32 1.2896165e+14 -2.6732953e-01 7.6256849e-02 2.4994100e-03 2.4994100e-11
1.6368315e+00 1.1767330e+01 3.8989225e+32 1.2755187e+14 -2.6727195e-01 7.5426341e-02 2.4585257e-03 2.4585257e-11
1.6370461e+00 1.1769264e+01 3.8332316e+32 1.2611434e+14 -2.6721452e-01 7.4579419e-02 2.4169887e-03 2.4169887e-11
1.6372584e+00 1.1771198e+01 3.7682997e+32 1.2465138e+14 -2.6715709e-01 7.3717431e-02 2.3748776e-03 2.3748776e-11
1.6374683e+00 1.1773132e+01 3.7041385e+32 1.2316952e+14 -2.6709967e-01 7.2844231e-02 2.3323925e-03 2.3323925e-11
1.6376757e+00 1.1775067e+01 3.6407560e+32 1.2167546e+14 -2.6704226e-01 7.1963767e-02 2.2897352e-03 2.2897352e-11
1.6378807e+00 1.1777002e+01 3.5781567e+32 1.2017445e+14 -2.6698485e-01 7.1079119e-02 2.2470743e-03 2.2470743e-11
1.6380833e+00 1.1778937e+01 3.5163419e+32 1.1867368e+14 -2.6692744e-01 7.0194544e-02 2.2046106e-03 2.2046106e-11
1.6382827e+00 1.1780866e+01 3.4555131e+32 1.1718274e+14 -2.6687024e-01 6.9315679e-02 2.1626166e-03 2.1626166e-11
1.6384796e+00 1.1782794e+01 3.3955082e+32 1.1570121e+14 -2.6681309e-01 6.8442292e-02 2.1210814e-03 2.1210814e-11
1.6386741e+00 1.1784722e+01 3.3362719e+32 1.1423027e+14 -2.6675595e-01 6.7575080e-02 2.0800383e-03 2.0800383e-11
1.6388662e+00 1.1786651e+01 3.2777983e+32 1.1277149e+14 -2.6669881e-01 6.6714962e-02 2.0395304e-03 2.0395304e-11
1.6390559e+00 1.1788579e+01 3.2200808e+32 1.1132570e+14 -2.6664168e-01 6.5862447e-02 1.9995805e-03 1.9995805e-11
1.6392433e+00 1.1790508e+01 3.1631123e+32 1.0989325e+14 -2.6658456e-01 6.5017730e-02 1.9601968e-03 1.9601968e-11
1.6394280e+00 1.1792434e+01 3.1069941e+32 1.0847681e+14 -2.6652755e-01 6.4182387e-02 1.9214506e-03 1.9214506e-11
1.6396098e+00 1.1794353e+01 3.0517965e+32 1.0707766e+14 -2.6647075e-01 6.3357184e-02 1.8833867e-03 1.8833867e-11
1.6397893e+00 1.1796273e+01 2.9973201e+32 1.0569049e+14 -2.6641395e-01 6.2538977e-02 1.8458542e-03 1.8458542e-11
1.6399666e+00 1.1798193e+01 2.9435591e+32 1.0431051e+14 -2.6635716e-01 6.1724939e-02 1.8088243e-03 1.8088243e-11
1.6401416e+00 1.1800114e+01 2.8905127e+32 1.0293432e+14 -2.6630038e-01 6.0913025e-02 1.7722711e-03 1.7722711e-11
1.6403144e+00 1.1802034e+01 2.8381738e+32 1.0157647e+14 -2.6624360e-01 6.0111940e-02 1.7362055e-03 1.7362055e-11
1.6404850e+00 1.1803955e+01 2.7865355e+32 1.0023680e+14 -2.6618684e-01 5.9321577e-02 1.7006225e-03 1.7006225e-11
1.6406523e+00 1.1805863e+01 2.7359382e+32 9.8924145e+13 -2.6613048e-01 5.8547150e-02 1.6657570e-03 1.6657570e-11
1.6408174e+00 1.1807771e+01 2.6860206e+32 9.7589516e+13 -2.6607413e-01 5.7759555e-02 1.6311535e-03 1.6311535e-11
1.6409804e+00 1.1809679e+01 2.6367851e+32 9.6270834e+13 -2.6601778e-01 5.6981359e-02 1.5970110e-03 1.5970110e-11
1.6411412e+00 1.1811588e+01 2.5882224e+32 9.4970172e+13 -2.6596144e-01 5.6213797e-02 1.5633349e-03 1.5633349e-11
1.6413000e+00 1.1813497e+01 2.5403233e+32 9.3687284e+13 -2.6590511e-01 5.5456725e-02 1.5301191e-03 1.5301191e-11
1.6414567e+00 1.1815407e+01 2.4930847e+32 9.2387777e+13 -2.6584879e-01 5.4689707e-02 1.4971055e-03 1.4971055e-11
1.6416102e+00 1.1817304e+01 2.4468198e+32 9.1100735e+13 -2.6579285e-01 5.3929991e-02 1.4646656e-03 1.4646656e-11
1.6417613e+00 1.1819197e+01 2.4013143e+32 8.9834820e+13 -2.6573705e-01 5.3182746e-02 1.4327581e-03 1.4327581e-11
1.6419104e+00 1.1821090e+01 2.3564484e+32 8.8586697e+13 -2.6568126e-01 5.2446003e-02 1.4012991e-03 1.4012991e-11
1.6420575e+00 1.1822983e+01 2.3122174e+32 8.7326430e+13 -2.6562547e-01 5.1701987e-02 1.3718253e-03 1.3718253e-11
1.6422025e+00 1.1824877e+01 2.2686310e+32 8.6063753e+13 -2.6556969e-01 5.0956479e-02 1.3438546e-03 1.3438546e-11
1.6423455e+00 1.1826771e+01 2.2256819e+32 8.4819538e+13 -2.6551393e-01 5.0221871e-02 1.3162928e-03 1.3162928e-11
1.6424856e+00 1.1828654e+01 2.1836130e+32 8.3600823e+13 -2.6545850e-01 4.9502319e-02 1.2892959e-03 1.2892959e-11
1.6426231e+00 1.1830528e+01 2.1423683e+32 8.2375867e+13 -2.6540337e-01 4.8778983e-02 1.2673497e-03 1.2673497e-11
1.6427587e+00 1.1832402e+01 2.1017422e+32 8.1150526e+13 -2.6534824e-01 4.8055360e-02 1.2485489e-03 1.2485489e-11
1.6428922e+00 1.1834276e+01 2.0617271e+32 7.9943615e+13 -2.6529312e-01 4.7342621e-02 1.2300309e-03 1.2300309e-11
1.6430239e+00 1.1836151e+01 2.0223138e+32 7.8754856e+13 -2.6523801e-01 4.6640602e-02 1.2117914e-03 1.2117914e-11
1.6431536e+00 1.1838026e+01 1.9835000e+32 7.7549433e+13 -2.6518291e-01 4.5928628e-02 1.1932933e-03 1.1932933e-11
1.6432807e+00 1.1839891e+01 1.9455028e+32 7.6358739e+13 -2.6512813e-01 4.5225320e-02 1.1750203e-03 1.1750203e-11
1.6434049e+00 1.1841742e+01 1.9083782e+32 7.5195387e+13 -2.6507377e-01 4.4538162e-02 1.1571669e-03 1.1571669e-11
1.6435273e+00 1.1843593e+01 1.8718255e+32 7.4049052e+13 -2.6501942e-01 4.3861052e-02 1.1395746e-03 1.1395746e-11
1.6436479e+00 1.1845444e+01 1.8358460e+32 7.2881470e+13 -2.6496508e-01 4.3171259e-02 1.1216528e-03 1.1216528e-11
1.6437666e+00 1.1847296e+01 1.8004401e+32 7.1732500e+13 -2.6491075e-01 4.2492462e-02 1.1040166e-03 1.1040166e-11
1.6438835e+00 1.1849148e+01 1.7655985e+32 7.0601844e+13 -2.6485643e-01 4.1824483e-02 1.0866616e-03 1.0866616e-11
1.6439980e+00 1.1850990e+01 1.7315048e+32 6.9481997e+13 -2.6480242e-01 4.1162842e-02 1.0694712e-03 1.0694712e-11
1.6441096e+00 1.1852815e+01 1.6982870e+32 6.8369995e+13 -2.6474894e-01 4.0505759e-02 1.0523992e-03 1.0523992e-11
1.6442194e+00 1.1854639e+01 1.6656067e+32 6.7275981e+13 -2.6469548e-01 3.9859305e-02 1.0356034e-03 1.0356034e-11
1.6443276e+00 1.1856464e+01 1.6334550e+32 6.6199665e+13 -2.6464202e-01 3.9223309e-02 1.0190792e-03 1.0190792e-11
1.6444341e+00 1.1858289e+01 1.6018280e+32 6.5117378e+13 -2.6458857e-01 3.8583688e-02 1.0024609e-03 1.0024609e-11
1.6445388e+00 1.1860115e+01 1.5707260e+32 6.4047702e+13 -2.6453513e-01 3.7951498e-02 9.8603570e-04 9.8603570e-12
1.6446412e+00 1.1861929e+01 1.5403348e+32 6.3002472e+13 -2.6448205e-01 3.7333755e-02 9.6998584e-04 9.6998584e-12
1.6447410e+00 1.1863723e+01 1.5107706e+32 6.1978389e+13 -2.6442955e-01 3.6728477e-02 9.5425981e-04 9.5425981e-12
1.6448391e+00 1.1865518e+01 1.4816973e+32 6.0955252e+13 -2.6437706e-01 3.6123681e-02 9.3854634e-04 9.3854634e-12
1.6449356e+00 1.1867313e+01 1.4531090e+32 5.9949187e+13 -2.6432459e-01 3.5528977e-02 9.2309507e-04 9.2309507e-12
1.6450306e+00 1.1869108e+01 1.4249978e+32 5.8959909e+13 -2.6427212e-01 3.4944197e-02 9.0790161e-04 9.0790161e-12
1.6451240e+00 1.1870904e+01 1.3973587e+32 5.7971402e+13 -2.6421966e-01 3.4359784e-02 8.9271771e-04 8.9271771e-12
1.6452152e+00 1.1872685e+01 1.3704080e+32 5.7004615e+13 -2.6416764e-01 3.3788196e-02 8.7786703e-04 8.7786703e-12
1.6453039e+00 1.1874447e+01 1.3442074e+32 5.6064739e+13 -2.6411621e-01 3.3232518e-02 8.6342970e-04 8.6342970e-12
1.6453912e+00 1.1876208e+01 1.3184441e+32 5.5134722e+13 -2.6406479e-01 3.2682631e-02 8.4914283e-04 8.4914283e-12
1.6454771e+00 1.1877970e+01 1.2931157e+32 5.4211751e+13 -2.6401338e-01 3.2136853e-02 8.3496269e-04 8.3496269e-12
1.6455615e+00 1.1879733e+01 1.2682159e+32 5.3304400e+13 -2.6396198e-01 3.1600310e-02 8.2102253e-04 8.2102253e-12
1.6456446e+00 1.1881495e+01 1.2437375e+32 5.2412403e+13 -2.6391059e-01 3.1072847e-02 8.0731826e-04 8.0731826e-12
1.6457254e+00 1.1883239e+01 1.2199349e+32 5.1534189e+13 -2.6385976e-01 3.0553446e-02 7.9382344e-04 7.9382344e-12
1.6458041e+00 1.1884964e+01 1.1967777e+32 5.0679584e+13 -2.6380948e-01 3.0048006e-02 7.8069136e-04 7.8069136e-12
1.6458816e+00 1.1886690e+01 1.1740087e+32 4.9839308e+13 -2.6375920e-01 2.9551040e-02 7.6777947e-04 7.6777947e-12
1.6459577e+00 1.1888416e+01 1.1516221e+32 4.9008641e+13 -2.6370894e-01 2.9059712e-02 7.5501405e-04 7.5501405e-12
1.6460327e+00 1.1890143e+01 1.1296140e+32 4.8188227e+13 -2.6365868e-01 2.8574410e-02 7.4240519e-04 7.4240519e-12
1.6461064e+00 1.1891869e+01 1.1079784e+32 4.7381700e+13 -2.6360843e-01 2.8097322e-02 7.3000974e-04 7.3000974e-12
1.6461778e+00 1.1893571e+01 1.0870187e+32 4.6599697e+13 -2.6355893e-01 2.7634734e-02 7.1799100e-04 7.1799100e-12
1.6462475e+00 1.1895258e+01 1.0665829e+32 4.5831838e+13 -2.6350986e-01 2.7180442e-02 7.0618784e-04 7.0618784e-12
1.6463161e+00 1.1896946e+01 1.0464876e+32 4.5076774e+13 -2.6346079e-01 2.6733720e-02 6.9458135e-04 6.9458135e-12
1.6463836e+00 1.1898634e+01 1.0267271e+32 4.4334290e+13 -2.6341174e-01 2.6294441e-02 6.8316823e-04 6.8316823e-12
1.6464500e+00 1.1900322e+01 1.0072962e+32 4.3601314e+13 -2.6336269e-01 2.5860740e-02 6.7190005e-04 6.7190005e-12
1.6465153e+00 1.1902010e+01 9.8819078e+31 4.2878979e+13 -2.6331365e-01 2.5433310e-02 6.6079478e-04 6.6079478e-12
1.6465784e+00 1.1903666e+01 9.6976911e+31 4.2182496e+13 -2.6326558e-01 2.5021177e-02 6.5008696e-04 6.5008696e-12
1.6466401e+00 1.1905313e+01 9.5174628e+31 4.1500630e+13 -2.6321778e-01 2.4617683e-02 6.3960360e-04 6.3960360e-12
1.6467008e+00 1.1906960e+01 9.3401881e+31 4.0827110e+13 -2.6316998e-01 2.4219071e-02 6.2924707e-04 6.2924707e-12
1.6467606e+00 1.1908608e+01 9.1658235e+31 4.0164646e+13 -2.6312219e-01 2.3827002e-02 6.1906055e-04 6.1906055e-12
1.6468194e+00 1.1910255e+01 8.9943206e+31 3.9513055e+13 -2.6307442e-01 2.3441369e-02 6.0904122e-04 6.0904122e-12
1.6468773e+00 1.1911903e+01 8.8256343e+31 3.8870622e+13 -2.6302665e-01 2.3061116e-02 5.9916171e-04 5.9916171e-12
1.6469328e+00 1.1913510e+01 8.6638825e+31 3.8253653e+13 -2.6298009e-01 2.2695912e-02 5.8967317e-04 5.8967317e-12
1.6469874e+00 1.1915115e+01 8.5049215e+31 3.7647329e+13 -2.6293360e-01 2.2337009e-02 5.8034834e-04 5.8034834e-12
1.6470412e+00 1.1916720e+01 8.3485099e+31 3.7050693e+13 -2.6288712e-01 2.1983840e-02 5.7117249e-04 5.7117249e-12
1.6470942e+00 1.1918325e+01 8.1946098e+31 3.6461723e+13 -2.6284065e-01 2.1635151e-02 5.6211305e-04 5.6211305e-12
1.6471463e+00 1.1919930e+01 8.0431849e+31 3.5882224e+13 -2.6279419e-01 2.1292070e-02 5.5319930e-04 5.5319930e-12
1.6471974e+00 1.1921530e+01 7.8947321e+31 3.5314099e+13 -2.6274790e-01 2.0955723e-02 5.4446051e-04 5.4446051e-12
1.6472465e+00 1.1923091e+01 7.7522146e+31 3.4768048e+13 -2.6270276e-01 2.0632423e-02 5.3606070e-04 5.3606070e-12
1.6472949e+00 1.1924652e+01 7.6119298e+31 3.4229579e+13 -2.6265763e-01 2.0313581e-02 5.2777670e-04 5.2777670e-12
1.6473426e+00 1.1926213e+01 7.4738435e+31 3.3699548e+13 -2.6261250e-01 1.9999735e-02 5.1962252e-04 5.1962252e-12
1.6473895e+00 1.1927774e+01 7.3379209e+31 3.3177822e+13 -2.6256738e-01 1.9690807e-02 5.1159611e-04 5.1159611e-12
1.6474357e+00 1.1929336e+01 7.2041293e+31 3.2663240e+13 -2.6252227e-01 1.9386074e-02 5.0367871e-04 5.0367871e-12
1.6474808e+00 1.1930884e+01 7.0736125e+31 3.2160811e+13 -2.6247758e-01 1.9088524e-02 4.9594792e-04 4.9594792e-12
1.6475243e+00 1.1932399e+01 6.9477889e+31 3.1676448e+13 -2.6243382e-01 1.8801673e-02 4.8849512e-04 4.8849512e-12
1.6475672e+00 1.1933915e+01 6.8238832e+31 3.1199469e+13 -2.6239008e-01 1.8519195e-02 4.8115592e-04 4.8115592e-12
1.6476094e+00 1.1935431e+01 6.7018682e+31 3.0728438e+13 -2.6234634e-01 1.8240198e-02 4.7390716e-04 4.7390716e-12
1.6476511e+00 1.1936947e+01 6.5817180e+31 3.0264518e+13 -2.6230261e-01 1.7965409e-02 4.6676775e-04 4.6676775e-12
1.6476921e+00 1.1938464e+01 6.4634037e+31 2.9807687e+13 -2.6225888e-01 1.7694820e-02 4.5973744e-04 4.5973744e-12
1.6477319e+00 1.1939958e+01 6.3485756e+31 2.9364125e+13 -2.6221580e-01 1.7432085e-02 4.5291120e-04 4.5291120e-12
1.6477705e+00 1.1941428e+01 6.2373817e+31 2.8933361e+13 -2.6217346e-01 1.7176896e-02 4.4628101e-04 4.4628101e-12
1.6478085e+00 1.1942897e+01 6.1278390e+31 2.8508995e+13 -2.6213112e-01 1.6925496e-02 4.3974928e-04 4.3974928e-12
1.6478460e+00 1.1944367e+01 6.0199227e+31 2.8090929e+13 -2.6208880e-01 1.6677829e-02 4.3331453e-04 4.3331453e-12
1.6478829e+00 1.1945837e+01 5.9136087e+31 2.7678721e+13 -2.6204647e-01 1.6433623e-02 4.2696970e-04 4.2696970e-12
1.6479194e+00 1.1947307e+01 5.8088765e+31 2.7271464e+13 -2.6200416e-01 1.6192322e-02 4.2070034e-04 4.2070034e-12
1.6479546e+00 1.1948748e+01 5.7077350e+31 2.6878170e+13 -2.6196269e-01 1.5959294e-02 4.1464592e-04 4.1464592e-12
1.6479888e+00 1.1950171e+01 5.6093723e+31 2.6495682e+13 -2.6192178e-01 1.5732668e-02 4.0875785e-04 4.0875785e-12
1.6480226e+00 1.1951593e+01 5.5124270e+31 2.6118290e+13 -2.6188087e-01 1.5509053e-02 4.0294800e-04 4.0294800e-12
1.6480559e+00 1.1953016e+01 5.4168824e+31 2.5745154e+13 -2.6183997e-01 1.5287935e-02 3.9720302e-04 3.9720302e-12
1.6480887e+00 1.1954439e+01 5.3227196e+31 2.5377415e+13 -2.6179908e-01 1.5070015e-02 3.9154114e-04 3.9154114e-12
1.6481211e+00 1.1955862e+01 5.2299186e+31 2.5014995e+13 -2.6175819e-01 1.4855246e-02 3.8596113e-04 3.8596113e-12
1.6481522e+00 1.1957250e+01 5.1406778e+31 2.4666088e+13 -2.6171831e-01 1.4648479e-02 3.8058901e-04 3.8058901e-12
1.6481827e+00 1.1958625e+01 5.0535774e+31 2.4324238e+13 -2.6167884e-01 1.4445870e-02 3.7532493e-04 3.7532493e-12
1.6482127e+00 1.1960000e+01 4.9676992e+31 2.3987185e+13 -2.6163937e-01 1.4246103e-02 3.7013471e-04 3.7013471e-12
1.6482423e+00 1.1961375e+01 4.8830259e+31 2.3654861e+13 -2.6159991e-01 1.4049140e-02 3.6501731e-04 3.6501731e-12
1.6482715e+00 1.1962750e+01 4.7995404e+31 2.3327028e+13 -2.6156046e-01 1.3854835e-02 3.5996900e-04 3.5996900e-12
1.6483003e+00 1.1964125e+01 4.7172296e+31 2.3002135e+13 -2.6152101e-01 1.3662247e-02 3.5496528e-04 3.5496528e-12
1.6483279e+00 1.1965463e+01 4.6383128e+31 2.2690638e+13 -2.6148267e-01 1.3477600e-02 3.5016788e-04 3.5016788e-12
1.6483550e+00 1.1966789e+01 4.5611138e+31 2.2385922e+13 -2.6144464e-01 1.3296973e-02 3.4547491e-04 3.4547491e-12
1.6483817e+00 1.1968116e+01 4.4849646e+31 2.2085349e+13 -2.6140662e-01 1.3118801e-02 3.4084576e-04 3.4084576e-12
1.6484080e+00 1.1969443e+01 4.4098531e+31 2.1787196e+13 -2.6136861e-01 1.2942042e-02 3.3625328e-04 3.3625328e-12
1.6484340e+00 1.1970769e+01 4.3357692e+31 2.1492879e+13 -2.6133061e-01 1.2767553e-02 3.3171981e-04 3.3171981e-12
1.6484597e+00 1.1972097e+01 4.2626987e+31 2.1202588e+13 -2.6129261e-01 1.2595451e-02 3.2724836e-04 3.2724836e-12
1.6484842e+00 1.1973385e+01 4.1927005e+31 2.0924503e+13 -2.6125571e-01 1.2430586e-02 3.2296491e-04 3.2296491e-12
1.6485083e+00 1.1974663e+01 4.1242141e+31 2.0651264e+13 -2.6121914e-01 1.2268580e-02 3.1875576e-04 3.1875576e-12
1.6485321e+00 1.1975942e+01 4.0566353e+31 2.0380828e+13 -2.6118257e-01 1.2108227e-02 3.1458954e-04 3.1458954e-12
1.6485555e+00 1.1977220e+01 3.9899526e+31 2.0113979e+13 -2.6114600e-01 1.1950000e-02 3.1047857e-04 3.1047857e-12
1.6485787e+00 1.1978498e+01 3.9241540e+31 1.9850668e+13 -2.6110945e-01 1.1793871e-02 3.0642210e-04 3.0642210e-12
1.6486015e+00 1.1979777e+01 3.8592278e+31 1.9590413e+13 -2.6107289e-01 1.1639549e-02 3.0241260e-04 3.0241260e-12
1.6486235e+00 1.1981021e+01 3.7969037e+31 1.9338970e+13 -2.6103734e-01 1.1490437e-02 2.9853844e-04 2.9853844e-12
1.6486449e+00 1.1982250e+01 3.7361032e+31 1.9093675e+13 -2.6100222e-01 1.1344970e-02 2.9475899e-04 2.9475899e-12
1.6486661e+00 1.1983480e+01 3.6760837e+31 1.8851530e+13 -2.6096709e-01 1.1201371e-02 2.9102808e-04 2.9102808e-12
1.6486870e+00 1.1984709e+01 3.6168349e+31 1.8612495e+13 -2.6093198e-01 1.1059616e-02 2.8734509e-04 2.8734509e-12
1.6487076e+00 1.1985939e+01 3.5583485e+31 1.8375036e+13 -2.6089686e-01 1.0918782e-02 2.8368603e-04 2.8368603e-12
1.6487280e+00 1.1987169e+01 3.5006193e+31 1.8140029e+13 -2.6086176e-01 1.0779397e-02 2.8006459e-04 2.8006459e-12
1.6487477e+00 1.1988372e+01 3.4448640e+31 1.7913057e+13 -2.6082742e-01 1.0644777e-02 2.7656698e-04 2.7656698e-12
1.6487668e+00 1.1989553e+01 3.3908467e+31 1.7693161e+13 -2.6079373e-01 1.0514354e-02 2.7317839e-04 2.7317839e-12
1.6487857e+00 1.1990734e+01 3.3375009e+31 1.7475732e+13 -2.6076005e-01 1.0385393e-02 2.6982779e-04 2.6982779e-12
1.6488043e+00 1.1991915e+01 3.2848221e+31 1.7259159e+13 -2.6072637e-01 1.0256924e-02 2.6648997e-04 2.6648997e-12
1.6488227e+00 1.1993096e+01 3.2328044e+31 1.7045304e+13 -2.6069270e-01 1.0130067e-02 2.6319404e-04 2.6319404e-12
1.6488409e+00 1.1994278e+01 3.1814392e+31 1.6834132e+13 -2.6065903e-01 1.0004801e-02 2.5993945e-04 2.5993945e-12
1.6488587e+00 1.1995446e+01 3.1312623e+31 1.6627845e+13 -2.6062573e-01 9.8824336e-03 2.5676016e-04 2.5676016e-12
1.6488757e+00 1.1996579e+01 3.0832405e+31 1.6429437e+13 -2.6059347e-01 9.7647325e-03 2.5370211e-04 2.5370211e-12
1.6488925e+00 1.1997711e+01 3.0358012e+31 1.6232301e+13 -2.6056122e-01 9.6477774e-03 2.5066344e-04 2.5066344e-12
1.6489091e+00 1.1998844e+01 2.9889383e+31 1.6037559e+13 -2.6052897e-01 9.5322432e-03 2.4766169e-04 2.4766169e-12
1.6489256e+00 1.1999977e+01 2.9426446e+31 1.5845184e+13 -2.6049672e-01 9.4181123e-03 2.4469640e-04 2.4469640e-12
1.6489418e+00 1.2001110e+01 2.8969132e+31 1.5655145e+13 -2.6046448e-01 9.3053676e-03 2.4176713e-04 2.4176713e-12
1.6489578e+00 1.2002242e+01 2.8517386e+31 1.5465932e+13 -2.6043225e-01 9.1931032e-03 2.3885034e-04 2.3885034e-12
1.6489731e+00 1.2003335e+01 2.8087221e+31 1.5285089e+13 -2.6040118e-01 9.0858006e-03 2.3606246e-04 2.3606246e-12
1.6489881e+00 1.2004419e+01 2.7665137e+31 1.5107644e+13 -2.6037034e-01 8.9805135e-03 2.3332694e-04 2.3332694e-12
1.6490030e+00 1.2005504e+01 2.7248014e+31 1.4932283e+13 -2.6033950e-01 8.8764640e-03 2.3062358e-04 2.3062358e-12
1.6490176e+00 1.2006588e+01 2.6835793e+31 1.4758984e+13 -2.6030867e-01 8.7736373e-03 2.2795199e-04 2.2795199e-12
1.6490321e+00 1.2007673e+01 2.6428434e+31 1.4586066e+13 -2.6027784e-01 8.6710262e-03 2.2528601e-04 2.2528601e-12
1.6490465e+00 1.2008758e+01 2.6025917e+31 1.4414726e+13 -2.6024702e-01 8.5693487e-03 2.2264428e-04 2.2264428e-12
1.6490605e+00 1.2009830e+01 2.5632699e+31 1.4247343e+13 -2.6021655e-01 8.4700198e-03 2.2006357e-04 2.2006357e-12
1.6490738e+00 1.2010867e+01 2.5256975e+31 1.4087408e+13 -2.6018710e-01 8.3751100e-03 2.1759767e-04 2.1759767e-12
1.6490871e+00 1.2011904e+01 2.4885520e+31 1.3929289e+13 -2.6015765e-01 8.2812788e-03 2.1515980e-04 2.1515980e-12
1.6491002e+00 1.2012942e+01 2.4518303e+31 1.3771341e+13 -2.6012821e-01 8.1875393e-03 2.1272431e-04 2.1272431e-12
1.6491131e+00 1.2013979e+01 2.4155312e+31 1.3614757e+13 -2.6009877e-01 8.0946064e-03 2.1030978e-04 2.1030978e-12
1.6491259e+00 1.2015016e+01 2.3796499e+31 1.3459974e+13 -2.6006934e-01 8.0027431e-03 2.0792303e-04 2.0792303e-12
1.6491386e+00 1.2016053e+01 2.3441815e+31 1.3306973e+13 -2.6003991e-01 7.9119369e-03 2.0556376e-04 2.0556376e-12
1.6491509e+00 1.2017068e+01 2.3098766e+31 1.3158991e+13 -2.6001112e-01 7.8241097e-03 2.0328188e-04 2.0328188e-12
1.6491627e+00 1.2018059e+01 2.2767855e+31 1.3014827e+13 -2.5998304e-01 7.7385416e-03 2.0105869e-04 2.0105869e-12
1.6491744e+00 1.2019049e+01 2.2440627e+31 1.2871661e+13 -2.5995497e-01 7.6535618e-03 1.9885079e-04 1.9885079e-12
1.6491860e+00 1.2020039e+01 2.2117041e+31 1.2730088e+13 -2.5992690e-01 7.5695281e-03 1.9666747e-04 1.9666747e-12
1.6491974e+00 1.2021030e+01 2.1797058e+31 1.2590091e+13 -2.5989883e-01 7.4864299e-03 1.9450846e-04 1.9450846e-12
1.6492087e+00 1.2022020e+01 2.1480637e+31 1.2451653e+13 -2.5987076e-01 7.4042567e-03 1.9237348e-04 1.9237348e-12
1.6492199e+00 1.2023011e+01 2.1167744e+31 1.2313771e+13 -2.5984270e-01 7.3224090e-03 1.9024695e-04 1.9024695e-12
1.6492308e+00 1.2023981e+01 2.0864935e+31 1.2179293e+13 -2.5981524e-01 7.2425774e-03 1.8817281e-04 1.8817281e-12
1.6492412e+00 1.2024925e+01 2.0573234e+31 1.2049749e+13 -2.5978850e-01 7.1656740e-03 1.8617475e-04 1.8617475e-12
1.6492516e+00 1.2025869e+01 2.0284672e+31 1.1921599e+13 -2.5976176e-01 7.0895985e-03 1.8419819e-04 1.8419819e-12
1.6492618e+00 1.2026814e+01 1.9999216e+31 1.1794828e+13 -2.5973503e-01 7.0143417e-03 1.8224291e-04 1.8224291e-12
1.6492719e+00 1.2027759e+01 1.9716833e+31 1.1669157e+13 -2.5970830e-01 6.9397369e-03 1.8030457e-04 1.8030457e-12
1.6492820e+00 1.2028703e+01 1.9437518e+31 1.1543146e+13 -2.5968157e-01 6.8649224e-03 1.7836078e-04 1.7836078e-12
1.6492919e+00 1.2029648e+01 1.9161255e+31 1.1418512e+13 -2.5965485e-01 6.7909254e-03 1.7643822e-04 1.7643822e-12
1.6493016e+00 1.2030586e+01 1.8889996e+31 1.1296135e+13 -2.5962832e-01 6.7182689e-03 1.7455050e-04 1.7455050e-12
1.6493109e+00 1.2031486e+01 1.8632582e+31 1.1180004e+13 -2.5960288e-01 6.6493204e-03 1.7275912e-04 1.7275912e-12
1.6493200e+00 1.2032385e+01 1.8377845e+31 1.1065082e+13 -2.5957745e-01 6.5810892e-03 1.7098637e-04 1.7098637e-12
1.6493291e+00 1.2033285e+01 1.8125769e+31 1.0950038e+13 -2.5955202e-01 6.5127804e-03 1.6921161e-04 1.6921161e-12
1.6493380e+00 1.2034185e+01 1.7876355e+31 1.0835644e+13 -2.5952659e-01 6.4448555e-03 1.6744682e-04 1.6744682e-12
1.6493469e+00 1.2035085e+01 1.7629577e+31 1.0722460e+13 -2.5950116e-01 6.3776486e-03 1.6570069e-04 1.6570069e-12
1.6493557e+00 1.2035985e+01 1.7385408e+31 1.0610472e+13 -2.5947573e-01 6.3111518e-03 1.6397300e-04 1.6397300e-12
1.6493644e+00 1.2036885e+01 1.7143818e+31 1.0499667e+13 -2.5945031e-01 6.2453578e-03 1.6226358e-04 1.6226358e-12
1.6493728e+00 1.2037763e+01 1.6910705e+31 1.0392411e+13 -2.5942553e-01 6.1816695e-03 1.6060886e-04 1.6060886e-12
1.6493809e+00 1.2038619e+01 1.6685625e+31 1.0287382e+13 -2.5940135e-01 6.1192980e-03 1.5898836e-04 1.5898836e-12
1.6493889e+00 1.2039476e+01 1.6462846e+31 1.0183427e+13 -2.5937718e-01 6.0575642e-03 1.5738442e-04 1.5738442e-12
1.6493969e+00 1.2040332e+01 1.6242345e+31 1.0080534e+13 -2.5935301e-01 5.9964615e-03 1.5579689e-04 1.5579689e-12
1.6494047e+00 1.2041189e+01 1.6024097e+31 9.9786935e+12 -2.5932884e-01 5.9359833e-03 1.5422557e-04 1.5422557e-12
1.6494125e+00 1.2042046e+01 1.5808080e+31 9.8778935e+12 -2.5930467e-01 5.8761232e-03 1.5267032e-04 1.5267032e-12
1.6494203e+00 1.2042902e+01 1.5594275e+31 9.7772149e+12 -2.5928051e-01 5.8163318e-03 1.5111685e-04 1.5111685e-12
1.6494279e+00 1.2043759e+01 1.5382689e+31 9.6766923e+12 -2.5925635e-01 5.7566297e-03 1.4956570e-04 1.4956570e-12
1.6494353e+00 1.2044596e+01 1.5178058e+31 9.5794744e+12 -2.5923274e-01 5.6988903e-03 1.4806555e-04 1.4806555e-12
1.6494424e+00 1.2045411e+01 1.4980987e+31 9.4858475e+12 -2.5920978e-01 5.6432837e-03 1.4662081e-04 1.4662081e-12
1.6494494e+00 1.2046225e+01 1.4785863e+31 9.3931461e+12 -2.5918682e-01 5.5882267e-03 1.4519035e-04 1.4519035e-12
1.6494564e+00 1.2047040e+01 1.4592668e+31 9.3013610e+12 -2.5916386e-01 5.5337139e-03 1.4377403e-04 1.4377403e-12
1.6494633e+00 1.2047855e+01 1.4401392e+31 9.2092298e+12 -2.5914091e-01 5.4789912e-03 1.4235225e-04 1.4235225e-12
1.6494702e+00 1.2048669e+01 1.4212041e+31 9.1175754e+12 -2.5911796e-01 5.4245502e-03 1.4093779e-04 1.4093779e-12
1.6494770e+00 1.2049484e+01 1.4024595e+31 9.0268435e+12 -2.5909501e-01 5.3706570e-03 1.3953757e-04 1.3953757e-12
1.6494837e+00 1.2050299e+01 1.3839035e+31 8.9370245e+12 -2.5907206e-01 5.3173062e-03 1.3815143e-04 1.3815143e-12
1.6494903e+00 1.2051114e+01 1.3655342e+31 8.8481093e+12 -2.5904912e-01 5.2644921e-03 1.3677925e-04 1.3677925e-12
1.6494966e+00 1.2051892e+01 1.3481796e+31 8.7641057e+12 -2.5902723e-01 5.2145955e-03 1.3548286e-04 1.3548286e-12
1.6495028e+00 1.2052666e+01 1.3310654e+31 8.6797861e+12 -2.5900543e-01 5.1645062e-03 1.3418147e-04 1.3418147e-12
1.6495090e+00 1.2053440e+01 1.3141179e+31 8.5961509e+12 -2.5898364e-01 5.1148231e-03 1.3289062e-04 1.3289062e-12
1.6495150e+00 1.2054215e+01 1.2973355e+31 8.5133304e+12 -2.5896185e-01 5.0656239e-03 1.3161236e-04 1.3161236e-12
1.6495211e+00 1.2054989e+01 1.2807166e+31 8.4313166e+12 -2.5894006e-01 5.0169039e-03 1.3034654e-04 1.3034654e-12
1.6495270e+00 1.2055764e+01 1.2642596e+31 8.3501017e+12 -2.5891827e-01 4.9686585e-03 1.2909305e-04 1.2909305e-12
1.6495329e+00 1.2056538e+01 1.2479628e+31 8.2696778e+12 -2.5889649e-01 4.9208830e-03 1.2785177e-04 1.2785177e-12
1.6495388e+00 1.2057313e+01 1.2318262e+31 8.1885115e+12 -2.5887471e-01 4.8726616e-03 1.2659891e-04 1.2659891e-12
1.6495446e+00 1.2058088e+01 1.2158498e+31 8.1080769e+12 -2.5885293e-01 4.8248746e-03 1.2535734e-04 1.2535734e-12
1.6495501e+00 1.2058833e+01 1.2006427e+31 8.0315150e+12 -2.5883199e-01 4.7793885e-03 1.2417554e-04 1.2417554e-12
1.6495555e+00 1.2059568e+01 1.1857609e+31 7.9565915e+12 -2.5881132e-01 4.7348757e-03 1.2301903e-04 1.2301903e-12
1.6495609e+00 1.2060304e+01 1.1710195e+31 7.8823745e+12 -2.5879064e-01 4.6907827e-03 1.2187344e-04 1.2187344e-12
1.6495662e+00 1.2061040e+01 1.1564172e+31 7.8088574e+12 -2.5876996e-01 4.6471055e-03 1.2073864e-04 1.2073864e-12
1.6495714e+00 1.2061776e+01 1.1419536e+31 7.7346566e+12 -2.5874929e-01 4.6030180e-03 1.1959318e-04 1.1959318e-12
1.6495766e+00 1.2062512e+01 1.1276292e+31 7.6610373e+12 -2.5872862e-01 4.5592756e-03 1.1845669e-04 1.1845669e-12
1.6495818e+00 1.2063248e+01 1.1134426e+31 7.5881262e+12 -2.5870795e-01 4.5159539e-03 1.1733112e-04 1.1733112e-12
1.6495869e+00 1.2063984e+01 1.0993925e+31 7.5159164e+12 -2.5868728e-01 4.4730489e-03 1.1621639e-04 1.1621639e-12
1.6495920e+00 1.2064720e+01 1.0854774e+31 7.4444012e+12 -2.5866662e-01 4.4305566e-03 1.1511238e-04 1.1511238e-12
1.6495970e+00 1.2065456e+01 1.0716963e+31 7.3735737e+12 -2.5864596e-01 4.3884730e-03 1.1401898e-04 1.1401898e-12
1.6496017e+00 1.2066160e+01 1.0586533e+31 7.3052894e+12 -2.5862622e-01 4.3478968e-03 1.1296475e-04 1.1296475e-12
1.6496064e+00 1.2066858e+01 1.0458252e+31 7.2379476e+12 -2.5860662e-01 4.3078802e-03 1.1192506e-04 1.1192506e-12
1.6496110e+00 1.2067557e+01 1.0331167e+31 7.1712332e+12 -2.5858702e-01 4.2682363e-03 1.1089506e-04 1.1089506e-12
1.6496156e+00 1.2068255e+01 1.0205265e+31 7.1051401e+12 -2.5856743e-01 4.2289617e-03 1.0987464e-04 1.0987464e-12
1.6496202e+00 1.2068954e+01 1.0080535e+31 7.0396626e+12 -2.5854784e-01 4.1900528e-03 1.0886374e-04 1.0886374e-12
1.6496247e+00 1.2069652e+01 9.9569671e+30 6.9747948e+12 -2.5852825e-01 4.1515063e-03 1.0786224e-04 1.0786224e-12
1.6496292e+00 1.2070351e+01 9.8345547e+30 6.9096227e+12 -2.5850866e-01 4.1127764e-03 1.0685598e-04 1.0685598e-12
1.6496336e+00 1.2071050e+01 9.7133054e+30 6.8445713e+12 -2.5848907e-01 4.0741169e-03 1.0585155e-04 1.0585155e-12
1.6496380e+00 1.2071748e+01 9.5932093e+30 6.7801386e+12 -2.5846949e-01 4.0358251e-03 1.0485667e-04 1.0485667e-12
1.6496423e+00 1.2072447e+01 9.4742554e+30 6.7163187e+12 -2.5844991e-01 3.9978974e-03 1.0387125e-04 1.0387125e-12
1.6496466e+00 1.2073146e+01 9.3564327e+30 6.6531057e+12 -2.5843033e-01 3.9603305e-03 1.0289521e-04 1.0289521e-12
1.6496506e+00 1.2073806e+01 9.2461186e+30 6.5939212e+12 -2.5841182e-01 3.9251576e-03 1.0198136e-04 1.0198136e-12
1.6496546e+00 1.2074466e+01 9.1368620e+30 6.5346996e+12 -2.5839334e-01 3.8899611e-03 1.0106691e-04 1.0106691e-12
1.6496586e+00 1.2075126e+01 9.0286053e+30 6.4753087e+12 -2.5837485e-01 3.8546620e-03 1.0014979e-04 1.0014979e-12
1.6496625e+00 1.2075786e+01 8.9213426e+30 6.4164632e+12 -2.5835636e-01 3.8196871e-03 9.9241086e-05 9.9241086e-13
1.6496664e+00 1.2076446e+01 8.8150643e+30 6.3581577e+12 -2.5833788e-01 3.7850332e-03 9.8340726e-05 9.8340726e-13
1.6496702e+00 1.2077107e+01 8.7097614e+30 6.3003873e+12 -2.5831939e-01 3.7506973e-03 9.7448630e-05 9.7448630e-13
1.6496740e+00 1.2077767e+01 8.6054250e+30 6.2431472e+12 -2.5830091e-01 3.7166765e-03 9.6564721e-05 9.6564721e-13
1.6496778e+00 1.2078427e+01 8.5020463e+30 6.1862549e+12 -2.5828243e-01 3.6828621e-03 9.5686173e-05 9.5686173e-13
1.6496816e+00 1.2079087e+01 8.3996297e+30 6.1287714e+12 -2.5826395e-01 3.6486933e-03 9.4798418e-05 9.4798418e-13
1.6496853e+00 1.2079748e+01 8.2981743e+30 6.0718274e+12 -2.5824548e-01 3.6148452e-03 9.3918995e-05 9.3918995e-13
1.6496890e+00 1.2080408e+01 8.1976707e+30 6.0154175e+12 -2.5822700e-01 3.5813147e-03 9.3047822e-05 9.3047822e-13
1.6496926e+00 1.2081068e+01 8.0981101e+30 5.9595369e+12 -2.5820853e-01 3.5480988e-03 9.2184823e-05 9.2184823e-13
1.6496960e+00 1.2081696e+01 8.0043665e+30 5.9069213e+12 -2.5819097e-01 3.5168235e-03 9.1372247e-05 9.1372247e-13
1.6496994e+00 1.2082315e+01 7.9128021e+30 5.8555289e+12 -2.5817368e-01 3.4862754e-03 9.0578560e-05 9.0578560e-13
1.6497027e+00 1.2082933e+01 7.8220487e+30 5.8035971e+12 -2.5815638e-01 3.4554042e-03 8.9776482e-05 8.9776482e-13
1.6497060e+00 1.2083552e+01 7.7321110e+30 5.7519281e+12 -2.5813909e-01 3.4246886e-03 8.8978446e-05 8.8978446e-13
1.6497093e+00 1.2084170e+01 7.6429816e+30 5.7007234e+12 -2.5812179e-01 3.3942491e-03 8.8187583e-05 8.8187583e-13
1.6497125e+00 1.2084789e+01 7.5546532e+30 5.6499789e+12 -2.5810450e-01 3.3640832e-03 8.7403829e-05 8.7403829e-13
1.6497157e+00 1.2085408e+01 7.4671188e+30 5.5996905e+12 -2.5808721e-01 3.3341884e-03 8.6627118e-05 8.6627118e-13
1.6497189e+00 1.2086026e+01 7.3803709e+30 5.5498540e+12 -2.5806993e-01 3.3045623e-03 8.5857387e-05 8.5857387e-13
1.6497221e+00 1.2086645e+01 7.2944040e+30 5.5000227e+12 -2.5805264e-01 3.2749381e-03 8.5087708e-05 8.5087708e-13
1.6497252e+00 1.2087264e+01 7.2092241e+30 5.4499114e+12 -2.5803535e-01 3.2451458e-03 8.4313659e-05 8.4313659e-13
1.6497283e+00 1.2087883e+01 7.1248276e+30 5.4002611e+12 -2.5801807e-01 3.2156274e-03 8.3546730e-05 8.3546730e-13
1.6497314e+00 1.2088501e+01 7.0412072e+30 5.3510673e+12 -2.5800079e-01 3.1863806e-03 8.2786853e-05 8.2786853e-13
1.6497344e+00 1.2089120e+01 6.9583557e+30 5.3023259e+12 -2.5798351e-01 3.1574026e-03 8.2033963e-05 8.2033963e-13
1.6497374e+00 1.2089739e+01 6.8762661e+30 5.2540327e+12 -2.5796623e-01 3.1286911e-03 8.1287996e-05 8.1287996e-13
1.6497405e+00 1.2090372e+01 6.7931107e+30 5.2050064e+12 -2.5794856e-01 3.0995436e-03 8.0530700e-05 8.0530700e-13
1.6497436e+00 1.2091014e+01 6.7096161e+30 5.1546860e+12 -2.5793065e-01 3.0696241e-03 7.9753347e-05 7.9753347e-13
1.6497466e+00 1.2091655e+01 6.6269361e+30 5.1048565e+12 -2.5791274e-01 3.0399964e-03 7.8983578e-05 7.8983578e-13
1.6497496e+00 1.2092297e+01 6.5450628e+30 5.0555132e+12 -2.5789484e-01 3.0106579e-03 7.8221319e-05 7.8221319e-13
1.6497526e+00 1.2092939e+01 6.4639881e+30 5.0066512e+12 -2.5787693e-01 2.9816055e-03 7.7466495e-05 7.7466495e-13
1.6497556e+00 1.2093580e+01 6.3837043e+30 4.9582658e+12 -2.5785903e-01 2.9528366e-03 7.6719034e-05 7.6719034e-13
1.6497585e+00 1.2094222e+01 6.3042037e+30 4.9101792e+12 -2.5784113e-01 2.9242448e-03 7.5976180e-05 7.5976180e-13
1.6497614e+00 1.2094864e+01 6.2254904e+30 4.8615626e+12 -2.5782323e-01 2.8953356e-03 7.5225076e-05 7.5225076e-13
1.6497642e+00 1.2095506e+01 6.1475636e+30 4.8134317e+12 -2.5780533e-01 2.8667152e-03 7.4481477e-05 7.4481477e-13
1.6497671e+00 1.2096148e+01 6.0704152e+30 4.7657816e+12 -2.5778743e-01 2.8383807e-03 7.3745305e-05 7.3745305e-13
1.6497699e+00 1.2096790e+01 5.9940373e+30 4.7186074e+12 -2.5776954e-01 2.8103292e-03 7.3016487e-05 7.3016487e-13
1.6497727e+00 1.2097431e+01 5.9184223e+30 4.6719043e+12 -2.5775164e-01 2.7825579e-03 7.2294947e-05 7.2294947e-13
1.6497755e+00 1.2098073e+01 5.8435635e+30 4.6252676e+12 -2.5773375e-01 2.7548251e-03 7.1574409e-05 7.1574409e-13
1.6497782e+00 1.2098715e+01 5.7694669e+30 4.5783502e+12 -2.5771586e-01 2.7269238e-03 7.0849491e-05 7.0849491e-13
1.6497809e+00 1.2099358e+01 5.6961285e+30 4.5319130e+12 -2.5769797e-01 2.6993080e-03 7.0131991e-05 7.0131991e-13
1.6497840e+00 1.2100098e+01 5.6124662e+30 4.4789388e+12 -2.5767734e-01 2.6678047e-03 6.9313489e-05 6.9313489e-13
1.6497879e+00 1.2101053e+01 5.5061035e+30 4.4115908e+12 -2.5765075e-01 2.6277535e-03 6.8272899e-05 6.8272899e-13
1.6497918e+00 1.2102007e+01 5.4013602e+30 4.3443498e+12 -2.5762417e-01 2.5877638e-03 6.7233908e-05 6.7233908e-13
1.6497956e+00 1.2102962e+01 5.2982411e+30 4.2773919e+12 -2.5759759e-01 2.5479408e-03 6.6199250e-05 6.6199250e-13
1.6497993e+00 1.2103917e+01 5.1967247e+30 4.2114746e+12 -2.5757102e-01 2.5087368e-03 6.5180672e-05 6.5180672e-13
1.6498030e+00 1.2104871e+01 5.0967861e+30 4.1465819e+12 -2.5754444e-01 2.4701421e-03 6.4177926e-05 6.4177926e-13
1.6498067e+00 1.2105826e+01 4.9984141e+30 4.0813440e+12 -2.5751788e-01 2.4313392e-03 6.3169769e-05 6.3169769e-13
1.6498102e+00 1.2106781e+01 4.9016086e+30 4.0168676e+12 -2.5749131e-01 2.3929886e-03 6.2173364e-05 6.2173364e-13
1.6498138e+00 1.2107736e+01 4.8063451e+30 3.9534181e+12 -2.5746475e-01 2.3552489e-03 6.1192830e-05 6.1192830e-13
1.6498172e+00 1.2108692e+01 4.7125996e+30 3.8906490e+12 -2.5743819e-01 2.3179131e-03 6.0222791e-05 6.0222791e-13
1.6498206e+00 1.2109647e+01 4.6203731e+30 3.8276278e+12 -2.5741163e-01 2.2804247e-03 5.9248787e-05 5.9248787e-13
1.6498241e+00 1.2110627e+01 4.5272764e+30 3.7640120e+12 -2.5738438e-01 2.2425826e-03 5.8265592e-05 5.8265592e-13
1.6498288e+00 1.2112004e+01 4.3992316e+30 3.6762981e+12 -2.5734613e-01 2.1904052e-03 5.6909946e-05 5.6909946e-13
1.6498335e+00 1.2113380e+01 4.2742324e+30 3.5886510e+12 -2.5730790e-01 2.1382632e-03 5.5555221e-05 5.5555221e-13
1.6498380e+00 1.2114757e+01 4.1522365e+30 3.5031097e+12 -2.5726966e-01 2.0873740e-03 5.4233046e-05 5.4233046e-13
1.6498424e+00 1.2116134e+01 4.0331899e+30 3.4181001e+12 -2.5723144e-01 2.0367979e-03 5.2919005e-05 5.2919005e-13
1.6498467e+00 1.2117511e+01 3.9170727e+30 3.3345446e+12 -2.5719322e-01 1.9870857e-03 5.1627407e-05 5.1627407e-13
1.6498509e+00 1.2118888e+01 3.8038205e+30 3.2522592e+12 -2.5715501e-01 1.9381274e-03 5.0355401e-05 5.0355401e-13
1.6498550e+00 1.2120265e+01 3.6934149e+30 3.1707246e+12 -2.5711681e-01 1.8896132e-03 4.9094930e-05 4.9094930e-13
1.6498591e+00 1.2121651e+01 3.5851278e+30 3.0905365e+12 -2.5707837e-01 1.8418997e-03 4.7855263e-05 4.7855263e-13
1.6498636e+00 1.2123260e+01 3.4629454e+30 2.9979320e+12 -2.5703377e-01 1.7867938e-03 4.6423531e-05 4.6423531e-13
1.6498680e+00 1.2124869e+01 3.3444521e+30 2.9076736e+12 -2.5698917e-01 1.7330831e-03 4.5028048e-05 4.5028048e-13
1.6498723e+00 1.2126479e+01 3.2295953e+30 2.8183372e+12 -2.5694459e-01 1.6799173e-03 4.3646721e-05 4.3646721e-13
1.6498765e+00 1.2128089e+01 3.1182972e+30 2.7309992e+12 -2.5690002e-01 1.6279391e-03 4.2296252e-05 4.2296252e-13
1.6498805e+00 1.2129698e+01 3.0105104e+30 2.6449720e+12 -2.5685545e-01 1.5767380e-03 4.0965973e-05 4.0965973e-13
1.6498844e+00 1.2131309e+01 2.9061543e+30 2.5605230e+12 -2.5681090e-01 1.5264739e-03 3.9660037e-05 3.9660037e-13
1.6498882e+00 1.2132933e+01 2.8043067e+30 2.4771272e+12 -2.5676596e-01 1.4768347e-03 3.8370337e-05 3.8370337e-13
1.6498920e+00 1.2134614e+01 2.7025012e+30 2.3920573e+12 -2.5671949e-01 1.4261954e-03 3.7054653e-05 3.7054653e-13
1.6498957e+00 1.2136294e+01 2.6042307e+30 2.3091980e+12 -2.5667303e-01 1.3768705e-03 3.5773119e-05 3.5773119e-13
1.6498992e+00 1.2137975e+01 2.5094268e+30 2.2275513e+12 -2.5662658e-01 1.3282636e-03 3.4510243e-05 3.4510243e-13
1.6499026e+00 1.2139657e+01 2.4180079e+30 2.1477363e+12 -2.5658015e-01 1.2807450e-03 3.3275640e-05 3.3275640e-13
1.6499059e+00 1.2141338e+01 2.3299121e+30 2.0699654e+12 -2.5653372e-01 1.2344417e-03 3.2072610e-05 3.2072610e-13
1.6499091e+00 1.2143020e+01 2.2450627e+30 1.9932338e+12 -2.5648730e-01 1.1887530e-03 3.0885552e-05 3.0885552e-13
1.6499122e+00 1.2144692e+01 2.1638514e+30 1.9189655e+12 -2.5644116e-01 1.1445293e-03 2.9736554e-05 2.9736554e-13
1.6499151e+00 1.2146361e+01 2.0858553e+30 1.8467046e+12 -2.5639513e-01 1.1014989e-03 2.8618559e-05 2.8618559e-13
1.6499179e+00 1.2148030e+01 2.0108438e+30 1.7756339e+12 -2.5634910e-01 1.0591735e-03 2.7518886e-05 2.7518886e-13
1.6499206e+00 1.2149700e+01 1.9387454e+30 1.7064875e+12 -2.5630308e-01 1.0179923e-03 2.6448936e-05 2.6448936e-13
1.6499232e+00 1.2151370e+01 1.8694939e+30 1.6392061e+12 -2.5625707e-01 9.7791977e-04 2.5407794e-05 2.5407794e-13
1.6499257e+00 1.2153040e+01 1.8030171e+30 1.5732321e+12 -2.5621107e-01 9.3862255e-04 2.4386794e-05 2.4386794e-13
1.6499281e+00 1.2154694e+01 1.7398574e+30 1.5096675e+12 -2.5616554e-01 9.0075839e-04 2.3403028e-05 2.3403028e-13
1.6499304e+00 1.2156322e+01 1.6802251e+30 1.4488700e+12 -2.5612074e-01 8.6454060e-04 2.2462036e-05 2.2462036e-13
1.6499325e+00 1.2157950e+01 1.6230297e+30 1.3896068e+12 -2.5607595e-01 8.2923437e-04 2.1544729e-05 2.1544729e-13
1.6499346e+00 1.2159578e+01 1.5682028e+30 1.3317792e+12 -2.5603117e-01 7.9478076e-04 2.0649573e-05 2.0649573e-13
1.6499366e+00 1.2161206e+01 1.5156800e+30 1.2756536e+12 -2.5598641e-01 7.6133929e-04 1.9780715e-05 1.9780715e-13
1.6499385e+00 1.2162835e+01 1.4653977e+30 1.2211932e+12 -2.5594165e-01 7.2888800e-04 1.8937582e-05 1.8937582e-13
1.6499403e+00 1.2164464e+01 1.4172919e+30 1.1682417e+12 -2.5589690e-01 6.9733342e-04 1.8117748e-05 1.8117748e-13
1.6499420e+00 1.2166048e+01 1.3725287e+30 1.1181383e+12 -2.5585339e-01 6.6747377e-04 1.7341950e-05 1.7341950e-13
1.6499436e+00 1.2167632e+01 1.3297391e+30 1.0696199e+12 -2.5580992e-01 6.3855687e-04 1.6590646e-05 1.6590646e-13
1.6499452e+00 1.2169215e+01 1.2888273e+30 1.0226069e+12 -2.5576646e-01 6.1053539e-04 1.5862607e-05 1.5862607e-13
1.6499466e+00 1.2170799e+01 1.2497362e+30 9.7706370e+11 -2.5572301e-01 5.8338813e-04 1.5157282e-05 1.5157282e-13
1.6499481e+00 1.2172383e+01 1.2124092e+30 9.3275430e+11 -2.5567958e-01 5.5697389e-04 1.4471001e-05 1.4471001e-13
1.6499494e+00 1.2173967e+01 1.1767906e+30 8.8985958e+11 -2.5563615e-01 5.3140119e-04 1.3806584e-05 1.3806584e-13
1.6499507e+00 1.2175532e+01 1.1432310e+30 8.4883575e+11 -2.5559325e-01 5.0694210e-04 1.3171101e-05 1.3171101e-13
1.6499519e+00 1.2177077e+01 1.1116354e+30 8.0961790e+11 -2.5555092e-01 4.8355809e-04 1.2563550e-05 1.2563550e-13
1.6499530e+00 1.2178623e+01 1.0815177e+30 7.7164113e+11 -2.5550859e-01 4.6091239e-04 1.1975182e-05 1.1975182e-13
1.6499541e+00 1.2180168e+01 1.0528309e+30 7.3483735e+11 -2.5546628e-01 4.3896431e-04 1.1404938e-05 1.1404938e-13
1.6499552e+00 1.2181714e+01 1.0255268e+30 6.9925065e+11 -2.5542397e-01 4.1774020e-04 1.0853504e-05 1.0853504e-13
1.6499561e+00 1.2183260e+01 9.9955478e+29 6.6508455e+11 -2.5538167e-01 3.9736173e-04 1.0324042e-05 1.0324042e-13
1.6499571e+00 1.2184807e+01 9.7485777e+29 6.3257843e+11 -2.5533938e-01 3.7797180e-04 9.8202632e-06 9.8202632e-14
1.6499580e+00 1.2186323e+01 9.5181213e+29 6.0265157e+11 -2.5529792e-01 3.6011899e-04 9.3564209e-06 9.3564209e-14
1.6499588e+00 1.2187838e+01 9.2986319e+29 5.7499400e+11 -2.5525650e-01 3.4361868e-04 8.9277187e-06 8.9277187e-14
1.6499596e+00 1.2189354e+01 9.0889635e+29 5.4982393e+11 -2.5521509e-01 3.2860130e-04 8.5375449e-06 8.5375449e-14
1.6499604e+00 1.2190870e+01 8.8880994e+29 5.2801529e+11 -2.5517369e-01 3.1558828e-04 8.1994475e-06 8.1994475e-14
1.6499611e+00 1.2192386e+01 8.6950584e+29 5.0859619e+11 -2.5513229e-01 3.0400048e-04 7.8983794e-06 7.8983794e-14
1.6499618e+00 1.2193902e+01 8.5087891e+29 4.9114962e+11 -2.5509091e-01 2.9358921e-04 7.6278794e-06 7.6278794e-14
1.6499625e+00 1.2195408e+01 8.3297939e+29 4.7655661e+11 -2.5504981e-01 2.8488010e-04 7.4016040e-06 7.4016040e-14
1.6499632e+00 1.2196900e+01 8.1576915e+29 4.6284868e+11 -2.5500912e-01 2.7669909e-04 7.1890491e-06 7.1890491e-14
1.6499638e+00 1.2198392e+01 7.9902833e+29 4.5126913e+11 -2.5496843e-01 2.6978772e-04 7.0094815e-06 7.0094815e-14
1.6499644e+00 1.2199884e+01 7.8270279e+29 4.4017127e+11 -2.5492776e-01 2.6316377e-04 6.8373817e-06 6.8373817e-14
1.6499650e+00 1.2201376e+01 7.6677337e+29 4.3013694e+11 -2.5488709e-01 2.5717429e-04 6.6817662e-06 6.6817662e-14
1.6499656e+00 1.2202869e+01 7.5119395e+29 4.2088844e+11 -2.5484643e-01 2.5165363e-04 6.5383314e-06 6.5383314e-14
1.6499662e+00 1.2204361e+01 7.3595254e+29 4.1184060e+11 -2.5480578e-01 2.4625274e-04 6.3980085e-06 6.3980085e-14
1.6499668e+00 1.2205836e+01 7.2120774e+29 4.0387302e+11 -2.5476563e-01 2.4149627e-04 6.2744283e-06 6.2744283e-14
1.6499673e+00 1.2207308e+01 7.0677541e+29 3.9613675e+11 -2.5472557e-01 2.3687785e-04 6.1544348e-06 6.1544348e-14
1.6499679e+00 1.2208781e+01 6.9262237e+29 3.8855019e+11 -2.5468551e-01 2.3234880e-04 6.0367634e-06 6.0367634e-14
1.6499684e+00 1.2210253e+01 6.7873547e+29 3.8156097e+11 -2.5464546e-01 2.2817597e-04 5.9283471e-06 5.9283471e-14
1.6499689e+00 1.2211726e+01 6.6510018e+29 3.7472537e+11 -2.5460542e-01 2.2409484e-04 5.8223133e-06 5.8223133e-14
1.6499695e+00 1.2213199e+01 6.5171189e+29 3.6801360e+11 -2.5456538e-01 2.2008763e-04 5.7182002e-06 5.7182002e-14
1.6499700e+00 1.2214665e+01 6.3862132e+29 3.6162639e+11 -2.5452553e-01 2.1627392e-04 5.6191145e-06 5.6191145e-14
1.6499705e+00 1.2216120e+01 6.2586617e+29 3.5546031e+11 -2.5448603e-01 2.1259215e-04 5.5234567e-06 5.5234567e-14
1.6499709e+00 1.2217574e+01 6.1333103e+29 3.4940058e+11 -2.5444653e-01 2.0897389e-04 5.4294489e-06 5.4294489e-14
1.6499714e+00 1.2219029e+01 6.0101182e+29 3.4347601e+11 -2.5440704e-01 2.0543619e-04 5.3375343e-06 5.3375343e-14
1.6499719e+00 1.2220484e+01 5.8890286e+29 3.3769824e+11 -2.5436756e-01 2.0198594e-04 5.2478919e-06 5.2478919e-14
1.6499723e+00 1.2221939e+01 5.7700000e+29 3.3201881e+11 -2.5432808e-01 1.9859442e-04 5.1597751e-06 5.1597751e-14
1.6499728e+00 1.2223394e+01 5.6529968e+29 3.2643602e+11 -2.5428861e-01 1.9526061e-04 5.0731578e-06 5.0731578e-14
1.6499732e+00 1.2224834e+01 5.5392093e+29 3.2099233e+11 -2.5424958e-01 1.9200955e-04 4.9886904e-06 4.9886904e-14
1.6499737e+00 1.2226271e+01 5.4275483e+29 3.1565035e+11 -2.5421062e-01 1.8881922e-04 4.9058011e-06 4.9058011e-14
1.6499741e+00 1.2227709e+01 5.3177676e+29 3.1039832e+11 -2.5417167e-01 1.8568262e-04 4.8243076e-06 4.8243076e-14
1.6499745e+00 1.2229146e+01 5.2098385e+29 3.0520031e+11 -2.5413273e-01 1.8257811e-04 4.7436477e-06 4.7436477e-14
1.6499749e+00 1.2230584e+01 5.1037454e+29 3.0006391e+11 -2.5409380e-01 1.7951026e-04 4.6639405e-06 4.6639405e-14
1.6499753e+00 1.2232022e+01 4.9994586e+29 2.9501497e+11 -2.5405487e-01 1.7649464e-04 4.5855904e-06 4.5855904e-14
1.6499757e+00 1.2233453e+01 4.8974703e+29 2.9006462e+11 -2.5401616e-01 1.7353787e-04 4.5087691e-06 4.5087691e-14
1.6499761e+00 1.2234872e+01 4.7980033e+29 2.8516928e+11 -2.5397775e-01 1.7061372e-04 4.4327952e-06 4.4327952e-14
1.6499765e+00 1.2236292e+01 4.7002342e+29 2.8035751e+11 -2.5393935e-01 1.6773948e-04 4.3581183e-06 4.3581183e-14
1.6499769e+00 1.2237712e+01 4.6041339e+29 2.7562786e+11 -2.5390096e-01 1.6491430e-04 4.2847159e-06 4.2847159e-14
1.6499772e+00 1.2239133e+01 4.5096818e+29 2.7091546e+11 -2.5386257e-01 1.6209920e-04 4.2115755e-06 4.2115755e-14
1.6499776e+00 1.2240553e+01 4.4168688e+29 2.6626551e+11 -2.5382419e-01 1.5932135e-04 4.1394029e-06 4.1394029e-14
1.6499779e+00 1.2241973e+01 4.3256668e+29 2.6169628e+11 -2.5378582e-01 1.5659172e-04 4.0684831e-06 4.0684831e-14
1.6499783e+00 1.2243375e+01 4.2372375e+29 2.5723313e+11 -2.5374797e-01 1.5392535e-04 3.9992069e-06 3.9992069e-14
1.6499786e+00 1.2244777e+01 4.1503659e+29 2.5280459e+11 -2.5371014e-01 1.5127950e-04 3.9304639e-06 3.9304639e-14
1.6499790e+00 1.2246178e+01 4.0650064e+29 2.4845314e+11 -2.5367231e-01 1.4867971e-04 3.8629176e-06 3.8629176e-14
1.6499793e+00 1.2247580e+01 3.9811327e+29 2.4417047e+11 -2.5363449e-01 1.4612100e-04 3.7964383e-06 3.7964383e-14
1.6499796e+00 1.2248982e+01 3.8987320e+29 2.3990203e+11 -2.5359668e-01 1.4357055e-04 3.7301741e-06 3.7301741e-14
1.6499799e+00 1.2250384e+01 3.8177876e+29 2.3570903e+11 -2.5355887e-01 1.4106518e-04 3.6650808e-06 3.6650808e-14
1.6499802e+00 1.2251774e+01 3.7389621e+29 2.3162578e+11 -2.5352140e-01 1.3862540e-04 3.6016916e-06 3.6016916e-14
1.6499805e+00 1.2253157e+01 3.6619703e+29 2.2759052e+11 -2.5348416e-01 1.3621408e-04 3.5390421e-06 3.5390421e-14
1.6499808e+00 1.2254539e+01 3.5863374e+29 2.2361606e+11 -2.5344693e-01 1.3383906e-04 3.4773356e-06 3.4773356e-14
1.6499811e+00 1.2255921e+01 3.5120395e+29 2.1971175e+11 -2.5340970e-01 1.3150596e-04 3.4167182e-06 3.4167182e-14
1.6499814e+00 1.2257304e+01 3.4390552e+29 2.1585006e+11 -2.5337248e-01 1.2919820e-04 3.3567592e-06 3.3567592e-14
1.6499817e+00 1.2258687e+01 3.3673730e+29 2.1203509e+11 -2.5333526e-01 1.2691826e-04 3.2975231e-06 3.2975231e-14
1.6499820e+00 1.2260064e+01 3.2972499e+29 2.0830309e+11 -2.5329820e-01 1.2468791e-04 3.2395752e-06 3.2395752e-14
1.6499822e+00 1.2261426e+01 3.2291613e+29 2.0466757e+11 -2.5326158e-01 1.2251515e-04 3.1831238e-06 3.1831238e-14
1.6499825e+00 1.2262788e+01 3.1622793e+29 2.0106782e+11 -2.5322496e-01 1.2036362e-04 3.1272237e-06 3.1272237e-14
1.6499827e+00 1.2264150e+01 3.0965862e+29 1.9753205e+11 -2.5318834e-01 1.1825033e-04 3.0723173e-06 3.0723173e-14
1.6499830e+00 1.2265512e+01 3.0320604e+29 1.9405782e+11 -2.5315174e-01 1.1617381e-04 3.0183663e-06 3.0183663e-14
1.6499832e+00 1.2266874e+01 2.9686872e+29 1.9061237e+11 -2.5311514e-01 1.1411430e-04 2.9648573e-06 2.9648573e-14
1.6499835e+00 1.2268236e+01 2.9064508e+29 1.8722873e+11 -2.5307855e-01 1.1209174e-04 2.9123082e-06 2.9123082e-14
1.6499837e+00 1.2269578e+01 2.8462728e+29 1.8395701e+11 -2.5304253e-01 1.1013608e-04 2.8614971e-06 2.8614971e-14
1.6499840e+00 1.2270918e+01 2.7872125e+29 1.8072248e+11 -2.5300656e-01 1.0820249e-04 2.8112598e-06 2.8112598e-14
1.6499842e+00 1.2272259e+01 2.7292031e+29 1.7753953e+11 -2.5297058e-01 1.0629971e-04 2.7618226e-06 2.7618226e-14
1.6499844e+00 1.2273599e+01 2.6722259e+29 1.7441323e+11 -2.5293462e-01 1.0443078e-04 2.7132651e-06 2.7132651e-14
1.6499846e+00 1.2274940e+01 2.6162639e+29 1.7132817e+11 -2.5289866e-01 1.0258641e-04 2.6653458e-06 2.6653458e-14
1.6499849e+00 1.2276281e+01 2.5613047e+29 1.6828661e+11 -2.5286271e-01 1.0076797e-04 2.6180999e-06 2.6180999e-14
1.6499851e+00 1.2277607e+01 2.5079481e+29 1.6533375e+11 -2.5282718e-01 9.9002549e-05 2.5722318e-06 2.5722318e-14
1.6499853e+00 1.2278925e+01 2.4558434e+29 1.6244302e+11 -2.5279186e-01 9.7274232e-05 2.5273276e-06 2.5273276e-14
1.6499855e+00 1.2280243e+01 2.4046623e+29 1.5958724e+11 -2.5275655e-01 9.5566691e-05 2.4829632e-06 2.4829632e-14
1.6499857e+00 1.2281561e+01 2.3543901e+29 1.5678217e+11 -2.5272125e-01 9.3889474e-05 2.4393866e-06 2.4393866e-14
1.6499859e+00 1.2282879e+01 2.3050106e+29 1.5402584e+11 -2.5268596e-01 9.2241392e-05 2.3965670e-06 2.3965670e-14
1.6499861e+00 1.2284198e+01 2.2565113e+29 1.5129794e+11 -2.5265067e-01 9.0610152e-05 2.3541850e-06 2.3541850e-14
1.6499862e+00 1.2285507e+01 2.2092316e+29 1.4863862e+11 -2.5261564e-01 8.9019929e-05 2.3128687e-06 2.3128687e-14
1.6499864e+00 1.2286801e+01 2.1632902e+29 1.4605459e+11 -2.5258101e-01 8.7474721e-05 2.2727219e-06 2.2727219e-14
1.6499866e+00 1.2288096e+01 2.1181575e+29 1.4350002e+11 -2.5254638e-01 8.5947015e-05 2.2330299e-06 2.2330299e-14
1.6499868e+00 1.2289391e+01 2.0738233e+29 1.4098640e+11 -2.5251176e-01 8.4443767e-05 2.1939732e-06 2.1939732e-14
1.6499870e+00 1.2290687e+01 2.0302735e+29 1.3851725e+11 -2.5247714e-01 8.2967113e-05 2.1556076e-06 2.1556076e-14
1.6499871e+00 1.2291982e+01 1.9874949e+29 1.3608158e+11 -2.5244253e-01 8.1510407e-05 2.1177602e-06 2.1177602e-14
1.6499873e+00 1.2293273e+01 1.9456182e+29 1.3368804e+11 -2.5240804e-01 8.0078834e-05 2.0805658e-06 2.0805658e-14
1.6499875e+00 1.2294544e+01 1.9051252e+29 1.3137359e+11 -2.5237410e-01 7.8694558e-05 2.0446003e-06 2.0446003e-14
1.6499876e+00 1.2295815e+01 1.8653404e+29 1.2909502e+11 -2.5234016e-01 7.7331717e-05 2.0091917e-06 2.0091917e-14
1.6499878e+00 1.2297086e+01 1.8262550e+29 1.2684248e+11 -2.5230623e-01 7.5984345e-05 1.9741850e-06 1.9741850e-14
1.6499879e+00 1.2298358e+01 1.7878584e+29 1.2462964e+11 -2.5227231e-01 7.4660717e-05 1.9397952e-06 1.9397952e-14
1.6499881e+00 1.2299629e+01 1.7501382e+29 1.2245578e+11 -2.5223839e-01 7.3360408e-05 1.9060113e-06 1.9060113e-14
1.6499882e+00 1.2300901e+01 1.7130851e+29 1.2030272e+11 -2.5220448e-01 7.2072415e-05 1.8725473e-06 1.8725473e-14
1.6499884e+00 1.2302148e+01 1.6773769e+29 1.1822720e+11 -2.5217122e-01 7.0830806e-05 1.8402885e-06 1.8402885e-14
1.6499885e+00 1.2303395e+01 1.6423147e+29 1.1618923e+11 -2.5213798e-01 6.9611662e-05 1.8086133e-06 1.8086133e-14
1.6499886e+00 1.2304642e+01 1.6078641e+29 1.1417499e+11 -2.5210476e-01 6.8406635e-05 1.7773050e-06 1.7773050e-14
1.6499888e+00 1.2305889e+01 1.5740179e+29 1.1219026e+11 -2.5207154e-01 6.7219225e-05 1.7464543e-06 1.7464543e-14
1.6499889e+00 1.2307136e+01 1.5407659e+29 1.1024036e+11 -2.5203832e-01 6.6052656e-05 1.7161452e-06 1.7161452e-14
1.6499890e+00 1.2308384e+01 1.5080977e+29 1.0831811e+11 -2.5200511e-01 6.4902580e-05 1.6862645e-06 1.6862645e-14
1.6499892e+00 1.2309611e+01 1.4765071e+29 1.0644859e+11 -2.5197243e-01 6.3783987e-05 1.6572018e-06 1.6572018e-14
1.6499893e+00 1.2310834e+01 1.4456118e+29 1.0462022e+11 -2.5193990e-01 6.2690015e-05 1.6287788e-06 1.6287788e-14
1.6499894e+00 1.2312056e+01 1.4152523e+29 1.0282256e+11 -2.5190738e-01 6.1614414e-05 1.6008331e-06 1.6008331e-14
1.6499895e+00 1.2313278e+01 1.3854219e+29 1.0104032e+11 -2.5187487e-01 6.0547941e-05 1.5731246e-06 1.5731246e-14
1.6499896e+00 1.2314501e+01 1.3561136e+29 9.9289262e+10 -2.5184236e-01 5.9500133e-05 1.5459009e-06 1.5459009e-14
1.6499898e+00 1.2315724e+01 1.3273180e+29 9.7568844e+10 -2.5180986e-01 5.8470656e-05 1.5191536e-06 1.5191536e-14
1.6499899e+00 1.2316931e+01 1.2993768e+29 9.5886987e+10 -2.5177777e-01 5.7464181e-05 1.4930039e-06 1.4930039e-14
1.6499900e+00 1.2318128e+01 1.2721563e+29 9.4244514e+10 -2.5174596e-01 5.6481251e-05 1.4674659e-06 1.4674659e-14
1.6499901e+00 1.2319326e+01 1.2454065e+29 9.2630443e+10 -2.5171415e-01 5.5515318e-05 1.4423696e-06 1.4423696e-14
1.6499902e+00 1.2320523e+01 1.2191198e+29 9.1037469e+10 -2.5168235e-01 5.4561972e-05 1.4176002e-06 1.4176002e-14
1.6499903e+00 1.2321721e+01 1.1932911e+29 8.9462906e+10 -2.5165055e-01 5.3619594e-05 1.3931158e-06 1.3931158e-14
1.6499904e+00 1.2322919e+01 1.1679133e+29 8.7915833e+10 -2.5161876e-01 5.2693668e-05 1.3690589e-06 1.3690589e-14
1.6499905e+00 1.2324106e+01 1.1432074e+29 8.6408053e+10 -2.5158727e-01 5.1791250e-05 1.3456128e-06 1.3456128e-14
1.6499906e+00 1.2325278e+01 1.1192271e+29 8.4930563e+10 -2.5155617e-01 5.0906886e-05 1.3226357e-06 1.3226357e-14
1.6499907e+00 1.2326450e+01 1.0956608e+29 8.3478576e+10 -2.5152507e-01 5.0037787e-05 1.3000553e-06 1.3000553e-14
1.6499908e+00 1.2327623e+01 1.0725010e+29 8.2051642e+10 -2.5149398e-01 4.9183684e-05 1.2778644e-06 1.2778644e-14
1.6499909e+00 1.2328796e+01 1.0497421e+29 8.0637686e+10 -2.5146290e-01 4.8337289e-05 1.2558738e-06 1.2558738e-14
1.6499910e+00 1.2329968e+01 1.0273799e+29 7.9244678e+10 -2.5143182e-01 4.7503414e-05 1.2342086e-06 1.2342086e-14
1.6499910e+00 1.2331134e+01 1.0055414e+29 7.7884292e+10 -2.5140093e-01 4.6689067e-05 1.2130506e-06 1.2130506e-14
1.6499911e+00 1.2332281e+01 9.8441846e+28 7.6562104e+10 -2.5137054e-01 4.5897555e-05 1.1924859e-06 1.1924859e-14
1.6499912e+00 1.2333429e+01 9.6365908e+28 7.5254219e+10 -2.5134016e-01 4.5114563e-05 1.1721427e-06 1.1721427e-14
1.6499913e+00 1.2334576e+01 9.4325756e+28 7.3968880e+10 -2.5130978e-01 4.4345069e-05 1.1521501e-06 1.1521501e-14
1.6499914e+00 1.2335724e+01 9.2320767e+28 7.2704544e+10 -2.5127940e-01 4.3588143e-05 1.1324840e-06 1.1324840e-14
1.6499915e+00 1.2336872e+01 9.0350559e+28 7.1448724e+10 -2.5124903e-01 4.2836251e-05 1.1129488e-06 1.1129488e-14
1.6499915e+00 1.2338016e+01 8.8420691e+28 7.0218618e+10 -2.5121875e-01 4.2099755e-05 1.0938136e-06 1.0938136e-14
1.6499916e+00 1.2339138e+01 8.6560465e+28 6.9032903e+10 -2.5118907e-01 4.1389836e-05 1.0753689e-06 1.0753689e-14
1.6499917e+00 1.2340261e+01 8.4732035e+28 6.7857174e+10 -2.5115939e-01 4.0685849e-05 1.0570782e-06 1.0570782e-14
1.6499918e+00 1.2341384e+01 8.2935109e+28 6.6698019e+10 -2.5112971e-01 3.9991770e-05 1.0390450e-06 1.0390450e-14
1.6499918e+00 1.2342506e+01 8.1169152e+28 6.5558841e+10 -2.5110004e-01 3.9309652e-05 1.0213226e-06 1.0213226e-14
1.6499919e+00 1.2343629e+01 7.9433650e+28 6.4434021e+10 -2.5107037e-01 3.8636108e-05 1.0038229e-06 1.0038229e-14
1.6499920e+00 1.2344752e+01 7.7728707e+28 6.3320633e+10 -2.5104071e-01 3.7969371e-05 9.8650009e-07 9.8650009e-15
1.6499920e+00 1.2345849e+01 7.6090716e+28 6.2250966e+10 -2.5101172e-01 3.7328816e-05 9.6985753e-07 9.6985753e-15
1.6499921e+00 1.2346947e+01 7.4480642e+28 6.1199140e+10 -2.5098274e-01 3.6698944e-05 9.5349252e-07 9.5349252e-15
1.6499922e+00 1.2348045e+01 7.2898179e+28 6.0152691e+10 -2.5095376e-01 3.6072236e-05 9.3720972e-07 9.3720972e-15
1.6499922e+00 1.2349143e+01 7.1343010e+28 5.9124292e+10 -2.5092478e-01 3.5456337e-05 9.2120777e-07 9.2120777e-15
1.6499923e+00 1.2350241e+01 6.9814660e+28 5.8113627e+10 -2.5089581e-01 3.4851060e-05 9.0548178e-07 9.0548178e-15
1.6499924e+00 1.2351339e+01 6.8312740e+28 5.7111720e+10 -2.5086684e-01 3.4250990e-05 8.8989109e-07 8.8989109e-15
1.6499924e+00 1.2352415e+01 6.6866778e+28 5.6143211e+10 -2.5083847e-01 3.3670907e-05 8.7481968e-07 8.7481968e-15
1.6499925e+00 1.2353488e+01 6.5449280e+28 5.5193768e+10 -2.5081017e-01 3.3102244e-05 8.6004497e-07 8.6004497e-15
1.6499925e+00 1.2354561e+01 6.4055977e+28 5.4256648e+10 -2.5078188e-01 3.2540945e-05 8.4546161e-07 8.4546161e-15
1.6499926e+00 1.2355634e+01 6.2686669e+28 5.3327431e+10 -2.5075359e-01 3.1984346e-05 8.3100034e-07 8.3100034e-15
1.6499926e+00 1.2356707e+01 6.1341012e+28 5.2414263e+10 -2.5072531e-01 3.1437360e-05 8.1678884e-07 8.1678884e-15
1.6499927e+00 1.2357781e+01 6.0018593e+28 5.1516864e+10 -2.5069703e-01 3.0899820e-05 8.0282277e-07 8.0282277e-15
1.6499927e+00 1.2358835e+01 5.8742206e+28 5.0639387e+10 -2.5066926e-01 3.0374167e-05 7.8916554e-07 7.8916554e-15
1.6499928e+00 1.2359884e+01 5.7494467e+28 4.9781342e+10 -2.5064165e-01 2.9860154e-05 7.7581073e-07 7.7581073e-15
1.6499928e+00 1.2360933e+01 5.6268047e+28 4.8937957e+10 -2.5061404e-01 2.9354924e-05 7.6268409e-07 7.6268409e-15
1.6499929e+00 1.2361982e+01 5.5062630e+28 4.8102219e+10 -2.5058643e-01 2.8854248e-05 7.4967578e-07 7.4967578e-15
1.6499929e+00 1.2363031e+01 5.3878056e+28 4.7276539e+10 -2.5055883e-01 2.8359579e-05 7.3682356e-07 7.3682356e-15
1.6499930e+00 1.2364080e+01 5.2713984e+28 4.6465148e+10 -2.5053123e-01 2.7873472e-05 7.2419378e-07 7.2419378e-15
1.6499930e+00 1.2365113e+01 5.1587670e+28 4.5677273e+10 -2.5050406e-01 2.7401442e-05 7.1192974e-07 7.1192974e-15
1.6499931e+00 1.2366137e+01 5.0489556e+28 4.4901297e+10 -2.5047712e-01 2.6936511e-05 6.9985015e-07 6.9985015e-15
1.6499931e+00 1.2367162e+01 4.9410250e+28 4.4138612e+10 -2.5045018e-01 2.6479542e-05 6.8797745e-07 6.8797745e-15
1.6499932e+00 1.2368187e+01 4.8349425e+28 4.3388986e+10 -2.5042324e-01 2.6030399e-05 6.7630806e-07 6.7630806e-15
1.6499932e+00 1.2369212e+01 4.7306865e+28 4.2643065e+10 -2.5039630e-01 2.5583441e-05 6.6469542e-07 6.6469542e-15
1.6499932e+00 1.2370237e+01 4.6282397e+28 4.1909005e+10 -2.5036937e-01 2.5143587e-05 6.5326736e-07 6.5326736e-15
1.6499933e+00 1.2371248e+01 4.5288900e+28 4.1197139e+10 -2.5034280e-01 2.4717031e-05 6.4218480e-07 6.4218480e-15
1.6499933e+00 1.2372249e+01 4.4322681e+28 4.0499481e+10 -2.5031652e-01 2.4298968e-05 6.3132292e-07 6.3132292e-15
1.6499934e+00 1.2373250e+01 4.3373035e+28 3.9809400e+10 -2.5029023e-01 2.3885430e-05 6.2057860e-07 6.2057860e-15
1.6499934e+00 1.2374251e+01 4.2439699e+28 3.9131170e+10 -2.5026396e-01 2.3478994e-05 6.1001880e-07 6.1001880e-15
1.6499934e+00 1.2375253e+01 4.1522395e+28 3.8462805e+10 -2.5023768e-01 2.3078463e-05 5.9961241e-07 5.9961241e-15
1.6499935e+00 1.2376254e+01 4.0620990e+28 3.7798397e+10 -2.5021141e-01 2.2680276e-05 5.8926693e-07 5.8926693e-15
1.6499935e+00 1.2377244e+01 3.9744922e+28 3.7152665e+10 -2.5018543e-01 2.2293282e-05 5.7921224e-07 5.7921224e-15
1.6499936e+00 1.2378222e+01 3.8895027e+28 3.6526224e+10 -2.5015979e-01 2.1917849e-05 5.6945794e-07 5.6945794e-15
1.6499936e+00 1.2379199e+01 3.8059647e+28 3.5903031e+10 -2.5013415e-01 2.1544336e-05 5.5975353e-07 5.5975353e-15
1.6499936e+00 1.2380177e+01 3.7238659e+28 3.5289140e+10 -2.5010852e-01 2.1176394e-05 5.5019384e-07 5.5019384e-15
1.6499937e+00 1.2381155e+01 3.6431818e+28 3.4685827e+10 -2.5008289e-01 2.0814791e-05 5.4079888e-07 5.4079888e-15
1.6499937e+00 1.2382133e+01 3.5638901e+28 3.4088692e+10 -2.5005726e-01 2.0456876e-05 5.3149972e-07 5.3149972e-15
1.6499937e+00 1.2383102e+01 3.4866623e+28 3.3502786e+10 -2.5003187e-01 2.0105677e-05 5.2237506e-07 5.2237506e-15
1.6499937e+00 1.2384057e+01 3.4119242e+28 3.2935769e+10 -2.5000686e-01 1.9765801e-05 5.1354456e-07 5.1354456e-15
1.6499938e+00 1.2385011e+01 3.3384609e+28 3.2377299e+10 -2.4998186e-01 1.9431043e-05 5.0484707e-07 5.0484707e-15
1.6499938e+00 1.2385966e+01 3.2662615e+28 3.1821470e+10 -2.4995686e-01 1.9097845e-05 4.9619009e-07 4.9619009e-15
1.6499938e+00 1.2386921e+01 3.1953109e+28 3.1275254e+10 -2.4993187e-01 1.8770410e-05 4.8768284e-07 4.8768284e-15
1.6499939e+00 1.2387875e+01 3.1255873e+28 3.0738485e+10 -2.4990688e-01 1.8448637e-05 4.7932272e-07 4.7932272e-15
1.6499939e+00 1.2388824e+01 3.0575310e+28 3.0208307e+10 -2.4988206e-01 1.8130795e-05 4.7106473e-07 4.7106473e-15
1.6499939e+00 1.2389756e+01 2.9918235e+28 2.9694941e+10 -2.4985767e-01 1.7823026e-05 4.6306844e-07 4.6306844e-15
1.6499939e+00 1.2390688e+01 2.9272409e+28 2.9190362e+10 -2.4983329e-01 1.7520526e-05 4.5520905e-07 4.5520905e-15
1.6499940e+00 1.2391620e+01 2.8637657e+28 2.8691106e+10 -2.4980892e-01 1.7221206e-05 4.4743226e-07 4.4743226e-15
1.6499940e+00 1.2392552e+01 2.8013902e+28 2.8196479e+10 -2.4978454e-01 1.6924648e-05 4.3972724e-07 4.3972724e-15
1.6499940e+00 1.2393484e+01 2.7400979e+28 2.7710441e+10 -2.4976017e-01 1.6633240e-05 4.3215602e-07 4.3215602e-15
1.6499941e+00 1.2394412e+01 2.6801495e+28 2.7234150e+10 -2.4973592e-01 1.6347672e-05 4.2473656e-07 4.2473656e-15
1.6499941e+00 1.2395322e+01 2.6223957e+28 2.6769272e+10 -2.4971215e-01 1.6068928e-05 4.1749438e-07 4.1749438e-15
1.6499941e+00 1.2396232e+01 2.5656349e+28 2.6312387e+10 -2.4968838e-01 1.5794976e-05 4.1037671e-07 4.1037671e-15
1.6499941e+00 1.2397142e+01 2.5098498e+28 2.5863356e+10 -2.4966461e-01 1.5525734e-05 4.0338140e-07 4.0338140e-15
1.6499941e+00 1.2398051e+01 2.4550278e+28 2.5416881e+10 -2.4964085e-01 1.5258008e-05 3.9642548e-07 3.9642548e-15
1.6499942e+00 1.2398961e+01 2.4011617e+28 2.4976724e+10 -2.4961708e-01 1.4994066e-05 3.8956787e-07 3.8956787e-15
1.6499942e+00 1.2399869e+01 2.3483773e+28 2.4545406e+10 -2.4959339e-01 1.4735424e-05 3.8284797e-07 3.8284797e-15
1.6499942e+00 1.2400757e+01 2.2976299e+28 2.4127846e+10 -2.4957021e-01 1.4485023e-05 3.7634219e-07 3.7634219e-15
1.6499942e+00 1.2401645e+01 2.2477569e+28 2.3714105e+10 -2.4954704e-01 1.4236901e-05 3.6989563e-07 3.6989563e-15
1.6499942e+00 1.2402533e+01 2.1987450e+28 2.3307508e+10 -2.4952387e-01 1.3993064e-05 3.6356039e-07 3.6356039e-15
1.6499943e+00 1.2403421e+01 2.1505795e+28 2.2907191e+10 -2.4950070e-01 1.3752990e-05 3.5732293e-07 3.5732293e-15
1.6499943e+00 1.2404309e+01 2.1032531e+28 2.2508561e+10 -2.4947753e-01 1.3513913e-05 3.5111133e-07 3.5111133e-15
1.6499943e+00 1.2405197e+01 2.0567932e+28 2.2117228e+10 -2.4945439e-01 1.3279212e-05 3.4501346e-07 3.4501346e-15
1.6499943e+00 1.2406063e+01 2.0122192e+28 2.1741782e+10 -2.4943180e-01 1.3054038e-05 3.3916312e-07 3.3916312e-15
1.6499943e+00 1.2406930e+01 1.9684108e+28 2.1368222e+10 -2.4940921e-01 1.2829982e-05 3.3334182e-07 3.3334182e-15
1.6499944e+00 1.2407797e+01 1.9253623e+28 2.1000041e+10 -2.4938662e-01 1.2609150e-05 3.2760426e-07 3.2760426e-15
1.6499944e+00 1.2408663e+01 1.8830605e+28 2.0638247e+10 -2.4936403e-01 1.2392148e-05 3.2196622e-07 3.2196622e-15
1.6499944e+00 1.2409530e+01 1.8414938e+28 2.0280092e+10 -2.4934145e-01 1.2177320e-05 3.1638469e-07 3.1638469e-15
1.6499944e+00 1.2410397e+01 1.8006574e+28 1.9925431e+10 -2.4931887e-01 1.1964580e-05 3.1085739e-07 3.1085739e-15
1.6499944e+00 1.2411244e+01 1.7614766e+28 1.9585148e+10 -2.4929683e-01 1.1760465e-05 3.0555417e-07 3.0555417e-15
1.6499944e+00 1.2412089e+01 1.7230099e+28 1.9250199e+10 -2.4927481e-01 1.1559547e-05 3.0033402e-07 3.0033402e-15
1.6499945e+00 1.2412935e+01 1.6852103e+28 1.8916815e+10 -2.4925279e-01 1.1359554e-05 2.9513793e-07 2.9513793e-15
1.6499945e+00 1.2413781e+01 1.6480697e+28 1.8589243e+10 -2.4923077e-01 1.1163049e-05 2.9003242e-07 2.9003242e-15
1.6499945e+00 1.2414627e+01 1.6115764e+28 1.8267380e+10 -2.4920876e-01 1.0969968e-05 2.8501590e-07 2.8501590e-15
1.6499945e+00 1.2415472e+01 1.5757228e+28 1.7946901e+10 -2.4918675e-01 1.0777705e-05 2.8002063e-07 2.8002063e-15
1.6499945e+00 1.2416300e+01 1.5412667e+28 1.7638271e+10 -2.4916522e-01 1.0592549e-05 2.7520999e-07 2.7520999e-15
1.6499945e+00 1.2417125e+01 1.5075034e+28 1.7335845e+10 -2.4914376e-01 1.0411114e-05 2.7049606e-07 2.7049606e-15
1.6499945e+00 1.2417950e+01 1.4743240e+28 1.7036089e+10 -2.4912230e-01 1.0231275e-05 2.6582356e-07 2.6582356e-15
1.6499946e+00 1.2418775e+01 1.4417251e+28 1.6739528e+10 -2.4910084e-01 1.0053346e-05 2.6120070e-07 2.6120070e-15
1.6499946e+00 1.2419601e+01 1.4096973e+28 1.6448161e+10 -2.4907939e-01 9.8785335e-06 2.5665883e-07 2.5665883e-15
1.6499946e+00 1.2420426e+01 1.3782309e+28 1.6160712e+10 -2.4905794e-01 9.7060679e-06 2.5217792e-07 2.5217792e-15
1.6499946e+00 1.2421229e+01 1.3481444e+28 1.5882713e+10 -2.4903706e-01 9.5392640e-06 2.4784411e-07 2.4784411e-15
1.6499946e+00 1.2422028e+01 1.3187591e+28 1.5611192e+10 -2.4901632e-01 9.3763472e-06 2.4361129e-07 2.4361129e-15
1.6499946e+00 1.2422826e+01 1.2898793e+28 1.5344343e+10 -2.4899558e-01 9.2162330e-06 2.3945129e-07 2.3945129e-15
1.6499946e+00 1.2423625e+01 1.2614996e+28 1.5078258e+10 -2.4897484e-01 9.0565671e-06 2.3530293e-07 2.3530293e-15
1.6499947e+00 1.2424423e+01 1.2336155e+28 1.4816556e+10 -2.4895410e-01 8.8995301e-06 2.3122288e-07 2.3122288e-15
1.6499947e+00 1.2425222e+01 1.2062184e+28 1.4559425e+10 -2.4893336e-01 8.7452356e-06 2.2721409e-07 2.2721409e-15
1.6499947e+00 1.2426020e+01 1.1793012e+28 1.4304258e+10 -2.4891263e-01 8.5921133e-06 2.2323574e-07 2.2323574e-15
1.6499947e+00 1.2426819e+01 1.1528608e+28 1.4052190e+10 -2.4889190e-01 8.4408468e-06 2.1930561e-07 2.1930561e-15
1.6499947e+00 1.2427618e+01 1.1268892e+28 1.3804591e+10 -2.4887117e-01 8.2922623e-06 2.1544517e-07 2.1544517e-15
1.6499947e+00 1.2428416e+01 1.1013785e+28 1.3559883e+10 -2.4885044e-01 8.1454085e-06 2.1162969e-07 2.1162969e-15
1.6499947e+00 1.2429192e+01 1.0770506e+28 1.3324287e+10 -2.4883032e-01 8.0040167e-06 2.0795612e-07 2.0795612e-15
1.6499947e+00 1.2429958e+01 1.0534387e+28 1.3095624e+10 -2.4881045e-01 7.8667861e-06 2.0439067e-07 2.0439067e-15
1.6499947e+00 1.2430724e+01 1.0302344e+28 1.2870595e+10 -2.4879059e-01 7.7317360e-06 2.0088187e-07 2.0088187e-15
1.6499947e+00 1.2431490e+01 1.0074344e+28 1.2646294e+10 -2.4877072e-01 7.5971139e-06 1.9738419e-07 1.9738419e-15
1.6499948e+00 1.2432256e+01 9.8503406e+27 1.2425925e+10 -2.4875085e-01 7.4648519e-06 1.9394783e-07 1.9394783e-15
1.6499948e+00 1.2433023e+01 9.6302636e+27 1.2209419e+10 -2.4873099e-01 7.3349081e-06 1.9057170e-07 1.9057170e-15
1.6499948e+00 1.2433789e+01 9.4140635e+27 1.1994008e+10 -2.4871113e-01 7.2056146e-06 1.8721246e-07 1.8721246e-15
1.6499948e+00 1.2434555e+01 9.2017105e+27 1.1781781e+10 -2.4869127e-01 7.0782305e-06 1.8390283e-07 1.8390283e-15
1.6499948e+00 1.2435322e+01 8.9931366e+27 1.1573331e+10 -2.4867142e-01 6.9531133e-06 1.8065211e-07 1.8065211e-15
1.6499948e+00 1.2436088e+01 8.7882841e+27 1.1366738e+10 -2.4865156e-01 6.8291064e-06 1.7743023e-07 1.7743023e-15
1.6499948e+00 1.2436835e+01 8.5921597e+27 1.1167609e+10 -2.4863221e-01 6.7095760e-06 1.7432465e-07 1.7432465e-15
1.6499948e+00 1.2437570e+01 8.4026344e+27 1.0975180e+10 -2.4861318e-01 6.5940674e-06 1.7132357e-07 1.7132357e-15
1.6499948e+00 1.2438305e+01 8.2163958e+27 1.0785205e+10 -2.4859415e-01 6.4800295e-06 1.6836070e-07 1.6836070e-15
1.6499948e+00 1.2439040e+01 8.0334222e+27 1.0596463e+10 -2.4857512e-01 6.3667272e-06 1.6541693e-07 1.6541693e-15
1.6499948e+00 1.2439775e+01 7.8536689e+27 1.0411044e+10 -2.4855610e-01 6.2554190e-06 1.6252499e-07 1.6252499e-15
1.6499948e+00 1.2440510e+01 7.6770788e+27 1.0228813e+10 -2.4853707e-01 6.1460250e-06 1.5968277e-07 1.5968277e-15
1.6499949e+00 1.2441245e+01 7.5036213e+27 1.0047028e+10 -2.4851805e-01 6.0368912e-06 1.5684731e-07 1.5684731e-15
1.6499949e+00 1.2441980e+01 7.3332636e+27 9.8684917e+09 -2.4849903e-01 5.9297078e-06 1.5406253e-07 1.5406253e-15
1.6499949e+00 1.2442715e+01 7.1659500e+27 9.6931454e+09 -2.4848001e-01 5.8244396e-06 1.5132750e-07 1.5132750e-15
1.6499949e+00 1.2443450e+01 7.0016410e+27 9.5187263e+09 -2.4846100e-01 5.7197227e-06 1.4860680e-07 1.4860680e-15
1.6499949e+00 1.2444170e+01 6.8437678e+27 9.3506239e+09 -2.4844239e-01 5.6187970e-06 1.4598460e-07 1.4598460e-15
1.6499949e+00 1.2444875e+01 6.6918148e+27 9.1888252e+09 -2.4842417e-01 5.5216559e-06 1.4346074e-07 1.4346074e-15
1.6499949e+00 1.2445579e+01 6.5425120e+27 9.0284342e+09 -2.4840595e-01 5.4253565e-06 1.4095874e-07 1.4095874e-15
1.6499949e+00 1.2446284e+01 6.3958434e+27 8.8697570e+09 -2.4838772e-01 5.3300835e-06 1.3848340e-07 1.3848340e-15
1.6499949e+00 1.2446989e+01 6.2517664e+27 8.7138836e+09 -2.4836950e-01 5.2364939e-06 1.3605181e-07 1.3605181e-15
1.6499949e+00 1.2447694e+01 6.1102369e+27 8.5600279e+09 -2.4835129e-01 5.1441141e-06 1.3365165e-07 1.3365165e-15
1.6499949e+00 1.2448399e+01 5.9712376e+27 8.4072314e+09 -2.4833307e-01 5.0523663e-06 1.3126791e-07 1.3126791e-15
1.6499949e+00 1.2449104e+01 5.8347325e+27 8.2571767e+09 -2.4831486e-01 4.9622648e-06 1.2892694e-07 1.2892694e-15
1.6499949e+00 1.2449809e+01 5.7006770e+27 8.1095851e+09 -2.4829664e-01 4.8736417e-06 1.2662438e-07 1.2662438e-15
1.6499949e+00 1.2450515e+01 5.5690490e+27 7.9625627e+09 -2.4827843e-01 4.7853556e-06 1.2433058e-07 1.2433058e-15
1.6499949e+00 1.2451207e+01 5.4421672e+27 7.8208417e+09 -2.4826056e-01 4.7002529e-06 1.2211948e-07 1.2211948e-15
1.6499949e+00 1.2451883e+01 5.3204841e+27 7.6849273e+09 -2.4824311e-01 4.6186370e-06 1.1999898e-07 1.1999898e-15
1.6499949e+00 1.2452559e+01 5.2009396e+27 7.5495135e+09 -2.4822566e-01 4.5373174e-06 1.1788618e-07 1.1788618e-15
1.6499950e+00 1.2453235e+01 5.0835162e+27 7.4162427e+09 -2.4820821e-01 4.4572842e-06 1.1580680e-07 1.1580680e-15
1.6499950e+00 1.2453910e+01 4.9681763e+27 7.2853366e+09 -2.4819077e-01 4.3786710e-06 1.1376431e-07 1.1376431e-15
1.6499950e+00 1.2454587e+01 4.8548894e+27 7.1554406e+09 -2.4817332e-01 4.3006616e-06 1.1173751e-07 1.1173751e-15
1.6499950e+00 1.2455263e+01 4.7436421e+27 7.0271408e+09 -2.4815588e-01 4.2236090e-06 1.0973557e-07 1.0973557e-15
1.6499950e+00 1.2455939e+01 4.6343995e+27 6.9011531e+09 -2.4813844e-01 4.1479451e-06 1.0776971e-07 1.0776971e-15
1.6499950e+00 1.2456615e+01 4.5271285e+27 6.7765472e+09 -2.4812100e-01 4.0731090e-06 1.0582536e-07 1.0582536e-15
1.6499950e+00 1.2457291e+01 4.4218164e+27 6.6531286e+09 -2.4810356e-01 3.9989835e-06 1.0389947e-07 1.0389947e-15
1.6499950e+00 1.2457957e+01 4.3200126e+27 6.5338215e+09 -2.4808639e-01 3.9273275e-06 1.0203774e-07 1.0203774e-15
1.6499950e+00 1.2458605e+01 4.2226943e+27 6.4192903e+09 -2.4806969e-01 3.8585388e-06 1.0025051e-07 1.0025051e-15
1.6499950e+00 1.2459253e+01 4.1271030e+27 6.3054497e+09 -2.4805298e-01 3.7901620e-06 9.8473983e-08 9.8473983e-16
1.6499950e+00 1.2459901e+01 4.0332153e+27 6.1936378e+09 -2.4803628e-01 3.7230038e-06 9.6729113e-08 9.6729113e-16
1.6499950e+00 1.2460549e+01 3.9410006e+27 6.0837537e+09 -2.4801958e-01 3.6570033e-06 9.5014322e-08 9.5014322e-16
1.6499950e+00 1.2461197e+01 3.8504429e+27 5.9741589e+09 -2.4800287e-01 3.5911729e-06 9.3303952e-08 9.3303952e-16
1.6499950e+00 1.2461845e+01 3.7615245e+27 5.8665478e+09 -2.4798617e-01 3.5265341e-06 9.1624542e-08 9.1624542e-16
1.6499950e+00 1.2462493e+01 3.6742154e+27 5.7608845e+09 -2.4796948e-01 3.4630653e-06 8.9975529e-08 8.9975529e-16
1.6499950e+00 1.2463142e+01 3.5884959e+27 5.6556946e+09 -2.4795278e-01 3.3998778e-06 8.8333825e-08 8.8333825e-16
1.6499950e+00 1.2463790e+01 3.5043521e+27 5.5522081e+09 -2.4793608e-01 3.3377131e-06 8.6718694e-08 8.6718694e-16
1.6499950e+00 1.2464430e+01 3.4228140e+27 5.4519263e+09 -2.4791961e-01 3.2774734e-06 8.5153580e-08 8.5153580e-16
1.6499950e+00 1.2465051e+01 3.3450908e+27 5.3552326e+09 -2.4790361e-01 3.2193868e-06 8.3644404e-08 8.3644404e-16
1.6499950e+00 1.2465672e+01 3.2687579e+27 5.2598257e+09 -2.4788762e-01 3.1620724e-06 8.2155290e-08 8.2155290e-16
1.6499950e+00 1.2466293e+01 3.1937913e+27 5.1661264e+09 -2.4787163e-01 3.1057837e-06 8.0692830e-08 8.0692830e-16
1.6499950e+00 1.2466915e+01 3.1201691e+27 5.0733595e+09 -2.4785564e-01 3.0500537e-06 7.9244881e-08 7.9244881e-16
1.6499950e+00 1.2467536e+01 3.0478829e+27 4.9815388e+09 -2.4783966e-01 2.9948907e-06 7.7811664e-08 7.7811664e-16
1.6499950e+00 1.2468157e+01 2.9769110e+27 4.8913877e+09 -2.4782367e-01 2.9407307e-06 7.6404506e-08 7.6404506e-16
1.6499950e+00 1.2468779e+01 2.9072306e+27 4.8023868e+09 -2.4780768e-01 2.8872607e-06 7.5015278e-08 7.5015278e-16
1.6499950e+00 1.2469400e+01 2.8388328e+27 4.7140883e+09 -2.4779170e-01 2.8342108e-06 7.3636964e-08 7.3636964e-16
1.6499951e+00 1.2470021e+01 2.7716983e+27 4.6274206e+09 -2.4777572e-01 2.7821407e-06 7.2284107e-08 7.2284107e-16
1.6499951e+00 1.2470636e+01 2.7065147e+27 4.5429668e+09 -2.4775991e-01 2.7314002e-06 7.0965793e-08 7.0965793e-16
1.6499951e+00 1.2471231e+01 2.6445342e+27 4.4616458e+09 -2.4774460e-01 2.6825398e-06 6.9696328e-08 6.9696328e-16
1.6499951e+00 1.2471827e+01 2.5836682e+27 4.3817869e+09 -2.4772930e-01 2.6345579e-06 6.8449689e-08 6.8449689e-16
1.6499951e+00 1.2472422e+01 2.5238964e+27 4.3033188e+09 -2.4771399e-01 2.5874117e-06 6.7224759e-08 6.7224759e-16
1.6499951e+00 1.2473018e+01 2.4652084e+27 4.2250581e+09 -2.4769869e-01 2.5403876e-06 6.6003004e-08 6.6003004e-16
1.6499951e+00 1.2473613e+01 2.4075925e+27 4.1482268e+09 -2.4768339e-01 2.4942224e-06 6.4803566e-08 6.4803566e-16
1.6499951e+00 1.2474208e+01 2.3510288e+27 4.0727987e+09 -2.4766809e-01 2.4489005e-06 6.3626034e-08 6.3626034e-16
1.6499951e+00 1.2474804e+01 2.2955047e+27 3.9976776e+09 -2.4765278e-01 2.4037608e-06 6.2453241e-08 6.2453241e-16
1.6499951e+00 1.2475399e+01 2.2410109e+27 3.9238192e+09 -2.4763749e-01 2.3593797e-06 6.1300154e-08 6.1300154e-16
1.6499951e+00 1.2475995e+01 2.1875281e+27 3.8513313e+09 -2.4762219e-01 2.3158221e-06 6.0168463e-08 6.0168463e-16
1.6499951e+00 1.2476585e+01 2.1355266e+27 3.7799341e+09 -2.4760703e-01 2.2729183e-06 5.9053758e-08 5.9053758e-16
1.6499951e+00 1.2477156e+01 2.0861765e+27 3.7119500e+09 -2.4759238e-01 2.2320649e-06 5.7992328e-08 5.7992328e-16
1.6499951e+00 1.2477726e+01 2.0377179e+27 3.6451937e+09 -2.4757774e-01 2.1919495e-06 5.6950070e-08 5.6950070e-16
1.6499951e+00 1.2478297e+01 1.9901373e+27 3.5789582e+09 -2.4756309e-01 2.1521457e-06 5.5915909e-08 5.5915909e-16
1.6499951e+00 1.2478867e+01 1.9434290e+27 3.5135558e+09 -2.4754844e-01 2.1128419e-06 5.4894739e-08 5.4894739e-16
1.6499951e+00 1.2479438e+01 1.8975779e+27 3.4493537e+09 -2.4753380e-01 2.0742594e-06 5.3892308e-08 5.3892308e-16
1.6499951e+00 1.2480008e+01 1.8525698e+27 3.3858027e+09 -2.4751915e-01 2.0360672e-06 5.2900021e-08 5.2900021e-16
1.6499951e+00 1.2480579e+01 1.8083993e+27 3.3229361e+09 -2.4750451e-01 1.9982854e-06 5.1918394e-08 5.1918394e-16
1.6499951e+00 1.2481149e+01 1.7650523e+27 3.2612414e+09 -2.4748987e-01 1.9612080e-06 5.0955068e-08 5.0955068e-16
1.6499951e+00 1.2481720e+01 1.7225146e+27 3.2002685e+09 -2.4747523e-01 1.9245635e-06 5.0002991e-08 5.0002991e-16
1.6499951e+00 1.2482286e+01 1.6811212e+27 3.1403832e+09 -2.4746071e-01 1.8885718e-06 4.9067873e-08 4.9067873e-16
1.6499951e+00 1.2482833e+01 1.6418917e+27 3.0836286e+09 -2.4744669e-01 1.8544616e-06 4.8181640e-08 4.8181640e-16
1.6499951e+00 1.2483379e+01 1.6033747e+27 3.0276082e+09 -2.4743267e-01 1.8207923e-06 4.7306861e-08 4.7306861e-16
1.6499951e+00 1.2483926e+01 1.5655652e+27 2.9720049e+09 -2.4741866e-01 1.7873725e-06 4.6438566e-08 4.6438566e-16
1.6499951e+00 1.2484472e+01 1.5284530e+27 2.9174268e+09 -2.4740464e-01 1.7545689e-06 4.5586281e-08 4.5586281e-16
1.6499951e+00 1.2485019e+01 1.4920252e+27 2.8636701e+09 -2.4739063e-01 1.7222587e-06 4.4746814e-08 4.4746814e-16
1.6499951e+00 1.2485566e+01 1.4562764e+27 2.8102279e+09 -2.4737662e-01 1.6901363e-06 4.3912227e-08 4.3912227e-16
1.6499951e+00 1.2486112e+01 1.4211975e+27 2.7577870e+09 -2.4736260e-01 1.6586158e-06 4.3093278e-08 4.3093278e-16
1.6499951e+00 1.2486659e+01 1.3867758e+27 2.7062042e+09 -2.4734859e-01 1.6276109e-06 4.2287725e-08 4.2287725e-16
1.6499951e+00 1.2487206e+01 1.3530056e+27 2.6548834e+09 -2.4733458e-01 1.5967623e-06 4.1486233e-08 4.1486233e-16
1.6499951e+00 1.2487748e+01 1.3201316e+27 2.6049246e+09 -2.4732068e-01 1.5667324e-06 4.0706011e-08 4.0706011e-16
1.6499951e+00 1.2488272e+01 1.2890010e+27 2.5575482e+09 -2.4730727e-01 1.5382546e-06 3.9966116e-08 3.9966116e-16
1.6499951e+00 1.2488795e+01 1.2584433e+27 2.5103390e+09 -2.4729386e-01 1.5098762e-06 3.9228804e-08 3.9228804e-16
1.6499951e+00 1.2489319e+01 1.2284519e+27 2.4640046e+09 -2.4728045e-01 1.4820236e-06 3.8505153e-08 3.8505153e-16
1.6499951e+00 1.2489842e+01 1.1990161e+27 2.4185286e+09 -2.4726704e-01 1.4546871e-06 3.7794909e-08 3.7794909e-16
1.6499951e+00 1.2490366e+01 1.1701300e+27 2.3731686e+09 -2.4725363e-01 1.4274191e-06 3.7086447e-08 3.7086447e-16
1.6499951e+00 1.2490889e+01 1.1417877e+27 2.3286543e+09 -2.4724023e-01 1.4006595e-06 3.6391193e-08 3.6391193e-16
1.6499951e+00 1.2491413e+01 1.1139791e+27 2.2849780e+09 -2.4722682e-01 1.3744036e-06 3.5709028e-08 3.5709028e-16
1.6499951e+00 1.2491937e+01 1.0866978e+27 2.2414591e+09 -2.4721341e-01 1.3482413e-06 3.5029292e-08 3.5029292e-16
1.6499951e+00 1.2492460e+01 1.0599384e+27 2.1987311e+09 -2.4720001e-01 1.3225544e-06 3.4361908e-08 3.4361908e-16
1.6499951e+00 1.2492980e+01 1.0338937e+27 2.1571441e+09 -2.4718671e-01 1.2975534e-06 3.3712347e-08 3.3712347e-16
1.6499951e+00 1.2493481e+01 1.0092385e+27 2.1171643e+09 -2.4717388e-01 1.2735177e-06 3.3087864e-08 3.3087864e-16
1.6499951e+00 1.2493982e+01 9.8504239e+26 2.0778845e+09 -2.4716105e-01 1.2499028e-06 3.2474314e-08 3.2474314e-16
1.6499951e+00 1.2494484e+01 9.6129678e+26 2.0393361e+09 -2.4714823e-01 1.2267276e-06 3.1872188e-08 3.1872188e-16
1.6499951e+00 1.2494985e+01 9.3799589e+26 2.0009729e+09 -2.4713540e-01 1.2036630e-06 3.1272935e-08 3.1272935e-16
1.6499951e+00 1.2495487e+01 9.1513588e+26 1.9632420e+09 -2.4712257e-01 1.1809784e-06 3.0683554e-08 3.0683554e-16
1.6499951e+00 1.2495988e+01 8.9270846e+26 1.9262251e+09 -2.4710975e-01 1.1587230e-06 3.0105326e-08 3.0105326e-16
1.6499951e+00 1.2496489e+01 8.7070775e+26 1.8894155e+09 -2.4709692e-01 1.1365915e-06 2.9530318e-08 2.9530318e-16
1.6499951e+00 1.2496991e+01 8.4913008e+26 1.8532048e+09 -2.4708410e-01 1.1148199e-06 2.8964660e-08 2.8964660e-16
1.6499951e+00 1.2497492e+01 8.2796737e+26 1.8176904e+09 -2.4707128e-01 1.0934670e-06 2.8409880e-08 2.8409880e-16
1.6499951e+00 1.2497990e+01 8.0738866e+26 1.7826731e+09 -2.4705856e-01 1.0724122e-06 2.7862846e-08 2.7862846e-16
1.6499951e+00 1.2498470e+01 7.8790309e+26 1.7494246e+09 -2.4704629e-01 1.0524209e-06 2.7343442e-08 2.7343442e-16
1.6499951e+00 1.2498950e+01 7.6878217e+26 1.7167983e+09 -2.4703402e-01 1.0328037e-06 2.6833758e-08 2.6833758e-16
1.6499951e+00 1.2499430e+01 7.5002098e+26 1.6843562e+09 -2.4702175e-01 1.0132966e-06 2.6326936e-08 2.6326936e-16
1.6499951e+00 1.2499910e+01 7.3161655e+26 1.6524246e+09 -2.4700949e-01 9.9409632e-07 2.5828084e-08 2.5828084e-16
1.6499951e+00 1.2500390e+01 7.1356220e+26 1.6211004e+09 -2.4699722e-01 9.7526125e-07 2.5338721e-08 2.5338721e-16
1.6499951e+00 1.2500870e+01 6.9585300e+26 1.5899697e+09 -2.4698495e-01 9.5654201e-07 2.4852368e-08 2.4852368e-16
1.6499951e+00 1.2501350e+01 6.7848609e+26 1.5593306e+09 -2.4697269e-01 9.3811821e-07 2.4373690e-08 2.4373690e-16
1.6499951e+00 1.2501830e+01 6.6145495e+26 1.5292839e+09 -2.4696042e-01 9.2005062e-07 2.3904268e-08 2.3904268e-16
1.6499951e+00 1.2502310e+01 6.4475490e+26 1.4994149e+09 -2.4694816e-01 9.0208928e-07 2.3437606e-08 2.3437606e-16
1.6499951e+00 1.2502785e+01 6.2854322e+26 1.4703311e+09 -2.4693601e-01 8.8460007e-07 2.2983210e-08 2.2983210e-16
1.6499951e+00 1.2503245e+01 6.1317581e+26 1.4427620e+09 -2.4692428e-01 8.6802164e-07 2.2552479e-08 2.2552479e-16
1.6499951e+00 1.2503704e+01 5.9809918e+26 1.4153300e+09 -2.4691255e-01 8.5152516e-07 2.2123876e-08 2.2123876e-16
1.6499951e+00 1.2504164e+01 5.8331082e+26 1.3883509e+09 -2.4690081e-01 8.3530097e-07 2.1702348e-08 2.1702348e-16
1.6499951e+00 1.2504623e+01 5.6880527e+26 1.3618877e+09 -2.4688908e-01 8.1938703e-07 2.1288880e-08 2.1288880e-16
1.6499951e+00 1.2505083e+01 5.5457871e+26 1.3355631e+09 -2.4687735e-01 8.0355592e-07 2.0877565e-08 2.0877565e-16
1.6499951e+00 1.2505542e+01 5.4062869e+26 1.3096820e+09 -2.4686562e-01 7.8799145e-07 2.0473177e-08 2.0473177e-16
1.6499951e+00 1.2506002e+01 5.2694985e+26 1.2843040e+09 -2.4685389e-01 7.7272955e-07 2.0076650e-08 2.0076650e-16
1.6499951e+00 1.2506462e+01 5.1353869e+26 1.2590450e+09 -2.4684216e-01 7.5753872e-07 1.9681970e-08 1.9681970e-16
1.6499951e+00 1.2506921e+01 5.0039254e+26 1.2342410e+09 -2.4683043e-01 7.4262145e-07 1.9294398e-08 1.9294398e-16
1.6499951e+00 1.2507375e+01 4.8765923e+26 1.2102159e+09 -2.4681885e-01 7.2817263e-07 1.8918996e-08 1.8918996e-16
1.6499952e+00 1.2507815e+01 4.7556880e+26 1.1870227e+09 -2.4680763e-01 7.1422367e-07 1.8556581e-08 1.8556581e-16
1.6499952e+00 1.2508255e+01 4.6371086e+26 1.1642683e+09 -2.4679641e-01 7.0053856e-07 1.8201022e-08 1.8201022e-16
1.6499952e+00 1.2508694e+01 4.5208092e+26 1.1419514e+09 -2.4678519e-01 6.8711658e-07 1.7852299e-08 1.7852299e-16
1.6499952e+00 1.2509134e+01 4.4067646e+26 1.1196938e+09 -2.4677398e-01 6.7372982e-07 1.7504491e-08 1.7504491e-16
1.6499952e+00 1.2509574e+01 4.2949494e+26 1.0978712e+09 -2.4676276e-01 6.6060468e-07 1.7163481e-08 1.7163481e-16
1.6499952e+00 1.2510014e+01 4.1853201e+26 1.0764506e+09 -2.4675155e-01 6.4772134e-07 1.6828753e-08 1.6828753e-16
1.6499952e+00 1.2510453e+01 4.0778542e+26 1.0551180e+09 -2.4674033e-01 6.3489048e-07 1.6495388e-08 1.6495388e-16
1.6499952e+00 1.2510893e+01 3.9725242e+26 1.0342094e+09 -2.4672912e-01 6.2231464e-07 1.6168650e-08 1.6168650e-16
1.6499952e+00 1.2511333e+01 3.8692883e+26 1.0136522e+09 -2.4671790e-01 6.0995010e-07 1.5847401e-08 1.5847401e-16