 357  1.631380e+00
 0.00000000e+00 0.000000e+00 1.2796191e+35 9.6199999e+14 -4.428958e-01 5.271987e-01 2.611297e-02 1.398142e-02
 2.02603228e-09 1.000000e-02 1.2796169e+35 9.6199999e+14 -4.428956e-01 5.271984e-01 2.611295e-02 1.398141e-02
 2.72666168e-09 1.104066e-02 1.2796164e+35 9.6199913e+14 -4.428955e-01 5.271984e-01 2.611295e-02 1.398141e-02
 3.68060256e-09 1.220181e-02 1.2796159e+35 9.6199896e+14 -4.428955e-01 5.271983e-01 2.611295e-02 1.398141e-02
 4.96828456e-09 1.348508e-02 1.2796152e+35 9.6199875e+14 -4.428954e-01 5.271982e-01 2.611294e-02 1.398140e-02
 6.70646772e-09 1.490331e-02 1.2796143e+35 9.6199850e+14 -4.428953e-01 5.271981e-01 2.611294e-02 1.398140e-02
 9.05276007e-09 1.647069e-02 1.2796132e+35 9.6199819e+14 -4.428952e-01 5.271979e-01 2.611293e-02 1.398139e-02
 1.22199078e-08 1.820291e-02 1.2796119e+35 9.6199781e+14 -4.428951e-01 5.271977e-01 2.611292e-02 1.398138e-02
 1.64950844e-08 2.011730e-02 1.2796104e+35 9.6199735e+14 -4.428949e-01 5.271975e-01 2.611291e-02 1.398138e-02
 2.22659265e-08 2.223302e-02 1.2796085e+35 9.6199679e+14 -4.428947e-01 5.271973e-01 2.611290e-02 1.398137e-02
 3.00556786e-08 2.457124e-02 1.2796061e+35 9.6199610e+14 -4.428945e-01 5.271969e-01 2.611288e-02 1.398135e-02
 4.05706286e-08 2.715536e-02 1.2796032e+35 9.6199525e+14 -4.428942e-01 5.271965e-01 2.611286e-02 1.398134e-02
 5.47641360e-08 3.001123e-02 1.2795997e+35 9.6199423e+14 -4.428939e-01 5.271960e-01 2.611284e-02 1.398132e-02
 7.39230529e-08 3.316743e-02 1.2795955e+35 9.6199297e+14 -4.428934e-01 5.271954e-01 2.611281e-02 1.398129e-02
 9.97843681e-08 3.665553e-02 1.2795902e+35 9.6199144e+14 -4.428929e-01 5.271947e-01 2.611277e-02 1.398126e-02
 1.34692639e-07 4.051042e-02 1.2795839e+35 9.6198956e+14 -4.428923e-01 5.271938e-01 2.611273e-02 1.398123e-02
 1.81812468e-07 4.477067e-02 1.2795761e+35 9.6198728e+14 -4.428915e-01 5.271927e-01 2.611267e-02 1.398119e-02
 2.45415265e-07 4.947887e-02 1.2795666e+35 9.6198448e+14 -4.428905e-01 5.271914e-01 2.611261e-02 1.398113e-02
 3.31266237e-07 5.468212e-02 1.2795549e+35 9.6198107e+14 -4.428894e-01 5.271898e-01 2.611253e-02 1.398107e-02
 4.47146623e-07 6.043242e-02 1.2795408e+35 9.6197690e+14 -4.428879e-01 5.271878e-01 2.611243e-02 1.398099e-02
 6.03558390e-07 6.678724e-02 1.2795234e+35 9.6197181e+14 -4.428862e-01 5.271853e-01 2.611231e-02 1.398089e-02
 8.14675058e-07 7.381010e-02 1.2795023e+35 9.6196559e+14 -4.428840e-01 5.271824e-01 2.611217e-02 1.398078e-02
 1.09962451e-06 8.157113e-02 1.2794764e+35 9.6195800e+14 -4.428814e-01 5.271788e-01 2.611199e-02 1.398063e-02
 1.48421948e-06 9.014782e-02 1.2794448e+35 9.6194873e+14 -4.428783e-01 5.271743e-01 2.611177e-02 1.398046e-02
 2.00329164e-06 9.962575e-02 1.2794063e+35 9.6193740e+14 -4.428744e-01 5.271689e-01 2.611151e-02 1.398024e-02
 2.70383930e-06 1.100994e-01 1.2793592e+35 9.6192357e+14 -4.428696e-01 5.271623e-01 2.611119e-02 1.397998e-02
 3.64927125e-06 1.216732e-01 1.2793017e+35 9.6190668e+14 -4.428638e-01 5.271543e-01 2.611079e-02 1.397966e-02
 4.92512735e-06 1.344623e-01 1.2792315e+35 9.6188606e+14 -4.428568e-01 5.271444e-01 2.611031e-02 1.397927e-02
 6.64678684e-06 1.485939e-01 1.2791457e+35 9.6186087e+14 -4.428481e-01 5.271324e-01 2.610972e-02 1.397880e-02
 8.96985129e-06 1.642082e-01 1.2790410e+35 9.6183012e+14 -4.428376e-01 5.271177e-01 2.610900e-02 1.397821e-02
 1.21041237e-05 1.814601e-01 1.2789132e+35 9.6179257e+14 -4.428247e-01 5.270998e-01 2.610812e-02 1.397750e-02
 1.63324178e-05 2.005199e-01 1.2787572e+35 9.6174673e+14 -4.428090e-01 5.270780e-01 2.610705e-02 1.397664e-02
 2.20358498e-05 2.215758e-01 1.2785667e+35 9.6169077e+14 -4.427898e-01 5.270513e-01 2.610574e-02 1.397558e-02
 2.97278158e-05 2.448347e-01 1.2783343e+35 9.6162247e+14 -4.427663e-01 5.270187e-01 2.610415e-02 1.397429e-02
 4.00995901e-05 2.705242e-01 1.2780506e+35 9.6153911e+14 -4.427377e-01 5.269789e-01 2.610220e-02 1.397271e-02
 5.40814408e-05 2.988946e-01 1.2777045e+35 9.6143741e+14 -4.427029e-01 5.269304e-01 2.609982e-02 1.397079e-02
 7.29244120e-05 3.302206e-01 1.2772824e+35 9.6131333e+14 -4.426603e-01 5.268712e-01 2.609692e-02 1.396844e-02
 9.83095498e-05 3.648033e-01 1.2767677e+35 9.6116201e+14 -4.426084e-01 5.267990e-01 2.609339e-02 1.396558e-02
 1.32493437e-04 4.029721e-01 1.2761403e+35 9.6097752e+14 -4.425451e-01 5.267109e-01 2.608908e-02 1.396209e-02
 1.78501542e-04 4.450866e-01 1.2753760e+35 9.6075268e+14 -4.424680e-01 5.266037e-01 2.608382e-02 1.395784e-02
 2.40384177e-04 4.915382e-01 1.2744452e+35 9.6047881e+14 -4.423741e-01 5.264729e-01 2.607742e-02 1.395267e-02
 3.23553864e-04 5.427514e-01 1.2733125e+35 9.6014539e+14 -4.422597e-01 5.263138e-01 2.606963e-02 1.394636e-02
 4.35227611e-04 5.991850e-01 1.2719353e+35 9.5973977e+14 -4.421206e-01 5.261202e-01 2.606014e-02 1.393869e-02
 5.85002903e-04 6.613318e-01 1.2702623e+35 9.5924675e+14 -4.419515e-01 5.258848e-01 2.604862e-02 1.392937e-02
 7.85601733e-04 7.297179e-01 1.2682324e+35 9.5864811e+14 -4.417462e-01 5.255989e-01 2.603462e-02 1.391805e-02
 1.05382203e-03 8.049008e-01 1.2657730e+35 9.5792214e+14 -4.414973e-01 5.252521e-01 2.601765e-02 1.390433e-02
 1.41173910e-03 8.874645e-01 1.2627983e+35 9.5704308e+14 -4.411959e-01 5.248321e-01 2.599709e-02 1.388770e-02
 1.88819914e-03 9.780140e-01 1.2592075e+35 9.5598057e+14 -4.408316e-01 5.243242e-01 2.597224e-02 1.386761e-02
 2.52063924e-03 1.077165e+00 1.2548837e+35 9.5469909e+14 -4.403923e-01 5.237115e-01 2.594226e-02 1.384338e-02
 3.35724988e-03 1.185532e+00 1.2496923e+35 9.5315749e+14 -4.398640e-01 5.229739e-01 2.590618e-02 1.381422e-02
 4.45946059e-03 1.303709e+00 1.2434805e+35 9.5130858e+14 -4.392305e-01 5.220888e-01 2.586290e-02 1.377926e-02
 5.90467285e-03 1.432253e+00 1.2360778e+35 9.4909899e+14 -4.384735e-01 5.210303e-01 2.581115e-02 1.373746e-02
 7.78908175e-03 1.571652e+00 1.2272972e+35 9.4646929e+14 -4.375729e-01 5.197694e-01 2.574953e-02 1.368770e-02
 1.02303202e-02 1.722299e+00 1.2169388e+35 9.4335462e+14 -4.365067e-01 5.182744e-01 2.567651e-02 1.362876e-02
 1.33695354e-02 1.884459e+00 1.2047952e+35 9.3968576e+14 -4.352512e-01 5.165111e-01 2.559043e-02 1.355931e-02
 1.73723867e-02 2.058237e+00 1.1906590e+35 9.3539089e+14 -4.337824e-01 5.144441e-01 2.548959e-02 1.347798e-02
 2.24283768e-02 2.243545e+00 1.1743334e+35 9.3039805e+14 -4.320759e-01 5.120370e-01 2.537226e-02 1.338340e-02
 2.87479330e-02 2.440076e+00 1.1556439e+35 9.2463816e+14 -4.301088e-01 5.092549e-01 2.523678e-02 1.327426e-02
 3.65567953e-02 2.647295e+00 1.1344515e+35 9.1804850e+14 -4.278604e-01 5.060649e-01 2.508163e-02 1.314936e-02
 4.60875630e-02 2.864427e+00 1.1106664e+35 9.1057644e+14 -4.253138e-01 5.024388e-01 2.490555e-02 1.300770e-02
 5.75686814e-02 3.090479e+00 1.0842588e+35 9.0218288e+14 -4.224570e-01 4.983542e-01 2.470757e-02 1.284853e-02
 7.12116407e-02 3.324262e+00 1.0552678e+35 8.9284524e+14 -4.192838e-01 4.937964e-01 2.448716e-02 1.267145e-02
 8.71975952e-02 3.564432e+00 1.0238051e+35 8.8255936e+14 -4.157948e-01 4.887591e-01 2.424422e-02 1.247642e-02
 1.05664855e-01 3.809543e+00 9.9005318e+34 8.7134001e+14 -4.119976e-01 4.832448e-01 2.397909e-02 1.226374e-02
 1.26698675e-01 4.058101e+00 9.5425927e+34 8.5921974e+14 -4.079063e-01 4.772646e-01 2.369231e-02 1.203401e-02
 1.50324472e-01 4.308617e+00 9.1672388e+34 8.4624748e+14 -4.035415e-01 4.708373e-01 2.338470e-02 1.178813e-02
 1.76505117e-01 4.559653e+00 8.7778680e+34 8.3248598e+14 -3.989287e-01 4.639886e-01 2.305727e-02 1.152724e-02
 2.05142334e-01 4.809866e+00 8.3781147e+34 8.1800864e+14 -3.940977e-01 4.567502e-01 2.271119e-02 1.125267e-02
 2.36081775e-01 5.058034e+00 7.9716936e+34 8.0289781e+14 -3.890810e-01 4.491580e-01 2.234797e-02 1.096588e-02
 2.69120965e-01 5.303072e+00 7.5622580e+34 7.8724248e+14 -3.839130e-01 4.412522e-01 2.196962e-02 1.066842e-02
 3.04019037e-01 5.544040e+00 7.1532797e+34 7.7113368e+14 -3.786282e-01 4.330744e-01 2.157828e-02 1.036187e-02
 3.40507284e-01 5.780148e+00 6.7479576e+34 7.5466168e+14 -3.732608e-01 4.246668e-01 2.117613e-02 1.004778e-02
 3.78299633e-01 6.010742e+00 6.3491538e+34 7.3791188e+14 -3.678439e-01 4.160704e-01 2.076508e-02 9.727681e-03
 4.17102388e-01 6.235302e+00 5.9593571e+34 7.2096348e+14 -3.624084e-01 4.073244e-01 2.034672e-02 9.403060e-03
 4.56622862e-01 6.453424e+00 5.5806677e+34 7.0388971e+14 -3.569831e-01 3.984659e-01 1.992248e-02 9.075315e-03
 4.96576630e-01 6.664810e+00 5.2148006e+34 6.8675778e+14 -3.515940e-01 3.895296e-01 1.949367e-02 8.745739e-03
 5.36693330e-01 6.869254e+00 4.8631021e+34 6.6962954e+14 -3.462646e-01 3.805477e-01 1.906146e-02 8.415508e-03
 5.76721015e-01 7.066628e+00 4.5265762e+34 6.5256034e+14 -3.410156e-01 3.715495e-01 1.862684e-02 8.085693e-03
 6.16429161e-01 7.256870e+00 4.2059169e+34 6.3559905e+14 -3.358648e-01 3.625616e-01 1.819075e-02 7.757243e-03
 6.55610527e-01 7.439973e+00 3.9015432e+34 6.1878858e+14 -3.308275e-01 3.536081e-01 1.775446e-02 7.430874e-03
 6.94082039e-01 7.615976e+00 3.6136352e+34 6.0216613e+14 -3.259165e-01 3.447102e-01 1.731930e-02 7.107162e-03
 7.31684884e-01 7.784955e+00 3.3421698e+34 5.8576342e+14 -3.211424e-01 3.358869e-01 1.688649e-02 6.786629e-03
 7.68283977e-01 7.947017e+00 3.0869540e+34 5.6960611e+14 -3.165135e-01 3.271542e-01 1.645668e-02 6.469858e-03
 8.03766965e-01 8.102291e+00 2.8476559e+34 5.5371424e+14 -3.120363e-01 3.185258e-01 1.602989e-02 6.157502e-03
 8.38042919e-01 8.250929e+00 2.6238325e+34 5.3810379e+14 -3.077155e-01 3.100130e-01 1.560605e-02 5.850168e-03
 8.71040818e-01 8.393095e+00 2.4149544e+34 5.2278766e+14 -3.035542e-01 3.016258e-01 1.518521e-02 5.548348e-03
 9.02707908e-01 8.528964e+00 2.2204276e+34 5.0777740e+14 -2.995541e-01 2.933728e-01 1.476810e-02 5.252222e-03
 9.33007990e-01 8.658721e+00 2.0396121e+34 4.9308218e+14 -2.957158e-01 2.852614e-01 1.435558e-02 4.961921e-03
 9.61919685e-01 8.782555e+00 1.8718375e+34 4.7870868e+14 -2.920388e-01 2.772977e-01 1.394842e-02 4.677607e-03
 9.89434723e-01 8.900658e+00 1.7164168e+34 4.6466050e+14 -2.885216e-01 2.694860e-01 1.354703e-02 4.399564e-03
 1.01555631e+00 9.013224e+00 1.5726575e+34 4.5093807e+14 -2.851621e-01 2.618288e-01 1.315136e-02 4.128222e-03
 1.04029757e+00 9.120448e+00 1.4398707e+34 4.3754023e+14 -2.819573e-01 2.543277e-01 1.276129e-02 3.864016e-03
 1.06368015e+00 9.222527e+00 1.3173781e+34 4.2446464e+14 -2.789039e-01 2.469838e-01 1.237671e-02 3.607359e-03
 1.08573285e+00 9.319652e+00 1.2045182e+34 4.1170900e+14 -2.759981e-01 2.397978e-01 1.199770e-02 3.358308e-03
 1.10649042e+00 9.412016e+00 1.1006504e+34 3.9927140e+14 -2.732355e-01 2.327712e-01 1.162460e-02 3.116579e-03
 1.12599248e+00 9.499806e+00 1.0051584e+34 3.8714913e+14 -2.706118e-01 2.259044e-01 1.125774e-02 2.882036e-03
 1.14428246e+00 9.583207e+00 9.1745246e+33 3.7533874e+14 -2.681221e-01 2.191978e-01 1.089739e-02 2.654707e-03
 1.16140672e+00 9.662400e+00 8.3697129e+33 3.6383320e+14 -2.657617e-01 2.126490e-01 1.054362e-02 2.434747e-03
 1.17741375e+00 9.737563e+00 7.6318282e+33 3.5261722e+14 -2.635255e-01 2.062508e-01 1.019596e-02 2.222390e-03
 1.19235341e+00 9.808872e+00 6.9558471e+33 3.4167481e+14 -2.614086e-01 1.999950e-01 9.853867e-03 2.017993e-03
 1.20627642e+00 9.876500e+00 6.3370419e+33 3.3099077e+14 -2.594056e-01 1.938740e-01 9.516899e-03 1.822015e-03
 1.21923378e+00 9.940616e+00 5.7709764e+33 3.2055104e+14 -2.575116e-01 1.878809e-01 9.184657e-03 1.634963e-03
 1.23127636e+00 1.000139e+01 5.2534982e+33 3.1035479e+14 -2.557213e-01 1.820164e-01 8.857400e-03 1.456474e-03
 1.24245454e+00 1.005897e+01 4.7807291e+33 3.0041836e+14 -2.540299e-01 1.762912e-01 8.536210e-03 1.285405e-03
 1.24405979e+00 1.006734e+01 4.7134431e+33 2.9895129e+14 -2.537844e-01 1.754451e-01 8.488620e-03 1.260354e-03
 1.24564687e+00 1.007564e+01 4.6470695e+33 2.9749046e+14 -2.535410e-01 1.746023e-01 8.441193e-03 1.235461e-03
 1.24721595e+00 1.008388e+01 4.5815968e+33 2.9603592e+14 -2.532997e-01 1.737631e-01 8.393931e-03 1.210729e-03
 1.24876719e+00 1.009205e+01 4.5170136e+33 2.9458772e+14 -2.530605e-01 1.729272e-01 8.346839e-03 1.186158e-03
 1.25030075e+00 1.010015e+01 4.4533086e+33 2.9314589e+14 -2.528233e-01 1.720949e-01 8.299920e-03 1.161749e-03
 1.25181680e+00 1.010819e+01 4.3904705e+33 2.9171049e+14 -2.525882e-01 1.712661e-01 8.253175e-03 1.137506e-03
 1.25331550e+00 1.011616e+01 4.3284882e+33 2.9028155e+14 -2.523551e-01 1.704408e-01 8.206608e-03 1.113430e-03
 1.25479700e+00 1.012407e+01 4.2673509e+33 2.8885911e+14 -2.521240e-01 1.696191e-01 8.160223e-03 1.089525e-03
 1.25626148e+00 1.013191e+01 4.2070478e+33 2.8744322e+14 -2.518949e-01 1.688010e-01 8.114020e-03 1.065793e-03
 1.25770909e+00 1.013969e+01 4.1475680e+33 2.8603391e+14 -2.516677e-01 1.679865e-01 8.068004e-03 1.042237e-03
 1.25913998e+00 1.014740e+01 4.0889011e+33 2.8463121e+14 -2.514426e-01 1.671757e-01 8.022177e-03 1.018861e-03
 1.26055432e+00 1.015505e+01 4.0310365e+33 2.8323517e+14 -2.512194e-01 1.663686e-01 7.976542e-03 9.956694e-04
 1.26195227e+00 1.016264e+01 3.9739640e+33 2.8184582e+14 -2.509981e-01 1.655651e-01 7.931100e-03 9.726657e-04
 1.26333398e+00 1.017017e+01 3.9176733e+33 2.8046319e+14 -2.507788e-01 1.647654e-01 7.885855e-03 9.498543e-04
 1.26469960e+00 1.017763e+01 3.8621543e+33 2.7908732e+14 -2.505613e-01 1.639694e-01 7.840809e-03 9.272397e-04
 1.26604929e+00 1.018503e+01 3.8073971e+33 2.7771823e+14 -2.503458e-01 1.631772e-01 7.795963e-03 9.048266e-04
 1.26738321e+00 1.019237e+01 3.7533917e+33 2.7635596e+14 -2.501322e-01 1.623888e-01 7.751321e-03 8.826199e-04
 1.26870150e+00 1.019965e+01 3.7001283e+33 2.7500054e+14 -2.499204e-01 1.616042e-01 7.706885e-03 8.606244e-04
 1.27000433e+00 1.020687e+01 3.6475974e+33 2.7365200e+14 -2.497104e-01 1.608235e-01 7.662656e-03 8.388453e-04
 1.27129183e+00 1.021404e+01 3.5957894e+33 2.7231037e+14 -2.495023e-01 1.600465e-01 7.618637e-03 8.172878e-04
 1.27256417e+00 1.022114e+01 3.5446949e+33 2.7097562e+14 -2.492961e-01 1.592735e-01 7.574828e-03 7.959541e-04
 1.27382149e+00 1.022818e+01 3.4943046e+33 2.6964752e+14 -2.490916e-01 1.585041e-01 7.531218e-03 7.748320e-04
 1.27506394e+00 1.023516e+01 3.4446092e+33 2.6832578e+14 -2.488890e-01 1.577383e-01 7.487793e-03 7.539072e-04
 1.27629167e+00 1.024209e+01 3.3955997e+33 2.6701011e+14 -2.486881e-01 1.569758e-01 7.444540e-03 7.331673e-04
 1.27750483e+00 1.024895e+01 3.3472671e+33 2.6570022e+14 -2.484890e-01 1.562166e-01 7.401447e-03 7.126026e-04
 1.27870355e+00 1.025576e+01 3.2996025e+33 2.6439583e+14 -2.482917e-01 1.554604e-01 7.358499e-03 6.922051e-04
 1.27988799e+00 1.026252e+01 3.2525972e+33 2.6309667e+14 -2.480961e-01 1.547071e-01 7.315685e-03 6.719693e-04
 1.28105829e+00 1.026921e+01 3.2062425e+33 2.6180246e+14 -2.479022e-01 1.539565e-01 7.272993e-03 6.518915e-04
 1.28221459e+00 1.027585e+01 3.1605298e+33 2.6051293e+14 -2.477101e-01 1.532085e-01 7.230411e-03 6.319700e-04
 1.28335704e+00 1.028244e+01 3.1154507e+33 2.5922782e+14 -2.475196e-01 1.524629e-01 7.187926e-03 6.122048e-04
 1.28448577e+00 1.028897e+01 3.0709968e+33 2.5794688e+14 -2.473308e-01 1.517196e-01 7.145527e-03 5.925980e-04
 1.28560092e+00 1.029545e+01 3.0271600e+33 2.5666984e+14 -2.471437e-01 1.509784e-01 7.103203e-03 5.731530e-04
 1.28670264e+00 1.030187e+01 2.9839320e+33 2.5539647e+14 -2.469583e-01 1.502392e-01 7.060944e-03 5.538751e-04
 1.28779106e+00 1.030823e+01 2.9413048e+33 2.5412650e+14 -2.467745e-01 1.495018e-01 7.018738e-03 5.347709e-04
 1.28886632e+00 1.031455e+01 2.8992705e+33 2.5285971e+14 -2.465924e-01 1.487661e-01 6.976575e-03 5.158485e-04
 1.28992855e+00 1.032081e+01 2.8578211e+33 2.5159585e+14 -2.464118e-01 1.480320e-01 6.934445e-03 4.971173e-04
 1.29097790e+00 1.032702e+01 2.8169490e+33 2.5033469e+14 -2.462328e-01 1.472993e-01 6.892337e-03 4.785877e-04
 1.29201449e+00 1.033318e+01 2.7766465e+33 2.4907601e+14 -2.460555e-01 1.465679e-01 6.850243e-03 4.602712e-04
 1.29303845e+00 1.033928e+01 2.7369060e+33 2.4781957e+14 -2.458797e-01 1.458376e-01 6.808153e-03 4.421804e-04
 1.29404993e+00 1.034534e+01 2.6977200e+33 2.4656517e+14 -2.457054e-01 1.451084e-01 6.766057e-03 4.243284e-04
 1.29504905e+00 1.035134e+01 2.6590812e+33 2.4531258e+14 -2.455327e-01 1.443801e-01 6.723947e-03 4.067292e-04
 1.29603594e+00 1.035729e+01 2.6209822e+33 2.4406159e+14 -2.453615e-01 1.436526e-01 6.681814e-03 3.893972e-04
 1.29701073e+00 1.036320e+01 2.5834159e+33 2.4281200e+14 -2.451918e-01 1.429258e-01 6.639650e-03 3.723472e-04
 1.29797355e+00 1.036906e+01 2.5463752e+33 2.4156360e+14 -2.450237e-01 1.421995e-01 6.597447e-03 3.555941e-04
 1.29892453e+00 1.037486e+01 2.5098529e+33 2.4031620e+14 -2.448569e-01 1.414736e-01 6.555197e-03 3.391532e-04
 1.29986379e+00 1.038062e+01 2.4738422e+33 2.3906960e+14 -2.446917e-01 1.407481e-01 6.512892e-03 3.230395e-04
 1.30079147e+00 1.038633e+01 2.4383363e+33 2.3782362e+14 -2.445279e-01 1.400228e-01 6.470525e-03 3.072678e-04
 1.30170768e+00 1.039200e+01 2.4033283e+33 2.3657806e+14 -2.443655e-01 1.392976e-01 6.428090e-03 2.918526e-04
 1.30261255e+00 1.039761e+01 2.3688116e+33 2.3533275e+14 -2.442046e-01 1.385724e-01 6.385578e-03 2.768081e-04
 1.30350619e+00 1.040318e+01 2.3347795e+33 2.3408750e+14 -2.440450e-01 1.378471e-01 6.342985e-03 2.621477e-04
 1.30438875e+00 1.040871e+01 2.3012256e+33 2.3284216e+14 -2.438869e-01 1.371216e-01 6.300302e-03 2.478841e-04
 1.30526033e+00 1.041419e+01 2.2681434e+33 2.3159655e+14 -2.437301e-01 1.363958e-01 6.257526e-03 2.340292e-04
 1.30612105e+00 1.041963e+01 2.2355265e+33 2.3035051e+14 -2.435746e-01 1.356696e-01 6.214650e-03 2.205939e-04
 1.30697104e+00 1.042502e+01 2.2033688e+33 2.2910387e+14 -2.434205e-01 1.349430e-01 6.171668e-03 2.075879e-04
 1.30781040e+00 1.043036e+01 2.1716639e+33 2.2785649e+14 -2.432678e-01 1.342157e-01 6.128576e-03 1.950201e-04
 1.30863927e+00 1.043567e+01 2.1404057e+33 2.2660821e+14 -2.431163e-01 1.334878e-01 6.085369e-03 1.828979e-04
 1.30945776e+00 1.044093e+01 2.1095883e+33 2.2535890e+14 -2.429661e-01 1.327592e-01 6.042042e-03 1.712273e-04
 1.31026597e+00 1.044615e+01 2.0792056e+33 2.2410840e+14 -2.428173e-01 1.320298e-01 5.998591e-03 1.600132e-04
 1.31106403e+00 1.045132e+01 2.0492517e+33 2.2285658e+14 -2.426697e-01 1.312994e-01 5.955012e-03 1.492589e-04
 1.31185205e+00 1.045646e+01 2.0197209e+33 2.2160331e+14 -2.425233e-01 1.305681e-01 5.911302e-03 1.389662e-04
 1.31263015e+00 1.046155e+01 1.9906073e+33 2.2034848e+14 -2.423782e-01 1.298357e-01 5.867457e-03 1.291356e-04
 1.31339842e+00 1.046661e+01 1.9619054e+33 2.1909466e+14 -2.422343e-01 1.291038e-01 5.823579e-03 1.197536e-04
 1.31415699e+00 1.047162e+01 1.9336094e+33 2.1784988e+14 -2.420916e-01 1.283771e-01 5.779983e-03 1.107851e-04
 1.31490597e+00 1.047660e+01 1.9057139e+33 2.1662253e+14 -2.419501e-01 1.276606e-01 5.736995e-03 1.021901e-04
 1.31564547e+00 1.048153e+01 1.8782131e+33 2.1541619e+14 -2.418098e-01 1.269563e-01 5.694756e-03 9.366871e-05
 1.31637559e+00 1.048643e+01 1.8511018e+33 2.1422944e+14 -2.416707e-01 1.262635e-01 5.653217e-03 8.476540e-05
 1.31709645e+00 1.049128e+01 1.8243744e+33 2.1306061e+14 -2.415328e-01 1.255812e-01 5.612320e-03 7.529980e-05
 1.31780816e+00 1.049609e+01 1.7980258e+33 2.1190745e+14 -2.413962e-01 1.249081e-01 5.571968e-03 6.614574e-05
 1.31851082e+00 1.050087e+01 1.7720505e+33 2.1076727e+14 -2.412607e-01 1.242424e-01 5.532037e-03 5.844183e-05
 1.31920454e+00 1.050560e+01 1.7464436e+33 2.0963800e+14 -2.411264e-01 1.235831e-01 5.492434e-03 5.262057e-05
 1.31988941e+00 1.051030e+01 1.7211999e+33 2.0852471e+14 -2.409933e-01 1.229332e-01 5.453389e-03 4.633158e-05
 1.32056555e+00 1.051495e+01 1.6963143e+33 2.0743733e+14 -2.408614e-01 1.222984e-01 5.415357e-03 3.683661e-05
 1.32123305e+00 1.051957e+01 1.6717820e+33 2.0638467e+14 -2.407306e-01 1.216841e-01 5.378735e-03 2.452740e-05
 1.32189203e+00 1.052415e+01 1.6475978e+33 2.0535271e+14 -2.406011e-01 1.210820e-01 5.342889e-03 1.418581e-05
 1.32254257e+00 1.052868e+01 1.6237570e+33 2.0430620e+14 -2.404727e-01 1.204710e-01 5.306234e-03 8.224752e-06
 1.32318478e+00 1.053318e+01 1.6002550e+33 2.0320996e+14 -2.403455e-01 1.198304e-01 5.267198e-03 5.538006e-06
 1.32381873e+00 1.053764e+01 1.5770874e+33 2.0205349e+14 -2.402194e-01 1.191539e-01 5.225325e-03 4.664166e-06
 1.32444453e+00 1.054207e+01 1.5542497e+33 2.0087184e+14 -2.400943e-01 1.184623e-01 5.182196e-03 4.606522e-06
 1.32506226e+00 1.054646e+01 1.5317373e+33 1.9970407e+14 -2.399703e-01 1.177788e-01 5.139555e-03 4.922999e-06
 1.32567202e+00 1.055081e+01 1.5095457e+33 1.9857073e+14 -2.398474e-01 1.171156e-01 5.098314e-03 5.151579e-06
 1.32627392e+00 1.055513e+01 1.4876704e+33 1.9746431e+14 -2.397255e-01 1.164682e-01 5.058135e-03 4.631667e-06
 1.32686804e+00 1.055942e+01 1.4661069e+33 1.9637503e+14 -2.396047e-01 1.158309e-01 5.018584e-03 3.137247e-06
 1.32745448e+00 1.056367e+01 1.4448508e+33 1.9529691e+14 -2.394849e-01 1.152001e-01 4.979402e-03 1.760361e-06
 1.32803333e+00 1.056788e+01 1.4238979e+33 1.9423070e+14 -2.393662e-01 1.145762e-01 4.940630e-03 1.370744e-06
 1.32860468e+00 1.057206e+01 1.4032440e+33 1.9317787e+14 -2.392485e-01 1.139601e-01 4.902343e-03 2.599129e-06
 1.32916862e+00 1.057620e+01 1.3828849e+33 1.9213991e+14 -2.391318e-01 1.133528e-01 4.864607e-03 1.257370e-05
 1.32972524e+00 1.058031e+01 1.3628164e+33 1.9111859e+14 -2.390162e-01 1.127551e-01 4.827482e-03 2.966374e-05
 1.33027463e+00 1.058438e+01 1.3430346e+33 1.9011570e+14 -2.389017e-01 1.121683e-01 4.791021e-03 4.587039e-06
 1.33081687e+00 1.058842e+01 1.3235352e+33 1.8913234e+14 -2.387882e-01 1.115930e-01 4.755257e-03 7.974187e-09
 1.33135205e+00 1.059243e+01 1.3043145e+33 1.8816318e+14 -2.386757e-01 1.110259e-01 4.720004e-03 3.136425e-13
 1.33188026e+00 1.059639e+01 1.2853685e+33 1.8719928e+14 -2.385642e-01 1.104619e-01 4.684961e-03 2.321788e-18
 1.33240158e+00 1.060033e+01 1.2666934e+33 1.8623183e+14 -2.384538e-01 1.098957e-01 4.649836e-03 2.738641e-23
 1.33291608e+00 1.060423e+01 1.2482855e+33 1.8525486e+14 -2.383443e-01 1.093238e-01 4.614428e-03 2.332176e-27
 1.33342386e+00 1.060810e+01 1.2301410e+33 1.8426857e+14 -2.382359e-01 1.087463e-01 4.578749e-03 1.498981e-30
 1.33392498e+00 1.061193e+01 1.2122563e+33 1.8327406e+14 -2.381284e-01 1.081639e-01 4.542839e-03 6.165226e-33
 1.33441954e+00 1.061573e+01 1.1946279e+33 1.8227242e+14 -2.380218e-01 1.075772e-01 4.506735e-03 1.375376e-34
 1.33490760e+00 1.061950e+01 1.1772521e+33 1.8126469e+14 -2.379162e-01 1.069869e-01 4.470476e-03 1.410295e-35
 1.33538925e+00 1.062324e+01 1.1601254e+33 1.8025192e+14 -2.378116e-01 1.063934e-01 4.434098e-03 5.631315e-36
 1.33586456e+00 1.062695e+01 1.1432445e+33 1.7923512e+14 -2.377078e-01 1.057975e-01 4.397637e-03 7.416804e-36
 1.33633361e+00 1.063062e+01 1.1266058e+33 1.7821531e+14 -2.376050e-01 1.051998e-01 4.361127e-03 2.728541e-35
 1.33679648e+00 1.063427e+01 1.1102059e+33 1.7719346e+14 -2.375030e-01 1.046007e-01 4.324603e-03 2.373868e-34
 1.33725323e+00 1.063789e+01 1.0940417e+33 1.7617054e+14 -2.374019e-01 1.040010e-01 4.288097e-03 4.134367e-33
 1.33770396e+00 1.064147e+01 1.0781096e+33 1.7514749e+14 -2.373017e-01 1.034011e-01 4.251642e-03 1.219866e-31
 1.33814872e+00 1.064503e+01 1.0624065e+33 1.7412524e+14 -2.372023e-01 1.028015e-01 4.215269e-03 5.159437e-30
 1.33858759e+00 1.064856e+01 1.0469292e+33 1.7310469e+14 -2.371038e-01 1.022029e-01 4.179007e-03 2.646247e-28
 1.33902065e+00 1.065206e+01 1.0316745e+33 1.7208673e+14 -2.370061e-01 1.016058e-01 4.142885e-03 1.392075e-26
 1.33944797e+00 1.065554e+01 1.0166393e+33 1.7107223e+14 -2.369092e-01 1.010106e-01 4.106933e-03 6.351589e-25
 1.33986962e+00 1.065898e+01 1.0018204e+33 1.7006202e+14 -2.368132e-01 1.004178e-01 4.071177e-03 2.125159e-23
 1.34028566e+00 1.066240e+01 9.8721486e+32 1.6905695e+14 -2.367180e-01 9.982802e-02 4.035643e-03 4.411603e-22
 1.34069617e+00 1.066579e+01 9.7281963e+32 1.6805746e+14 -2.366236e-01 9.924145e-02 4.000346e-03 5.171467e-21
 1.34110122e+00 1.066915e+01 9.5863176e+32 1.6706342e+14 -2.365300e-01 9.865802e-02 3.965280e-03 3.536476e-20
 1.34150087e+00 1.067249e+01 9.4464831e+32 1.6607462e+14 -2.364371e-01 9.807762e-02 3.930436e-03 1.476025e-19
 1.34189520e+00 1.067579e+01 9.3086640e+32 1.6509088e+14 -2.363451e-01 9.750013e-02 3.895807e-03 3.933973e-19
 1.34228426e+00 1.067907e+01 9.1728316e+32 1.6411199e+14 -2.362539e-01 9.692545e-02 3.861386e-03 7.005759e-19
 1.34266813e+00 1.068233e+01 9.0389581e+32 1.6313778e+14 -2.361634e-01 9.635347e-02 3.827166e-03 8.722850e-19
 1.34304687e+00 1.068556e+01 8.9070156e+32 1.6216807e+14 -2.360737e-01 9.578409e-02 3.793140e-03 7.946139e-19
 1.34342055e+00 1.068876e+01 8.7769769e+32 1.6120266e+14 -2.359847e-01 9.521720e-02 3.759301e-03 5.542235e-19
 1.34378922e+00 1.069194e+01 8.6488150e+32 1.6024140e+14 -2.358965e-01 9.465271e-02 3.725644e-03 3.097436e-19
 1.34415295e+00 1.069509e+01 8.5225033e+32 1.5928410e+14 -2.358091e-01 9.409052e-02 3.692161e-03 1.451734e-19
 1.34451181e+00 1.069821e+01 8.3980157e+32 1.5833060e+14 -2.357224e-01 9.353053e-02 3.658847e-03 5.972255e-20
 1.34486585e+00 1.070132e+01 8.2753263e+32 1.5738074e+14 -2.356364e-01 9.297265e-02 3.625696e-03 2.257228e-20
 1.34521514e+00 1.070439e+01 8.1544095e+32 1.5643435e+14 -2.355512e-01 9.241679e-02 3.592702e-03 8.204231e-21
 1.34555973e+00 1.070744e+01 8.0352404e+32 1.5549128e+14 -2.354666e-01 9.186286e-02 3.559861e-03 3.001820e-21
 1.34589969e+00 1.071047e+01 7.9177940e+32 1.5455137e+14 -2.353828e-01 9.131076e-02 3.527167e-03 1.157429e-21
 1.34623507e+00 1.071347e+01 7.8020459e+32 1.5361449e+14 -2.352997e-01 9.076043e-02 3.494615e-03 4.923389e-22
 1.34656593e+00 1.071645e+01 7.6879721e+32 1.5268047e+14 -2.352173e-01 9.021176e-02 3.462200e-03 2.418859e-22
 1.34689233e+00 1.071940e+01 7.5755487e+32 1.5174914e+14 -2.351356e-01 8.966466e-02 3.429918e-03 1.432912e-22
 1.34721433e+00 1.072233e+01 7.4647524e+32 1.5081984e+14 -2.350545e-01 8.911875e-02 3.397761e-03 1.025772e-22
 1.34753198e+00 1.072524e+01 7.3555599e+32 1.4989155e+14 -2.349742e-01 8.857340e-02 3.365719e-03 8.627255e-23
 1.34784534e+00 1.072813e+01 7.2479486e+32 1.4896326e+14 -2.348945e-01 8.802804e-02 3.333782e-03 8.281866e-23
 1.34815446e+00 1.073099e+01 7.1418959e+32 1.4803400e+14 -2.348155e-01 8.748208e-02 3.301942e-03 8.815535e-23
 1.34845940e+00 1.073383e+01 7.0373797e+32 1.4710282e+14 -2.347371e-01 8.693497e-02 3.270189e-03 1.010773e-22
 1.34876020e+00 1.073665e+01 6.9343783e+32 1.4616879e+14 -2.346593e-01 8.638615e-02 3.238516e-03 1.212694e-22
 1.34905693e+00 1.073944e+01 6.8328700e+32 1.4523101e+14 -2.345822e-01 8.583509e-02 3.206914e-03 1.478899e-22
 1.34934963e+00 1.074221e+01 6.7328338e+32 1.4428860e+14 -2.345057e-01 8.528127e-02 3.175376e-03 1.780747e-22
 1.34963836e+00 1.074497e+01 6.6342486e+32 1.4334082e+14 -2.344298e-01 8.472425e-02 3.143896e-03 2.057989e-22
 1.34992317e+00 1.074770e+01 6.5370939e+32 1.4238945e+14 -2.343546e-01 8.416508e-02 3.112488e-03 2.258653e-22
 1.35020410e+00 1.075041e+01 6.4413492e+32 1.4143876e+14 -2.342799e-01 8.360622e-02 3.081186e-03 2.371482e-22
 1.35048121e+00 1.075310e+01 6.3469945e+32 1.4049300e+14 -2.342058e-01 8.305016e-02 3.050024e-03 2.401616e-22
 1.35075455e+00 1.075577e+01 6.2540099e+32 1.3955632e+14 -2.341323e-01 8.249934e-02 3.019036e-03 2.365121e-22
 1.35102416e+00 1.075843e+01 6.1623755e+32 1.3863278e+14 -2.340593e-01 8.195610e-02 2.988251e-03 2.283625e-22
 1.35129010e+00 1.076106e+01 6.0720721e+32 1.3772631e+14 -2.339870e-01 8.142274e-02 2.957701e-03 2.179596e-22
 1.35155242e+00 1.076367e+01 5.9830804e+32 1.3684076e+14 -2.339152e-01 8.090151e-02 2.927414e-03 2.073329e-22
 1.35181115e+00 1.076626e+01 5.8953814e+32 1.3597986e+14 -2.338440e-01 8.039459e-02 2.897418e-03 1.981825e-22
 1.35206636e+00 1.076883e+01 5.8089565e+32 1.3514721e+14 -2.337734e-01 7.990408e-02 2.867739e-03 1.919225e-22
 1.35231808e+00 1.077138e+01 5.7237871e+32 1.3433588e+14 -2.337034e-01 7.942597e-02 2.838329e-03 1.891247e-22
 1.35256636e+00 1.077391e+01 5.6398552e+32 1.3351573e+14 -2.336340e-01 7.894278e-02 2.808980e-03 1.888431e-22
 1.35281125e+00 1.077641e+01 5.5571434e+32 1.3265418e+14 -2.335652e-01 7.843565e-02 2.779474e-03 1.900394e-22
 1.35305278e+00 1.077890e+01 5.4756347e+32 1.3171951e+14 -2.334969e-01 7.788617e-02 2.749598e-03 1.917054e-22
 1.35329101e+00 1.078138e+01 5.3953128e+32 1.3068101e+14 -2.334291e-01 7.727654e-02 2.719151e-03 1.928097e-22
 1.35352591e+00 1.078386e+01 5.3161729e+32 1.2767199e+14 -2.333610e-01 7.550267e-02 2.667973e-03 1.928750e-22
 1.35375757e+00 1.078634e+01 5.2381934e+32 1.2648062e+14 -2.332930e-01 7.480332e-02 2.636850e-03 1.928750e-22
 1.35398604e+00 1.078881e+01 5.1613513e+32 1.2535937e+14 -2.332255e-01 7.414234e-02 2.606415e-03 1.928750e-22
 1.35421137e+00 1.079126e+01 5.0856298e+32 1.2428143e+14 -2.331583e-01 7.350559e-02 2.576575e-03 1.928750e-22
 1.35443361e+00 1.079370e+01 5.0110125e+32 1.2321448e+14 -2.330915e-01 7.287571e-02 2.547185e-03 1.928750e-22
 1.35465280e+00 1.079613e+01 4.9374834e+32 1.2214378e+14 -2.330251e-01 7.224472e-02 2.518183e-03 1.928750e-22
 1.35486896e+00 1.079854e+01 4.8650270e+32 1.2107260e+14 -2.329591e-01 7.161423e-02 2.489586e-03 1.928750e-22
 1.35508216e+00 1.080094e+01 4.7936278e+32 1.2000499e+14 -2.328935e-01 7.098624e-02 2.461415e-03 1.928750e-22
 1.35529242e+00 1.080333e+01 4.7232705e+32 1.1894482e+14 -2.328282e-01 7.036272e-02 2.433688e-03 1.928750e-22
 1.35549978e+00 1.080570e+01 4.6539401e+32 1.1789561e+14 -2.327634e-01 6.974540e-02 2.406421e-03 1.928750e-22
 1.35570429e+00 1.080807e+01 4.5856216e+32 1.1685778e+14 -2.326989e-01 6.913450e-02 2.379592e-03 1.928750e-22
 1.35590597e+00 1.081041e+01 4.5183004e+32 1.1582988e+14 -2.326348e-01 6.852923e-02 2.353159e-03 1.928750e-22
 1.35610488e+00 1.081275e+01 4.4519621e+32 1.1481043e+14 -2.325711e-01 6.792884e-02 2.327081e-03 1.928750e-22
 1.35630105e+00 1.081507e+01 4.3865923e+32 1.1379802e+14 -2.325077e-01 6.733261e-02 2.301319e-03 1.928750e-22
 1.35649451e+00 1.081738e+01 4.3221772e+32 1.1279138e+14 -2.324447e-01 6.673986e-02 2.275839e-03 1.928750e-22
 1.35668530e+00 1.081968e+01 4.2587028e+32 1.1179025e+14 -2.323821e-01 6.615040e-02 2.250641e-03 1.928750e-22
 1.35687346e+00 1.082196e+01 4.1961557e+32 1.1079490e+14 -2.323198e-01 6.556432e-02 2.225747e-03 1.928750e-22
 1.35705902e+00 1.082424e+01 4.1345222e+32 1.0980558e+14 -2.322579e-01 6.498168e-02 2.201177e-03 1.928750e-22
 1.35724201e+00 1.082650e+01 4.0737893e+32 1.0882256e+14 -2.321964e-01 6.440255e-02 2.176950e-03 1.928750e-22
 1.35742248e+00 1.082875e+01 4.0139439e+32 1.0784607e+14 -2.321351e-01 6.382700e-02 2.153082e-03 1.928750e-22
 1.35760045e+00 1.083098e+01 3.9549732e+32 1.0687606e+14 -2.320743e-01 6.325502e-02 2.129571e-03 1.928750e-22
 1.35777596e+00 1.083321e+01 3.8968643e+32 1.0591231e+14 -2.320138e-01 6.268653e-02 2.106400e-03 1.928750e-22
 1.35794905e+00 1.083542e+01 3.8396050e+32 1.0495460e+14 -2.319536e-01 6.212149e-02 2.083553e-03 1.928750e-22
 1.35811973e+00 1.083763e+01 3.7831827e+32 1.0400269e+14 -2.318937e-01 6.155982e-02 2.061015e-03 1.928750e-22
 1.35828806e+00 1.083982e+01 3.7275855e+32 1.0305640e+14 -2.318342e-01 6.100147e-02 2.038771e-03 1.928750e-22
 1.35845405e+00 1.084199e+01 3.6728014e+32 1.0211550e+14 -2.317750e-01 6.044639e-02 2.016805e-03 1.928750e-22
 1.35861775e+00 1.084416e+01 3.6188185e+32 1.0117982e+14 -2.317162e-01 5.989452e-02 1.995105e-03 1.928750e-22
 1.35877917e+00 1.084632e+01 3.5656252e+32 1.0024931e+14 -2.316577e-01 5.934583e-02 1.973662e-03 1.928750e-22
 1.35909534e+00 1.085060e+01 3.4615620e+32 9.8404021e+13 -2.315415e-01 5.825797e-02 1.931527e-03 1.928750e-22
 1.36055012e+00 1.087138e+01 2.9848889e+32 8.9503353e+13 -2.309791e-01 5.300766e-02 1.735063e-03 1.928750e-22
 1.36181469e+00 1.089119e+01 2.5736186e+32 8.1142445e+13 -2.304447e-01 4.807340e-02 1.561531e-03 1.928750e-22
 1.36291347e+00 1.091015e+01 2.2188321e+32 7.3328050e+13 -2.299352e-01 4.345820e-02 1.406491e-03 1.928750e-22
 1.36386785e+00 1.092833e+01 1.9128138e+32 6.6067229e+13 -2.294482e-01 3.916898e-02 1.268589e-03 1.928750e-22
 1.36469654e+00 1.094582e+01 1.6488919e+32 5.9371842e+13 -2.289813e-01 3.521078e-02 1.144978e-03 1.928750e-22
 1.36541588e+00 1.096268e+01 1.4212993e+32 5.3243382e+13 -2.285327e-01 3.158637e-02 1.035109e-03 1.928750e-22
 1.36604012e+00 1.097896e+01 1.2250531e+32 4.7666088e+13 -2.281009e-01 2.828749e-02 9.364831e-04 1.928750e-22
 1.36658171e+00 1.099470e+01 1.0558494e+32 4.2624058e+13 -2.276848e-01 2.530349e-02 8.482037e-04 1.928750e-22
 1.36705148e+00 1.100993e+01 9.0997201e+31 3.8088155e+13 -2.272834e-01 2.261680e-02 7.694683e-04 1.928750e-22
 1.36745887e+00 1.102468e+01 7.8421301e+31 3.4021783e+13 -2.268961e-01 2.020748e-02 6.989877e-04 1.928750e-22
 1.36781208e+00 1.103895e+01 6.7580403e+31 3.0385640e+13 -2.265222e-01 1.805318e-02 6.357181e-04 1.928750e-22
 1.36811826e+00 1.105277e+01 5.8235638e+31 2.7140770e+13 -2.261613e-01 1.613016e-02 5.791008e-04 1.928750e-22
 1.36838361e+00 1.106615e+01 5.0180929e+31 2.4249034e+13 -2.258131e-01 1.441557e-02 5.285185e-04 1.928750e-22
 1.36861353e+00 1.107908e+01 4.3238514e+31 2.1672869e+13 -2.254772e-01 1.288735e-02 4.832418e-04 1.928750e-22
 1.36881271e+00 1.109159e+01 3.7255072e+31 1.9378082e+13 -2.251533e-01 1.152547e-02 4.426259e-04 1.928750e-22
 1.36898522e+00 1.110368e+01 3.2098372e+31 1.7333021e+13 -2.248412e-01 1.031141e-02 4.061572e-04 1.928750e-22
 1.36913461e+00 1.111535e+01 2.7654381e+31 1.5509197e+13 -2.245404e-01 9.228479e-03 3.734014e-04 1.928750e-22
 1.36926395e+00 1.112663e+01 2.3824764e+31 1.3881454e+13 -2.242508e-01 8.261755e-03 3.439470e-04 1.928750e-22
 1.36937591e+00 1.113750e+01 2.0524729e+31 1.2427633e+13 -2.239720e-01 7.398038e-03 3.174187e-04 1.928750e-22
 1.36947280e+00 1.114800e+01 1.7681165e+31 1.1128024e+13 -2.237037e-01 6.625645e-03 2.934949e-04 1.928750e-22
 1.36955664e+00 1.115812e+01 1.5231034e+31 9.9647705e+12 -2.234455e-01 5.934088e-03 2.719102e-04 1.928750e-22
 1.36962917e+00 1.116788e+01 1.3119989e+31 8.9222593e+12 -2.231970e-01 5.314189e-03 2.524259e-04 1.928750e-22
 1.36969191e+00 1.117730e+01 1.1301179e+31 7.9868181e+12 -2.229579e-01 4.757859e-03 2.347807e-04 1.928750e-22
 1.36974616e+00 1.118638e+01 9.7342108e+30 7.1464975e+12 -2.227277e-01 4.258006e-03 2.187223e-04 1.928750e-22
 1.36979307e+00 1.119514e+01 8.3842674e+30 6.3906644e+12 -2.225060e-01 3.808314e-03 2.040774e-04 1.928750e-22
 1.36983362e+00 1.120361e+01 7.2213355e+30 5.7098705e+12 -2.222923e-01 3.403168e-03 1.907376e-04 1.928750e-22
 1.36986868e+00 1.121179e+01 6.2195458e+30 5.0958799e+12 -2.220861e-01 3.037684e-03 1.785894e-04 1.928750e-22
 1.36989897e+00 1.121970e+01 5.3566011e+30 4.5412901e+12 -2.218870e-01 2.707487e-03 1.674747e-04 1.928750e-22
 1.36992515e+00 1.122738e+01 4.6132847e+30 4.0396434e+12 -2.216944e-01 2.408763e-03 1.572510e-04 1.928750e-22
 1.36994777e+00 1.123483e+01 3.9730351e+30 3.5849997e+12 -2.215076e-01 2.137990e-03 1.478243e-04 1.928750e-22
 1.36996731e+00 1.124208e+01 3.4215802e+30 3.1722791e+12 -2.213261e-01 1.892149e-03 1.391195e-04 1.928750e-22
 1.36998419e+00 1.124916e+01 2.9466211e+30 2.7969075e+12 -2.211491e-01 1.668518e-03 1.310502e-04 1.928750e-22
 1.36999877e+00 1.125611e+01 2.5375602e+30 2.4548510e+12 -2.209758e-01 1.464691e-03 1.235254e-04 1.928750e-22
 1.37001136e+00 1.126295e+01 2.1852661e+30 2.1421730e+12 -2.208054e-01 1.278333e-03 1.164542e-04 1.928750e-22
 1.37002224e+00 1.126974e+01 1.8818717e+30 1.8556598e+12 -2.206365e-01 1.107536e-03 1.097613e-04 1.928750e-22
 1.37003163e+00 1.127653e+01 1.6205990e+30 1.5925219e+12 -2.204679e-01 9.506218e-04 1.034144e-04 1.928750e-22
 1.37003973e+00 1.128340e+01 1.3956092e+30 1.3495032e+12 -2.202977e-01 8.056815e-04 9.733550e-05 1.928750e-22
 1.37004673e+00 1.129044e+01 1.2018736e+30 1.1242857e+12 -2.201233e-01 6.713684e-04 9.141708e-05 1.928750e-22
 1.37005278e+00 1.129781e+01 1.0350617e+30 9.1516769e+11 -2.199411e-01 5.466135e-04 8.553807e-05 1.928750e-22
 1.37005800e+00 1.130575e+01 8.9144614e+29 7.2050892e+11 -2.197454e-01 4.304769e-04 7.957650e-05 1.928750e-22
 1.37006251e+00 1.131464e+01 7.6782168e+29 5.4169492e+11 -2.195265e-01 3.237694e-04 7.335394e-05 1.928750e-22
 1.37006640e+00 1.132508e+01 6.6143209e+29 3.9062932e+11 -2.192698e-01 2.336019e-04 6.660366e-05 1.928750e-22
 1.37006977e+00 1.133694e+01 5.6985446e+29 3.2822457e+11 -2.189793e-01 1.980521e-04 6.357318e-05 1.928750e-22
 1.37007268e+00 1.134854e+01 4.9094493e+29 2.8808726e+11 -2.186957e-01 1.741120e-04 5.685141e-05 1.928750e-22
 1.37007520e+00 1.136005e+01 4.2295824e+29 2.5240709e+11 -2.184151e-01 1.518195e-04 4.907798e-05 1.928750e-22
 1.37007738e+00 1.137121e+01 3.6437503e+29 2.2733121e+11 -2.181435e-01 1.367740e-04 4.462056e-05 1.928750e-22
 1.37007927e+00 1.138199e+01 3.1389504e+29 2.0037535e+11 -2.178821e-01 1.206821e-04 3.992123e-05 1.928750e-22
 1.37008091e+00 1.139272e+01 2.7040699e+29 1.7286149e+11 -2.176225e-01 1.040976e-04 3.479317e-05 1.928750e-22
 1.37008232e+00 1.140341e+01 2.3294305e+29 1.4987836e+11 -2.173643e-01 9.026066e-05 3.048541e-05 1.928750e-22
 1.37008355e+00 1.141405e+01 2.0066846e+29 1.3073792e+11 -2.171081e-01 7.873209e-05 2.684810e-05 1.928750e-22
 1.37008461e+00 1.142448e+01 1.7286219e+29 1.1640124e+11 -2.168576e-01 7.009801e-05 2.409753e-05 1.928750e-22
 1.37008552e+00 1.143453e+01 1.4890400e+29 1.0459816e+11 -2.166165e-01 6.299050e-05 2.181369e-05 1.928750e-22
 1.37008632e+00 1.144420e+01 1.2826197e+29 9.3663879e+10 -2.163852e-01 5.640581e-05 1.967946e-05 1.928750e-22
 1.37008700e+00 1.145355e+01 1.1047821e+29 8.3597075e+10 -2.161621e-01 5.034333e-05 1.769732e-05 1.928750e-22
 1.37008759e+00 1.146259e+01 9.5157614e+28 7.4606521e+10 -2.159467e-01 4.492907e-05 1.591172e-05 1.928750e-22
 1.37008811e+00 1.147132e+01 8.1959351e+28 6.6798655e+10 -2.157391e-01 4.022708e-05 1.434813e-05 1.928750e-22
 1.37008855e+00 1.147972e+01 7.0589571e+28 6.0048281e+10 -2.155398e-01 3.616191e-05 1.298559e-05 1.928750e-22
 1.37008893e+00 1.148781e+01 6.0795367e+28 5.3518400e+10 -2.153482e-01 3.222952e-05 1.165662e-05 1.928750e-22
 1.37008926e+00 1.149572e+01 5.2359258e+28 4.6735695e+10 -2.151612e-01 2.814488e-05 1.026381e-05 1.928750e-22
 1.37008955e+00 1.150355e+01 4.5093455e+28 4.0802764e+10 -2.149763e-01 2.457200e-05 9.034183e-06 1.928750e-22
 1.37008980e+00 1.151122e+01 3.8835332e+28 3.6342514e+10 -2.147955e-01 2.188598e-05 8.101635e-06 1.928750e-22
 1.37009001e+00 1.151860e+01 3.3444865e+28 3.2727247e+10 -2.146219e-01 1.970881e-05 7.339999e-06 1.928750e-22
 1.37009019e+00 1.152567e+01 2.8801822e+28 2.9419006e+10 -2.144559e-01 1.771653e-05 6.638219e-06 1.928750e-22
 1.37009035e+00 1.153250e+01 2.4802814e+28 2.6103876e+10 -2.142959e-01 1.572010e-05 5.929676e-06 1.928750e-22
 1.37009049e+00 1.153919e+01 2.1358800e+28 2.2790412e+10 -2.141392e-01 1.372470e-05 5.215665e-06 1.928750e-22
 1.37009061e+00 1.154579e+01 1.8392862e+28 2.0019147e+10 -2.139847e-01 1.205582e-05 4.613570e-06 1.928750e-22
 1.37009071e+00 1.155222e+01 1.5838530e+28 1.7894132e+10 -2.138347e-01 1.077610e-05 4.148339e-06 1.928750e-22
 1.37009080e+00 1.155840e+01 1.3638638e+28 1.6069384e+10 -2.136906e-01 9.677209e-06 3.746104e-06 1.928750e-22
 1.37009088e+00 1.156434e+01 1.1744058e+28 1.4372685e+10 -2.135522e-01 8.655434e-06 3.369671e-06 1.928750e-22
 1.37009094e+00 1.157008e+01 1.0112477e+28 1.2825944e+10 -2.134188e-01 7.723963e-06 3.024223e-06 1.928750e-22
 1.37009100e+00 1.157563e+01 8.7074195e+27 1.1451683e+10 -2.132900e-01 6.896358e-06 2.715249e-06 1.928750e-22
 1.37009105e+00 1.158097e+01 7.4974549e+27 1.0258718e+10 -2.131659e-01 6.177933e-06 2.445339e-06 1.928750e-22
 1.37009109e+00 1.158611e+01 6.4555062e+27 9.2071822e+09 -2.130469e-01 5.544684e-06 2.205970e-06 1.928750e-22
 1.37009136e+00 1.173444e+01 1.0000000e+15 4.9460240e+01 -2.114197e-01 2.978558e-14 1.382992e-14 1.928750e-22
