 658  2.721839e+00
 0.00000000000e+00 0.000000e+00 4.7822922e+35 1.8250000e+15 -8.228327e-01 8.806595e-01 1.104272e-01 8.957099e-02
 3.84356440869e-09 1.000000e-02 4.7822809e+35 1.8250000e+15 -8.228322e-01 8.806586e-01 1.104270e-01 8.957084e-02
 5.17271792344e-09 1.104066e-02 4.7822784e+35 1.8249972e+15 -8.228321e-01 8.806584e-01 1.104270e-01 8.957081e-02
 6.98242307165e-09 1.220181e-02 4.7822754e+35 1.8249965e+15 -8.228319e-01 8.806582e-01 1.104269e-01 8.957077e-02
 9.42525994002e-09 1.348507e-02 4.7822717e+35 1.8249958e+15 -8.228318e-01 8.806579e-01 1.104269e-01 8.957073e-02
 1.27227290322e-08 1.490329e-02 4.7822671e+35 1.8249948e+15 -8.228316e-01 8.806575e-01 1.104268e-01 8.957067e-02
 1.71738207290e-08 1.647067e-02 4.7822616e+35 1.8249937e+15 -8.228313e-01 8.806571e-01 1.104267e-01 8.957060e-02
 2.31821231929e-08 1.820288e-02 4.7822548e+35 1.8249923e+15 -8.228310e-01 8.806566e-01 1.104267e-01 8.957051e-02
 3.12924125185e-08 2.011726e-02 4.7822466e+35 1.8249906e+15 -8.228306e-01 8.806560e-01 1.104265e-01 8.957041e-02
 4.22400414775e-08 2.223296e-02 4.7822365e+35 1.8249885e+15 -8.228301e-01 8.806552e-01 1.104264e-01 8.957028e-02
 5.70176027464e-08 2.457116e-02 4.7822241e+35 1.8249860e+15 -8.228295e-01 8.806542e-01 1.104262e-01 8.957012e-02
 7.69649072626e-08 2.715524e-02 4.7822091e+35 1.8249829e+15 -8.228288e-01 8.806531e-01 1.104260e-01 8.956993e-02
 1.03890429790e-07 3.001107e-02 4.7821907e+35 1.8249791e+15 -8.228279e-01 8.806517e-01 1.104258e-01 8.956969e-02
 1.40235222657e-07 3.316720e-02 4.7821682e+35 1.8249745e+15 -8.228269e-01 8.806499e-01 1.104255e-01 8.956941e-02
 1.89294142159e-07 3.665522e-02 4.7821408e+35 1.8249688e+15 -8.228256e-01 8.806478e-01 1.104251e-01 8.956906e-02
 2.55514416914e-07 4.051000e-02 4.7821072e+35 1.8249619e+15 -8.228240e-01 8.806453e-01 1.104246e-01 8.956863e-02
 3.44898580586e-07 4.477009e-02 4.7820663e+35 1.8249535e+15 -8.228221e-01 8.806421e-01 1.104241e-01 8.956811e-02
 4.65548221874e-07 4.947808e-02 4.7820163e+35 1.8249432e+15 -8.228197e-01 8.806383e-01 1.104234e-01 8.956747e-02
 6.28397719193e-07 5.468104e-02 4.7819552e+35 1.8249306e+15 -8.228168e-01 8.806336e-01 1.104226e-01 8.956669e-02
 8.48204265155e-07 6.043096e-02 4.7818806e+35 1.8249153e+15 -8.228133e-01 8.806278e-01 1.104215e-01 8.956574e-02
 1.14488357799e-06 6.678526e-02 4.7817895e+35 1.8248965e+15 -8.228090e-01 8.806208e-01 1.104203e-01 8.956458e-02
 1.54531179978e-06 7.380742e-02 4.7816783e+35 1.8248736e+15 -8.228038e-01 8.806123e-01 1.104188e-01 8.956316e-02
 2.08575595332e-06 8.156749e-02 4.7815424e+35 1.8248457e+15 -8.227973e-01 8.806018e-01 1.104169e-01 8.956143e-02
 2.81515166582e-06 9.014290e-02 4.7813765e+35 1.8248115e+15 -8.227895e-01 8.805891e-01 1.104146e-01 8.955931e-02
 3.79952260920e-06 9.961909e-02 4.7811739e+35 1.8247698e+15 -8.227799e-01 8.805735e-01 1.104119e-01 8.955673e-02
 5.12793784737e-06 1.100904e-01 4.7809264e+35 1.8247189e+15 -8.227683e-01 8.805544e-01 1.104085e-01 8.955357e-02
 6.92053979261e-06 1.216611e-01 4.7806243e+35 1.8246567e+15 -8.227540e-01 8.805312e-01 1.104044e-01 8.954972e-02
 9.33935839430e-06 1.344459e-01 4.7802554e+35 1.8245808e+15 -8.227366e-01 8.805028e-01 1.103993e-01 8.954502e-02
 1.26028718817e-05 1.485717e-01 4.7798050e+35 1.8244881e+15 -8.227153e-01 8.804682e-01 1.103932e-01 8.953927e-02
 1.70056010530e-05 1.641783e-01 4.7792552e+35 1.8243749e+15 -8.226893e-01 8.804259e-01 1.103856e-01 8.953226e-02
 2.29444591043e-05 1.814196e-01 4.7785840e+35 1.8242367e+15 -8.226576e-01 8.803743e-01 1.103765e-01 8.952370e-02
 3.09541564350e-05 2.004653e-01 4.7777649e+35 1.8240681e+15 -8.226190e-01 8.803113e-01 1.103653e-01 8.951326e-02
 4.17547234282e-05 2.215022e-01 4.7767653e+35 1.8238623e+15 -8.225717e-01 8.802344e-01 1.103516e-01 8.950051e-02
 5.63152189839e-05 2.447353e-01 4.7755458e+35 1.8236112e+15 -8.225141e-01 8.801405e-01 1.103349e-01 8.948495e-02
 7.59390068011e-05 2.703902e-01 4.7740583e+35 1.8233049e+15 -8.224438e-01 8.800260e-01 1.103146e-01 8.946597e-02
 1.02377687243e-04 2.987140e-01 4.7722444e+35 1.8229314e+15 -8.223581e-01 8.798864e-01 1.102897e-01 8.944283e-02
 1.37982965350e-04 3.299772e-01 4.7700335e+35 1.8224760e+15 -8.222536e-01 8.797162e-01 1.102595e-01 8.941462e-02
 1.85908519072e-04 3.644755e-01 4.7673396e+35 1.8219211e+15 -8.221262e-01 8.795087e-01 1.102226e-01 8.938023e-02
 2.50377407966e-04 4.025309e-01 4.7640592e+35 1.8212452e+15 -8.219710e-01 8.792560e-01 1.101777e-01 8.933835e-02
 3.37034809975e-04 4.444930e-01 4.7600671e+35 1.8204225e+15 -8.217820e-01 8.789483e-01 1.101230e-01 8.928736e-02
 4.53410909949e-04 4.907404e-01 4.7552127e+35 1.8194218e+15 -8.215521e-01 8.785740e-01 1.100565e-01 8.922534e-02
 6.09524481582e-04 5.416801e-01 4.7493155e+35 1.8182057e+15 -8.212726e-01 8.781190e-01 1.099757e-01 8.914996e-02
 8.18663775222e-04 5.977481e-01 4.7421597e+35 1.8167293e+15 -8.209332e-01 8.775664e-01 1.098775e-01 8.905843e-02
 1.09838705205e-03 6.594072e-01 4.7334889e+35 1.8149394e+15 -8.205214e-01 8.768963e-01 1.097585e-01 8.894746e-02
 1.47178923306e-03 7.271446e-01 4.7229998e+35 1.8127728e+15 -8.200227e-01 8.760847e-01 1.096143e-01 8.881310e-02
 1.96908160224e-03 8.014668e-01 4.7103368e+35 1.8101551e+15 -8.194196e-01 8.751036e-01 1.094402e-01 8.865072e-02
 2.62952522051e-03 8.828930e-01 4.6950861e+35 1.8069993e+15 -8.186919e-01 8.739201e-01 1.092301e-01 8.845493e-02
 3.50374138893e-03 9.719455e-01 4.6767713e+35 1.8032052e+15 -8.178160e-01 8.724961e-01 1.089775e-01 8.821944e-02
 4.65638881393e-03 1.069137e+00 4.6548512e+35 1.7986578e+15 -8.167647e-01 8.707876e-01 1.086745e-01 8.793710e-02
 6.16914139073e-03 1.174953e+00 4.6287202e+35 1.7932278e+15 -8.155074e-01 8.687452e-01 1.083125e-01 8.759979e-02
 8.14381832640e-03 1.289834e+00 4.5977137e+35 1.7867717e+15 -8.140096e-01 8.663136e-01 1.078818e-01 8.719853e-02
 1.07054093772e-02 1.414153e+00 4.5611192e+35 1.7791339e+15 -8.122335e-01 8.634321e-01 1.073717e-01 8.672350e-02
 1.40046100658e-02 1.548188e+00 4.5181946e+35 1.7701493e+15 -8.101385e-01 8.600359e-01 1.067712e-01 8.616428e-02
 1.82193549119e-02 1.692096e+00 4.4681954e+35 1.7596485e+15 -8.076822e-01 8.560577e-01 1.060684e-01 8.551010e-02
 2.35547454356e-02 1.845894e+00 4.4104087e+35 1.7474641e+15 -8.048213e-01 8.514292e-01 1.052518e-01 8.475025e-02
 3.02407599000e-02 2.009432e+00 4.3441962e+35 1.7334382e+15 -8.015140e-01 8.460848e-01 1.043103e-01 8.387452e-02
 3.85272495547e-02 2.182381e+00 4.2690394e+35 1.7174316e+15 -7.977208e-01 8.399640e-01 1.032338e-01 8.287379e-02
 4.86759984340e-02 2.364235e+00 4.1845868e+35 1.6993329e+15 -7.934078e-01 8.330151e-01 1.020141e-01 8.174055e-02
 6.09500363412e-02 2.554309e+00 4.0906943e+35 1.6790672e+15 -7.885477e-01 8.251983e-01 1.006451e-01 8.046952e-02
 7.56008794718e-02 2.751765e+00 3.9874554e+35 1.6566026e+15 -7.831223e-01 8.164887e-01 9.912374e-02 7.905803e-02
 9.28548171612e-02 2.955640e+00 3.8752168e+35 1.6319547e+15 -7.771231e-01 8.068779e-01 9.744978e-02 7.750635e-02
 1.12899642967e-01 3.164879e+00 3.7545745e+35 1.6051876e+15 -7.705527e-01 7.963750e-01 9.562636e-02 7.581779e-02
 1.35873253710e-01 3.378376e+00 3.6263535e+35 1.5764117e+15 -7.634244e-01 7.850063e-01 9.365976e-02 7.399866e-02
 1.61855296260e-01 3.595016e+00 3.4915712e+35 1.5457787e+15 -7.557614e-01 7.728142e-01 9.155910e-02 7.205793e-02
 1.90862593523e-01 3.813709e+00 3.3513897e+35 1.5134743e+15 -7.475964e-01 7.598548e-01 8.933597e-02 7.000685e-02
 2.22848540761e-01 4.033419e+00 3.2070633e+35 1.4797091e+15 -7.389692e-01 7.461951e-01 8.700388e-02 6.785846e-02
 2.57706163423e-01 4.253186e+00 3.0598847e+35 1.4447097e+15 -7.299257e-01 7.319104e-01 8.457765e-02 6.562703e-02
 2.95274158602e-01 4.472143e+00 2.9111361e+35 1.4087095e+15 -7.205157e-01 7.170809e-01 8.207290e-02 6.332750e-02
 3.35345046918e-01 4.689521e+00 2.7620475e+35 1.3719413e+15 -7.107914e-01 7.017894e-01 7.950547e-02 6.097501e-02
 3.77674525660e-01 4.904650e+00 2.6137638e+35 1.3346303e+15 -7.008059e-01 6.861185e-01 7.689105e-02 5.858450e-02
 4.21991200712e-01 5.116959e+00 2.4673215e+35 1.2969896e+15 -6.906120e-01 6.701487e-01 7.424476e-02 5.617033e-02
 4.68006036820e-01 5.325967e+00 2.3236339e+35 1.2592161e+15 -6.802612e-01 6.539573e-01 7.158089e-02 5.374605e-02
 5.15421051077e-01 5.531279e+00 2.1834843e+35 1.2214890e+15 -6.698027e-01 6.376168e-01 6.891276e-02 5.132423e-02
 5.63936951433e-01 5.732572e+00 2.0475256e+35 1.1839684e+15 -6.592831e-01 6.211945e-01 6.625254e-02 4.891634e-02
 6.13259577323e-01 5.929592e+00 1.9162842e+35 1.1467951e+15 -6.487460e-01 6.047518e-01 6.361121e-02 4.653268e-02
 6.63105105298e-01 6.122142e+00 1.7901677e+35 1.1100906e+15 -6.382314e-01 5.883446e-01 6.099855e-02 4.418241e-02
 7.13204072986e-01 6.310072e+00 1.6694751e+35 1.0739584e+15 -6.277762e-01 5.720228e-01 5.842317e-02 4.187353e-02
 7.63304325600e-01 6.493277e+00 1.5544074e+35 1.0384844e+15 -6.174137e-01 5.558306e-01 5.589249e-02 3.961295e-02
 8.13173017602e-01 6.671686e+00 1.4450798e+35 1.0037387e+15 -6.071736e-01 5.398068e-01 5.341290e-02 3.740652e-02
 8.62597833786e-01 6.845258e+00 1.3415332e+35 9.6977822e+14 -5.970826e-01 5.239852e-01 5.098977e-02 3.525917e-02
 9.11387551500e-01 7.013977e+00 1.2437448e+35 9.3664786e+14 -5.871641e-01 5.083951e-01 4.862758e-02 3.317493e-02
 9.59372046223e-01 7.177846e+00 1.1516394e+35 9.0438043e+14 -5.774385e-01 4.930611e-01 4.632994e-02 3.115701e-02
 1.00640188697e+00 7.336887e+00 1.0650982e+35 8.7299912e+14 -5.679233e-01 4.780040e-01 4.409968e-02 2.920792e-02
 1.05234762981e+00 7.491134e+00 9.8396771e+34 8.4251886e+14 -5.586336e-01 4.632411e-01 4.193896e-02 2.732947e-02
 1.09709888123e+00 7.640634e+00 9.0806744e+34 8.1294738e+14 -5.495816e-01 4.487865e-01 3.984932e-02 2.552294e-02
 1.14056320450e+00 7.785440e+00 8.3719639e+34 7.8428624e+14 -5.407777e-01 4.346512e-01 3.783179e-02 2.378908e-02
 1.18266492908e+00 7.925614e+00 7.7113893e+34 7.5653194e+14 -5.322299e-01 4.208438e-01 3.588687e-02 2.212817e-02
 1.22334390608e+00 8.061226e+00 7.0966968e+34 7.2967649e+14 -5.239443e-01 4.073706e-01 3.401469e-02 2.054012e-02
 1.26255424647e+00 8.192346e+00 6.5255771e+34 7.0370828e+14 -5.159255e-01 3.942359e-01 3.221500e-02 1.902449e-02
 1.30026307344e+00 8.319052e+00 5.9957000e+34 6.7861294e+14 -5.081762e-01 3.814423e-01 3.048722e-02 1.758056e-02
 1.33644930522e+00 8.441421e+00 5.5047430e+34 6.5437372e+14 -5.006978e-01 3.689906e-01 2.883052e-02 1.620732e-02
 1.37110248184e+00 8.559536e+00 5.0504149e+34 6.3097200e+14 -4.934905e-01 3.568806e-01 2.724382e-02 1.490361e-02
 1.40422164727e+00 8.673478e+00 4.6304740e+34 6.0838766e+14 -4.865532e-01 3.451106e-01 2.572583e-02 1.366805e-02
 1.43581429367e+00 8.783332e+00 4.2427432e+34 5.8659962e+14 -4.798838e-01 3.336780e-01 2.427514e-02 1.249909e-02
 1.46589537107e+00 8.889184e+00 3.8851207e+34 5.6558608e+14 -4.734794e-01 3.225796e-01 2.289018e-02 1.139512e-02
 1.49448636139e+00 8.991118e+00 3.5555884e+34 5.4532475e+14 -4.673362e-01 3.118111e-01 2.156926e-02 1.035442e-02
 1.52161441787e+00 9.089222e+00 3.2522173e+34 5.2579307e+14 -4.614498e-01 3.013678e-01 2.031062e-02 9.375198e-03
 1.54731156897e+00 9.183583e+00 2.9731715e+34 5.0696842e+14 -4.558151e-01 2.912443e-01 1.911242e-02 8.455581e-03
 1.57161398361e+00 9.274288e+00 2.7167099e+34 4.8882823e+14 -4.504266e-01 2.814350e-01 1.797277e-02 7.593661e-03
 1.59456129575e+00 9.361425e+00 2.4811866e+34 4.7135025e+14 -4.452782e-01 2.719338e-01 1.688975e-02 6.787579e-03
 1.61619598565e+00 9.445082e+00 2.2650503e+34 4.5451258e+14 -4.403638e-01 2.627346e-01 1.586142e-02 6.035454e-03
 1.63656281303e+00 9.525347e+00 2.0668428e+34 4.3829368e+14 -4.356766e-01 2.538308e-01 1.488582e-02 5.335190e-03
 1.65570830074e+00 9.602307e+00 1.8851968e+34 4.2267257e+14 -4.312099e-01 2.452159e-01 1.396099e-02 4.685394e-03
 1.67368026639e+00 9.676051e+00 1.7188326e+34 4.0762891e+14 -4.269567e-01 2.368832e-01 1.308499e-02 4.084077e-03
 1.69052739767e+00 9.746667e+00 1.5665554e+34 3.9314298e+14 -4.229098e-01 2.288260e-01 1.225588e-02 3.527561e-03
 1.70629886916e+00 9.814243e+00 1.4272514e+34 3.7919560e+14 -4.190622e-01 2.210376e-01 1.147178e-02 3.019299e-03
 1.72104399867e+00 9.878866e+00 1.2998844e+34 3.6576840e+14 -4.154065e-01 2.135115e-01 1.073080e-02 2.554006e-03
 1.73481194198e+00 9.940624e+00 1.1834913e+34 3.5284413e+14 -4.119358e-01 2.062415e-01 1.003109e-02 2.115537e-03
 1.74765142063e+00 9.999603e+00 1.0771789e+34 3.4040614e+14 -4.086428e-01 1.992213e-01 9.370854e-03 1.751689e-03
 1.75961048178e+00 1.005589e+01 9.8011959e+33 3.2843869e+14 -4.055205e-01 1.924451e-01 8.748322e-03 1.411457e-03
 1.77073629067e+00 1.010957e+01 8.9154771e+33 3.1692737e+14 -4.025620e-01 1.859073e-01 8.161767e-03 1.009950e-03
 1.78107494984e+00 1.016073e+01 8.1075550e+33 3.0585838e+14 -3.997605e-01 1.796025e-01 7.609537e-03 9.175292e-04
 1.78644200615e+00 1.018782e+01 7.6939706e+33 2.9995472e+14 -3.982842e-01 1.762326e-01 7.319843e-03 8.956765e-04
 1.78786774673e+00 1.019508e+01 7.5847793e+33 2.9836711e+14 -3.978893e-01 1.753256e-01 7.242513e-03 8.424906e-04
 1.78927747818e+00 1.020229e+01 7.4770946e+33 2.9678907e+14 -3.974977e-01 1.744236e-01 7.165891e-03 7.628214e-04
 1.79067134622e+00 1.020944e+01 7.3708965e+33 2.9522059e+14 -3.971094e-01 1.735268e-01 7.089971e-03 6.596760e-04
 1.79204949582e+00 1.021655e+01 7.2661654e+33 2.9366165e+14 -3.967242e-01 1.726351e-01 7.014747e-03 5.406132e-04
 1.79341207124e+00 1.022360e+01 7.1628819e+33 2.9211220e+14 -3.963423e-01 1.717484e-01 6.940215e-03 4.193631e-04
 1.79475921596e+00 1.023059e+01 7.0610269e+33 2.9057221e+14 -3.959636e-01 1.708669e-01 6.866370e-03 3.150157e-04
 1.79609107273e+00 1.023754e+01 6.9605814e+33 2.8904160e+14 -3.955881e-01 1.699904e-01 6.793208e-03 2.356931e-04
 1.79740778351e+00 1.024443e+01 6.8615268e+33 2.8752034e+14 -3.952157e-01 1.691189e-01 6.720726e-03 1.806746e-04
 1.79870948951e+00 1.025127e+01 6.7638445e+33 2.8600835e+14 -3.948465e-01 1.682524e-01 6.648919e-03 1.459735e-04
 1.79999633116e+00 1.025806e+01 6.6675165e+33 2.8450560e+14 -3.944803e-01 1.673908e-01 6.577784e-03 1.278782e-04
 1.80126844809e+00 1.026480e+01 6.5725247e+33 2.8301201e+14 -3.941173e-01 1.665343e-01 6.507317e-03 1.249718e-04
 1.80252597917e+00 1.027149e+01 6.4788512e+33 2.8152754e+14 -3.937573e-01 1.656826e-01 6.437513e-03 1.401828e-04
 1.80376906247e+00 1.027812e+01 6.3864787e+33 2.8005212e+14 -3.934004e-01 1.648358e-01 6.368370e-03 1.857147e-04
 1.80499783526e+00 1.028471e+01 6.2953896e+33 2.7858572e+14 -3.930465e-01 1.639939e-01 6.299882e-03 2.989759e-04
 1.80621243401e+00 1.029125e+01 6.2055670e+33 2.7712832e+14 -3.926956e-01 1.631569e-01 6.232044e-03 5.801866e-04
 1.80741299444e+00 1.029773e+01 6.1169938e+33 2.7568008e+14 -3.923477e-01 1.623248e-01 6.164845e-03 1.235536e-03
 1.80859965150e+00 1.030417e+01 6.0296534e+33 2.7424114e+14 -3.920027e-01 1.614978e-01 6.098275e-03 2.595880e-03
 1.80977253937e+00 1.031056e+01 5.9435294e+33 2.7281165e+14 -3.916607e-01 1.606759e-01 6.032322e-03 4.836602e-03
 1.81093179147e+00 1.031690e+01 5.8586053e+33 2.7139176e+14 -3.913216e-01 1.598593e-01 5.966976e-03 7.181382e-03
 1.81207754042e+00 1.032319e+01 5.7748652e+33 2.6998162e+14 -3.909854e-01 1.590480e-01 5.902228e-03 7.634394e-03
 1.81320991805e+00 1.032943e+01 5.6922931e+33 2.6858136e+14 -3.906522e-01 1.582422e-01 5.838068e-03 5.219503e-03
 1.81432905539e+00 1.033562e+01 5.6108733e+33 2.6719112e+14 -3.903217e-01 1.574418e-01 5.774485e-03 2.060936e-03
 1.81543508266e+00 1.034177e+01 5.5305904e+33 2.6581103e+14 -3.899942e-01 1.566470e-01 5.711470e-03 4.219657e-04
 1.81652812923e+00 1.034787e+01 5.4514290e+33 2.6444123e+14 -3.896694e-01 1.558579e-01 5.649015e-03 4.023834e-05
 1.81760832369e+00 1.035392e+01 5.3733741e+33 2.6308175e+14 -3.893475e-01 1.550745e-01 5.587114e-03 1.746378e-06
 1.81867579372e+00 1.035992e+01 5.2964107e+33 2.6173251e+14 -3.890284e-01 1.542967e-01 5.525770e-03 3.992838e-08
 1.81973066611e+00 1.036587e+01 5.2205241e+33 2.6039336e+14 -3.887121e-01 1.535246e-01 5.464986e-03 5.681784e-10
 1.82077306678e+00 1.037178e+01 5.1456998e+33 2.5906420e+14 -3.883985e-01 1.527579e-01 5.404765e-03 5.947184e-12
 1.82180312075e+00 1.037764e+01 5.0719234e+33 2.5774489e+14 -3.880877e-01 1.519967e-01 5.345109e-03 5.413449e-14
 1.82282095215e+00 1.038346e+01 4.9991808e+33 2.5643533e+14 -3.877796e-01 1.512408e-01 5.286022e-03 5.067944e-16
 1.82382668423e+00 1.038923e+01 4.9274579e+33 2.5513539e+14 -3.874742e-01 1.504903e-01 5.227505e-03 5.772834e-18
 1.82482043935e+00 1.039495e+01 4.8567410e+33 2.5384496e+14 -3.871715e-01 1.497451e-01 5.169560e-03 9.468785e-20
 1.82580233900e+00 1.040063e+01 4.7870165e+33 2.5256392e+14 -3.868714e-01 1.490051e-01 5.112189e-03 2.647515e-21
 1.82677250378e+00 1.040626e+01 4.7182708e+33 2.5129217e+14 -3.865740e-01 1.482702e-01 5.055393e-03 1.494283e-22
 1.82773105341e+00 1.041185e+01 4.6504907e+33 2.5002954e+14 -3.862793e-01 1.475403e-01 4.999173e-03 1.897708e-23
 1.82867810674e+00 1.041739e+01 4.5836632e+33 2.4877577e+14 -3.859872e-01 1.468154e-01 4.943531e-03 5.050807e-24
 1.82961378167e+00 1.042288e+01 4.5177752e+33 2.4753059e+14 -3.856977e-01 1.460952e-01 4.888467e-03 2.538174e-24
 1.83053819525e+00 1.042834e+01 4.4528140e+33 2.4629372e+14 -3.854107e-01 1.453796e-01 4.833982e-03 2.169286e-24
 1.83145146360e+00 1.043374e+01 4.3887670e+33 2.4506489e+14 -3.851264e-01 1.446684e-01 4.780075e-03 2.839645e-24
 1.83235370196e+00 1.043911e+01 4.3256218e+33 2.4384383e+14 -3.848446e-01 1.439616e-01 4.726747e-03 5.126173e-24
 1.83324502471e+00 1.044443e+01 4.2633660e+33 2.4263027e+14 -3.845653e-01 1.432589e-01 4.673998e-03 1.148809e-23
 1.83412554534e+00 1.044970e+01 4.2019876e+33 2.4142397e+14 -3.842885e-01 1.425602e-01 4.621828e-03 2.876645e-23
 1.83499537645e+00 1.045493e+01 4.1414747e+33 2.4022466e+14 -3.840142e-01 1.418654e-01 4.570236e-03 7.242387e-23
 1.83585462981e+00 1.046012e+01 4.0818153e+33 2.3903209e+14 -3.837424e-01 1.411742e-01 4.519222e-03 1.649394e-22
 1.83670341631e+00 1.046527e+01 4.0229979e+33 2.3784603e+14 -3.834730e-01 1.404867e-01 4.468784e-03 3.089124e-22
 1.83754184599e+00 1.047037e+01 3.9650110e+33 2.3666641e+14 -3.832061e-01 1.398027e-01 4.418920e-03 4.701577e-22
 1.83837002809e+00 1.047544e+01 3.9078432e+33 2.3549319e+14 -3.829415e-01 1.391222e-01 4.369626e-03 5.977629e-22
 1.83918807102e+00 1.048046e+01 3.8514833e+33 2.3432635e+14 -3.826794e-01 1.384453e-01 4.320900e-03 6.528227e-22
 1.83999608238e+00 1.048544e+01 3.7959203e+33 2.3316588e+14 -3.824196e-01 1.377719e-01 4.272736e-03 6.297500e-22
 1.84079416895e+00 1.049037e+01 3.7411433e+33 2.3201176e+14 -3.821622e-01 1.371020e-01 4.225133e-03 5.518169e-22
 1.84158243668e+00 1.049527e+01 3.6871414e+33 2.3086395e+14 -3.819072e-01 1.364356e-01 4.178085e-03 4.516941e-22
 1.84236099074e+00 1.050012e+01 3.6339041e+33 2.2972245e+14 -3.816544e-01 1.357727e-01 4.131590e-03 3.552271e-22
 1.84312993544e+00 1.050494e+01 3.5814208e+33 2.2858723e+14 -3.814040e-01 1.351133e-01 4.085643e-03 2.760520e-22
 1.84388937430e+00 1.050971e+01 3.5296813e+33 2.2745827e+14 -3.811558e-01 1.344574e-01 4.040241e-03 2.180369e-22
 1.84463941000e+00 1.051445e+01 3.4786752e+33 2.2633555e+14 -3.809099e-01 1.338049e-01 3.995380e-03 1.799757e-22
 1.84538014443e+00 1.051914e+01 3.4283925e+33 2.2521910e+14 -3.806663e-01 1.331560e-01 3.951048e-03 1.573128e-22
 1.84611167867e+00 1.052380e+01 3.3788233e+33 2.2410902e+14 -3.804249e-01 1.325106e-01 3.907225e-03 1.447232e-22
 1.84683411297e+00 1.052842e+01 3.3299577e+33 2.2300539e+14 -3.801857e-01 1.318688e-01 3.863892e-03 1.390985e-22
 1.84754754683e+00 1.053299e+01 3.2817860e+33 2.2190833e+14 -3.799486e-01 1.312306e-01 3.821028e-03 1.386430e-22
 1.84825207892e+00 1.053753e+01 3.2342986e+33 2.2081792e+14 -3.797138e-01 1.305962e-01 3.778615e-03 1.422459e-22
 1.84894780709e+00 1.054203e+01 3.1874862e+33 2.1973426e+14 -3.794811e-01 1.299655e-01 3.736634e-03 1.491140e-22
 1.84963482842e+00 1.054649e+01 3.1413393e+33 2.1865742e+14 -3.792506e-01 1.293386e-01 3.695068e-03 1.585255e-22
 1.85031323916e+00 1.055092e+01 3.0958488e+33 2.1758751e+14 -3.790222e-01 1.287156e-01 3.653900e-03 1.696452e-22
 1.85098313477e+00 1.055530e+01 3.0510056e+33 2.1652460e+14 -3.787958e-01 1.280965e-01 3.613114e-03 1.813847e-22
 1.85164460990e+00 1.055965e+01 3.0068007e+33 2.1546878e+14 -3.785716e-01 1.274813e-01 3.572693e-03 1.923209e-22
 1.85229775840e+00 1.056396e+01 2.9632253e+33 2.1442003e+14 -3.783495e-01 1.268701e-01 3.532632e-03 2.009716e-22
 1.85294267327e+00 1.056824e+01 2.9202707e+33 2.1337790e+14 -3.781294e-01 1.262625e-01 3.492967e-03 2.069860e-22
 1.85357944665e+00 1.057247e+01 2.8779283e+33 2.1234183e+14 -3.779114e-01 1.256584e-01 3.453742e-03 2.105040e-22
 1.85420816981e+00 1.057668e+01 2.8361895e+33 2.1131125e+14 -3.776954e-01 1.250573e-01 3.415003e-03 2.117918e-22
 1.85482893317e+00 1.058084e+01 2.7950461e+33 2.1028560e+14 -3.774814e-01 1.244590e-01 3.376791e-03 2.112053e-22
 1.85544182629e+00 1.058497e+01 2.7544897e+33 2.0926435e+14 -3.772694e-01 1.238632e-01 3.339146e-03 2.091539e-22
 1.85604693792e+00 1.058906e+01 2.7145121e+33 2.0824696e+14 -3.770594e-01 1.232697e-01 3.302106e-03 2.060692e-22
 1.85664435598e+00 1.059312e+01 2.6751055e+33 2.0723291e+14 -3.768514e-01 1.226780e-01 3.265708e-03 2.023798e-22
 1.85723416757e+00 1.059714e+01 2.6362617e+33 2.0622168e+14 -3.766452e-01 1.220880e-01 3.229985e-03 1.984954e-22
 1.85781645901e+00 1.060113e+01 2.5979731e+33 2.0521276e+14 -3.764410e-01 1.214994e-01 3.194971e-03 1.947991e-22
 1.85839131579e+00 1.060508e+01 2.5602319e+33 2.0420566e+14 -3.762387e-01 1.209119e-01 3.160697e-03 1.916415e-22
 1.85895882263e+00 1.060900e+01 2.5230304e+33 2.0319958e+14 -3.760383e-01 1.203251e-01 3.127213e-03 1.891759e-22
 1.85951906342e+00 1.061289e+01 2.4863612e+33 2.0219336e+14 -3.758398e-01 1.197383e-01 3.094593e-03 1.873346e-22
 1.86007212120e+00 1.061674e+01 2.4502169e+33 2.0118587e+14 -3.756431e-01 1.191509e-01 3.062909e-03 1.860447e-22
 1.86061807820e+00 1.062056e+01 2.4145901e+33 2.0017597e+14 -3.754482e-01 1.185624e-01 3.032229e-03 1.852400e-22
 1.86115701588e+00 1.062434e+01 2.3794738e+33 1.9916256e+14 -3.752551e-01 1.179721e-01 3.002619e-03 1.848591e-22
 1.86168901487e+00 1.062810e+01 2.3448607e+33 1.9814456e+14 -3.750637e-01 1.173795e-01 2.974142e-03 1.848443e-22
 1.86221415505e+00 1.063182e+01 2.3107438e+33 1.9712091e+14 -3.748741e-01 1.167839e-01 2.946861e-03 1.851402e-22
 1.86273251555e+00 1.063551e+01 2.2771163e+33 1.9609058e+14 -3.746863e-01 1.161848e-01 2.920834e-03 1.856928e-22
 1.86324417474e+00 1.063917e+01 2.2439714e+33 1.9505255e+14 -3.745001e-01 1.155818e-01 2.896120e-03 1.864486e-22
 1.86374921028e+00 1.064280e+01 2.2113023e+33 1.9400584e+14 -3.743156e-01 1.149741e-01 2.872776e-03 1.873537e-22
 1.86424769906e+00 1.064640e+01 2.1791024e+33 1.9294949e+14 -3.741327e-01 1.143614e-01 2.850857e-03 1.883539e-22
 1.86473971731e+00 1.064997e+01 2.1473652e+33 1.9188255e+14 -3.739515e-01 1.137430e-01 2.830420e-03 1.893936e-22
 1.86522534051e+00 1.065351e+01 2.1160842e+33 1.9080413e+14 -3.737718e-01 1.131186e-01 2.811518e-03 1.904161e-22
 1.86570464349e+00 1.065702e+01 2.0852530e+33 1.8971333e+14 -3.735937e-01 1.124876e-01 2.794209e-03 1.913634e-22
 1.86617770036e+00 1.066050e+01 2.0548655e+33 1.8860929e+14 -3.734171e-01 1.118496e-01 2.778547e-03 1.921765e-22
 1.86664458455e+00 1.066396e+01 2.0249153e+33 1.8749119e+14 -3.732420e-01 1.112041e-01 2.764589e-03 1.927952e-22
 1.86710536885e+00 1.066739e+01 1.9953964e+33 1.8635878e+14 -3.730684e-01 1.105510e-01 2.752352e-03 1.931705e-22
 1.86756012553e+00 1.067079e+01 1.9663028e+33 1.8521545e+14 -3.728962e-01 1.098921e-01 2.741569e-03 1.933272e-22
 1.86800892657e+00 1.067417e+01 1.9376284e+33 1.8406596e+14 -3.727254e-01 1.092299e-01 2.731863e-03 1.933212e-22
 1.86845184369e+00 1.067752e+01 1.9093675e+33 1.8291501e+14 -3.725560e-01 1.085671e-01 2.722864e-03 1.932090e-22
 1.86888894821e+00 1.068085e+01 1.8815141e+33 1.8176716e+14 -3.723880e-01 1.079061e-01 2.714207e-03 1.930472e-22
 1.86932031110e+00 1.068415e+01 1.8540625e+33 1.8062688e+14 -3.722213e-01 1.072493e-01 2.705532e-03 1.928926e-22
 1.86974600287e+00 1.068743e+01 1.8270070e+33 1.7949791e+14 -3.720560e-01 1.065987e-01 2.696531e-03 1.927939e-22
 1.87016609340e+00 1.069068e+01 1.8003419e+33 1.7838031e+14 -3.718921e-01 1.059544e-01 2.687193e-03 1.927535e-22
 1.87058065173e+00 1.069391e+01 1.7740618e+33 1.7727282e+14 -3.717295e-01 1.053158e-01 2.677615e-03 1.927562e-22
 1.87098974603e+00 1.069711e+01 1.7481611e+33 1.7617416e+14 -3.715682e-01 1.046820e-01 2.667895e-03 1.927869e-22
 1.87139344364e+00 1.070029e+01 1.7226344e+33 1.7508310e+14 -3.714082e-01 1.040524e-01 2.658130e-03 1.928304e-22
 1.87179181105e+00 1.070344e+01 1.6974765e+33 1.7399845e+14 -3.712496e-01 1.034265e-01 2.648413e-03 1.928715e-22
 1.87218491397e+00 1.070657e+01 1.6726820e+33 1.7291921e+14 -3.710922e-01 1.028036e-01 2.638825e-03 1.928973e-22
 1.87257281735e+00 1.070968e+01 1.6482459e+33 1.7184533e+14 -3.709362e-01 1.021837e-01 2.629365e-03 1.929077e-22
 1.87295558545e+00 1.071276e+01 1.6241631e+33 1.7077711e+14 -3.707814e-01 1.015670e-01 2.620008e-03 1.929066e-22
 1.87333328184e+00 1.071582e+01 1.6004284e+33 1.6971483e+14 -3.706279e-01 1.009537e-01 2.610727e-03 1.928982e-22
 1.87370596942e+00 1.071886e+01 1.5770370e+33 1.6865875e+14 -3.704757e-01 1.003438e-01 2.601498e-03 1.928865e-22
 1.87407371042e+00 1.072187e+01 1.5539841e+33 1.6760914e+14 -3.703247e-01 9.973751e-02 2.592295e-03 1.928756e-22
 1.87443656637e+00 1.072486e+01 1.5312646e+33 1.6656620e+14 -3.701749e-01 9.913499e-02 2.583098e-03 1.928688e-22
 1.87479459815e+00 1.072782e+01 1.5088740e+33 1.6552989e+14 -3.700264e-01 9.853617e-02 2.573908e-03 1.928662e-22
 1.87514786594e+00 1.073077e+01 1.4868075e+33 1.6450010e+14 -3.698791e-01 9.794100e-02 2.564731e-03 1.928666e-22
 1.87549642925e+00 1.073369e+01 1.4650605e+33 1.6347669e+14 -3.697330e-01 9.734942e-02 2.555573e-03 1.928689e-22
 1.87584034690e+00 1.073659e+01 1.4436285e+33 1.6245956e+14 -3.695881e-01 9.676135e-02 2.546442e-03 1.928720e-22
 1.87617967708e+00 1.073946e+01 1.4225069e+33 1.6144859e+14 -3.694444e-01 9.617674e-02 2.537344e-03 1.928749e-22
 1.87651447728e+00 1.074232e+01 1.4016914e+33 1.6044369e+14 -3.693019e-01 9.559553e-02 2.528284e-03 1.928767e-22
 1.87684480437e+00 1.074515e+01 1.3811775e+33 1.5944483e+14 -3.691606e-01 9.501771e-02 2.519261e-03 1.928774e-22
 1.87717071456e+00 1.074796e+01 1.3609610e+33 1.5845199e+14 -3.690204e-01 9.444328e-02 2.510274e-03 1.928772e-22
 1.87749226344e+00 1.075075e+01 1.3410376e+33 1.5746516e+14 -3.688814e-01 9.387222e-02 2.501321e-03 1.928766e-22
 1.87780950595e+00 1.075351e+01 1.3214031e+33 1.5648432e+14 -3.687435e-01 9.330452e-02 2.492399e-03 1.928757e-22
 1.87812249644e+00 1.075626e+01 1.3020534e+33 1.5550947e+14 -3.686068e-01 9.274018e-02 2.483508e-03 1.928750e-22
 1.87843128860e+00 1.075898e+01 1.2829845e+33 1.5454057e+14 -3.684712e-01 9.217919e-02 2.474645e-03 1.928745e-22
 1.87873593553e+00 1.076169e+01 1.2641922e+33 1.5357759e+14 -3.683367e-01 9.162152e-02 2.465811e-03 1.928743e-22
 1.87903648973e+00 1.076437e+01 1.2456727e+33 1.5262050e+14 -3.682033e-01 9.106717e-02 2.457007e-03 1.928744e-22
 1.87933300308e+00 1.076703e+01 1.2274220e+33 1.5166925e+14 -3.680711e-01 9.051609e-02 2.448231e-03 1.928746e-22
 1.87962552688e+00 1.076967e+01 1.2094364e+33 1.5072381e+14 -3.679399e-01 8.996828e-02 2.439486e-03 1.928748e-22
 1.87991411181e+00 1.077229e+01 1.1917119e+33 1.4978414e+14 -3.678098e-01 8.942371e-02 2.430771e-03 1.928750e-22
 1.88019880801e+00 1.077489e+01 1.1742449e+33 1.4885020e+14 -3.676808e-01 8.888237e-02 2.422086e-03 1.928751e-22
 1.88047966499e+00 1.077747e+01 1.1570317e+33 1.4792195e+14 -3.675528e-01 8.834423e-02 2.413432e-03 1.928752e-22
 1.88075673173e+00 1.078003e+01 1.1400686e+33 1.4699938e+14 -3.674259e-01 8.780927e-02 2.404808e-03 1.928751e-22
 1.88103005661e+00 1.078257e+01 1.1233521e+33 1.4608243e+14 -3.673001e-01 8.727749e-02 2.396214e-03 1.928751e-22
 1.88129968747e+00 1.078509e+01 1.1068785e+33 1.4517109e+14 -3.671753e-01 8.674885e-02 2.387649e-03 1.928750e-22
 1.88156567158e+00 1.078759e+01 1.0906446e+33 1.4426532e+14 -3.670515e-01 8.622335e-02 2.379113e-03 1.928750e-22
 1.88182805567e+00 1.079007e+01 1.0746466e+33 1.4336508e+14 -3.669288e-01 8.570097e-02 2.370607e-03 1.928749e-22
 1.88208688590e+00 1.079253e+01 1.0588814e+33 1.4247036e+14 -3.668070e-01 8.518169e-02 2.362130e-03 1.928749e-22
 1.88234220791e+00 1.079497e+01 1.0433456e+33 1.4158110e+14 -3.666863e-01 8.466549e-02 2.353682e-03 1.928749e-22
 1.88259406681e+00 1.079740e+01 1.0280358e+33 1.4069729e+14 -3.665666e-01 8.415236e-02 2.345264e-03 1.928750e-22
 1.88284250715e+00 1.079980e+01 1.0129489e+33 1.3981889e+14 -3.664479e-01 8.364228e-02 2.336875e-03 1.928750e-22
 1.88308757299e+00 1.080219e+01 9.9808154e+32 1.3894587e+14 -3.663302e-01 8.313523e-02 2.328516e-03 1.928750e-22
 1.88332930784e+00 1.080455e+01 9.8343066e+32 1.3807820e+14 -3.662134e-01 8.263119e-02 2.320186e-03 1.928750e-22
 1.88356775471e+00 1.080690e+01 9.6899314e+32 1.3721584e+14 -3.660976e-01 8.213015e-02 2.311885e-03 1.928750e-22
 1.88380295610e+00 1.080923e+01 9.5476589e+32 1.3635876e+14 -3.659828e-01 8.163209e-02 2.303612e-03 1.928750e-22
 1.88403495402e+00 1.081154e+01 9.4074589e+32 1.3550694e+14 -3.658689e-01 8.113699e-02 2.295367e-03 1.928750e-22
 1.88426378994e+00 1.081384e+01 9.2693016e+32 1.3466034e+14 -3.657560e-01 8.064483e-02 2.287149e-03 1.928750e-22
 1.88448950488e+00 1.081611e+01 9.1331577e+32 1.3381893e+14 -3.656440e-01 8.015559e-02 2.278957e-03 1.928750e-22
 1.88471213935e+00 1.081837e+01 8.9989981e+32 1.3298268e+14 -3.655329e-01 7.966926e-02 2.270792e-03 1.928750e-22
 1.88493173337e+00 1.082061e+01 8.8667942e+32 1.3215156e+14 -3.654228e-01 7.918583e-02 2.262656e-03 1.928750e-22
 1.88514832649e+00 1.082283e+01 8.7365179e+32 1.3132555e+14 -3.653136e-01 7.870528e-02 2.254550e-03 1.928750e-22
 1.88536195779e+00 1.082503e+01 8.6081413e+32 1.3050461e+14 -3.652053e-01 7.822760e-02 2.246475e-03 1.928750e-22
 1.88557266587e+00 1.082722e+01 8.4816372e+32 1.2968871e+14 -3.650979e-01 7.775279e-02 2.238434e-03 1.928750e-22
 1.88578048887e+00 1.082939e+01 8.3569785e+32 1.2887783e+14 -3.649913e-01 7.728083e-02 2.230428e-03 1.928750e-22
 1.88598546448e+00 1.083154e+01 8.2341386e+32 1.2807194e+14 -3.648857e-01 7.681170e-02 2.222456e-03 1.928750e-22
 1.88618762992e+00 1.083368e+01 8.1130912e+32 1.2727100e+14 -3.647810e-01 7.634536e-02 2.214511e-03 1.928750e-22
 1.88638702196e+00 1.083580e+01 7.9938105e+32 1.2647498e+14 -3.646771e-01 7.588178e-02 2.206585e-03 1.928750e-22
 1.88658367694e+00 1.083790e+01 7.8762710e+32 1.2568384e+14 -3.645741e-01 7.542093e-02 2.198674e-03 1.928750e-22
 1.88677763075e+00 1.083999e+01 7.7604476e+32 1.2489755e+14 -3.644719e-01 7.496277e-02 2.190769e-03 1.928750e-22
 1.88696891883e+00 1.084206e+01 7.6463154e+32 1.2411608e+14 -3.643706e-01 7.450726e-02 2.182865e-03 1.928750e-22
 1.88715757621e+00 1.084411e+01 7.5338501e+32 1.2333940e+14 -3.642702e-01 7.405441e-02 2.174969e-03 1.928750e-22
 1.88734363749e+00 1.084614e+01 7.4230275e+32 1.2256751e+14 -3.641706e-01 7.360429e-02 2.167106e-03 1.928750e-22
 1.88752713684e+00 1.084816e+01 7.3138240e+32 1.2180039e+14 -3.640718e-01 7.315694e-02 2.159299e-03 1.928750e-22
 1.88770810801e+00 1.085017e+01 7.2062161e+32 1.2103803e+14 -3.639738e-01 7.271242e-02 2.151572e-03 1.928750e-22
 1.88788658435e+00 1.085216e+01 7.1001807e+32 1.2028042e+14 -3.638767e-01 7.227078e-02 2.143950e-03 1.928750e-22
 1.88806259878e+00 1.085413e+01 6.9956952e+32 1.1952755e+14 -3.637804e-01 7.183207e-02 2.136453e-03 1.928750e-22
 1.88823618385e+00 1.085609e+01 6.8927370e+32 1.1877937e+14 -3.636849e-01 7.139617e-02 2.129046e-03 1.928750e-22
 1.88840737168e+00 1.085803e+01 6.7912841e+32 1.1803578e+14 -3.635901e-01 7.096281e-02 2.121641e-03 1.928750e-22
 1.88857619399e+00 1.085995e+01 6.6913148e+32 1.1729669e+14 -3.634962e-01 7.053170e-02 2.114147e-03 1.928750e-22
 1.88874268213e+00 1.086186e+01 6.5928075e+32 1.1656201e+14 -3.634031e-01 7.010259e-02 2.106477e-03 1.928750e-22
 1.88890686704e+00 1.086376e+01 6.4957410e+32 1.1583166e+14 -3.633107e-01 6.967520e-02 2.098543e-03 1.928750e-22
 1.88906877929e+00 1.086564e+01 6.4000946e+32 1.1510554e+14 -3.632191e-01 6.924929e-02 2.090264e-03 1.928750e-22
 1.88922844906e+00 1.086750e+01 6.3058476e+32 1.1438355e+14 -3.631283e-01 6.882475e-02 2.081615e-03 1.928750e-22
 1.88938590616e+00 1.086935e+01 6.2129797e+32 1.1366556e+14 -3.630382e-01 6.840156e-02 2.072615e-03 1.928750e-22
 1.88954118003e+00 1.087119e+01 6.1214711e+32 1.1295143e+14 -3.629489e-01 6.797970e-02 2.063283e-03 1.928750e-22
 1.88969429974e+00 1.087301e+01 6.0313019e+32 1.1224105e+14 -3.628603e-01 6.755916e-02 2.053639e-03 1.928750e-22
 1.88984529398e+00 1.087482e+01 5.9424529e+32 1.1153428e+14 -3.627725e-01 6.713992e-02 2.043704e-03 1.928750e-22
 1.88999419112e+00 1.087661e+01 5.8549047e+32 1.1083102e+14 -3.626854e-01 6.672199e-02 2.033498e-03 1.928750e-22
 1.89014101913e+00 1.087839e+01 5.7686387e+32 1.1013115e+14 -3.625990e-01 6.630533e-02 2.023039e-03 1.928750e-22
 1.89028580566e+00 1.088015e+01 5.6836361e+32 1.0943455e+14 -3.625133e-01 6.588995e-02 2.012346e-03 1.928750e-22
 1.89042857800e+00 1.088190e+01 5.5998787e+32 1.0874110e+14 -3.624284e-01 6.547583e-02 2.001440e-03 1.928750e-22
 1.89056936310e+00 1.088364e+01 5.5173483e+32 1.0805071e+14 -3.623442e-01 6.506295e-02 1.990338e-03 1.928750e-22
 1.89070818759e+00 1.088536e+01 5.4360273e+32 1.0736327e+14 -3.622606e-01 6.465132e-02 1.979060e-03 1.928750e-22
 1.89084507773e+00 1.088707e+01 5.3558980e+32 1.0667866e+14 -3.621778e-01 6.424091e-02 1.967623e-03 1.928750e-22
 1.89098005947e+00 1.088876e+01 5.2769431e+32 1.0599680e+14 -3.620956e-01 6.383172e-02 1.956046e-03 1.928750e-22
 1.89111315843e+00 1.089044e+01 5.1991457e+32 1.0531758e+14 -3.620142e-01 6.342373e-02 1.944346e-03 1.928750e-22
 1.89124439992e+00 1.089211e+01 5.1224888e+32 1.0464090e+14 -3.619334e-01 6.301695e-02 1.932540e-03 1.928750e-22
 1.89137380890e+00 1.089377e+01 5.0469559e+32 1.0396668e+14 -3.618532e-01 6.261136e-02 1.920646e-03 1.928750e-22
 1.89150141005e+00 1.089541e+01 4.9725307e+32 1.0329481e+14 -3.617737e-01 6.220695e-02 1.908680e-03 1.928750e-22
 1.89162722772e+00 1.089704e+01 4.8991971e+32 1.0262521e+14 -3.616949e-01 6.180371e-02 1.896659e-03 1.928750e-22
 1.89175128594e+00 1.089865e+01 4.8269393e+32 1.0195780e+14 -3.616167e-01 6.140164e-02 1.884598e-03 1.928750e-22
 1.89187360846e+00 1.090026e+01 4.7557415e+32 1.0129249e+14 -3.615392e-01 6.100072e-02 1.872513e-03 1.928750e-22
 1.89199421870e+00 1.090185e+01 4.6855884e+32 1.0062919e+14 -3.614623e-01 6.060096e-02 1.860420e-03 1.928750e-22
 1.89223039466e+00 1.090499e+01 4.5483557e+32 9.9308327e+13 -3.613103e-01 5.980486e-02 1.836267e-03 1.928750e-22
 1.89331612421e+00 1.092001e+01 3.9199174e+32 9.2928611e+13 -3.605864e-01 5.596217e-02 1.719595e-03 1.928750e-22
 1.89425834096e+00 1.093387e+01 3.3779463e+32 8.7380345e+13 -3.599201e-01 5.262175e-02 1.617783e-03 1.928750e-22
 1.89507555797e+00 1.094659e+01 2.9106010e+32 8.2293582e+13 -3.593103e-01 4.955843e-02 1.523618e-03 1.928750e-22
 1.89578386340e+00 1.095839e+01 2.5076974e+32 7.5713502e+13 -3.587465e-01 4.559570e-02 1.401314e-03 1.928750e-22
 1.89639737384e+00 1.096958e+01 2.1604432e+32 6.8778331e+13 -3.582132e-01 4.141925e-02 1.272417e-03 1.928750e-22
 1.89692861131e+00 1.098022e+01 1.8611798e+32 6.2482444e+13 -3.577075e-01 3.762778e-02 1.155754e-03 1.928750e-22
 1.89738848366e+00 1.099034e+01 1.6032931e+32 5.6730427e+13 -3.572275e-01 3.416384e-02 1.049804e-03 1.928750e-22
 1.89778647528e+00 1.099998e+01 1.3810767e+32 5.1483266e+13 -3.567718e-01 3.100393e-02 9.539318e-04 1.928750e-22
 1.89813082798e+00 1.100915e+01 1.1896085e+32 4.6706486e+13 -3.563390e-01 2.812728e-02 8.674837e-04 1.928750e-22
 1.89842870052e+00 1.101788e+01 1.0246430e+32 4.2364043e+13 -3.559278e-01 2.551220e-02 7.897113e-04 1.928750e-22
 1.89868630837e+00 1.102619e+01 8.8251959e+31 3.8420798e+13 -3.555372e-01 2.313753e-02 7.198497e-04 1.928750e-22
 1.89890904575e+00 1.103410e+01 7.6008142e+31 3.4842768e+13 -3.551661e-01 2.098279e-02 6.571432e-04 1.928750e-22
 1.89910159247e+00 1.104164e+01 6.5460699e+31 3.1597707e+13 -3.548135e-01 1.902857e-02 6.008697e-04 1.928750e-22
 1.89926800713e+00 1.104881e+01 5.6375012e+31 2.8655149e+13 -3.544786e-01 1.725652e-02 5.503503e-04 1.928750e-22
 1.89941180839e+00 1.105563e+01 4.8548835e+31 2.5986774e+13 -3.541604e-01 1.564959e-02 5.049606e-04 1.928750e-22
 1.89953604588e+00 1.106212e+01 4.1807845e+31 2.3566225e+13 -3.538582e-01 1.419190e-02 4.641290e-04 1.928750e-22
 1.89964336192e+00 1.106830e+01 3.6001800e+31 2.1369317e+13 -3.535711e-01 1.286890e-02 4.273403e-04 1.928750e-22
 1.89973604527e+00 1.107417e+01 3.1001215e+31 1.9373868e+13 -3.532984e-01 1.166721e-02 3.941314e-04 1.928750e-22
 1.89981607790e+00 1.107977e+01 2.6694507e+31 1.7559657e+13 -3.530393e-01 1.057466e-02 3.640891e-04 1.928750e-22
 1.89988517563e+00 1.108509e+01 2.2985524e+31 1.5908277e+13 -3.527930e-01 9.580181e-03 3.368448e-04 1.928750e-22
 1.89994482352e+00 1.109016e+01 1.9791413e+31 1.4403091e+13 -3.525588e-01 8.673739e-03 3.120721e-04 1.928750e-22
 1.89999630654e+00 1.109499e+01 1.7040791e+31 1.3028929e+13 -3.523359e-01 7.846199e-03 2.894796e-04 1.928750e-22
 1.90004073631e+00 1.109960e+01 1.4672152e+31 1.1772116e+13 -3.521236e-01 7.089328e-03 2.688085e-04 1.928750e-22
 1.90007907422e+00 1.110399e+01 1.2632511e+31 1.0620233e+13 -3.519211e-01 6.395650e-03 2.498285e-04 1.928750e-22
 1.90011215156e+00 1.110820e+01 1.0876220e+31 9.5620676e+12 -3.517276e-01 5.758402e-03 2.323332e-04 1.928750e-22
 1.90014068694e+00 1.111224e+01 9.3639562e+30 8.5874243e+12 -3.515424e-01 5.171461e-03 2.161377e-04 1.928750e-22
 1.90016530148e+00 1.111611e+01 8.0618478e+30 7.6871353e+12 -3.513645e-01 4.629293e-03 2.010755e-04 1.928750e-22
 1.90018653189e+00 1.111985e+01 6.9407181e+30 6.8528611e+12 -3.511930e-01 4.126888e-03 1.869952e-04 1.928750e-22
 1.90020484184e+00 1.112348e+01 5.9754368e+30 6.0771871e+12 -3.510270e-01 3.659769e-03 1.737600e-04 1.928750e-22
 1.90022063186e+00 1.112701e+01 5.1443593e+30 5.3536416e+12 -3.508653e-01 3.224034e-03 1.612468e-04 1.928750e-22
 1.90023424786e+00 1.113048e+01 4.4288444e+30 4.6768148e+12 -3.507067e-01 2.816443e-03 1.493485e-04 1.928750e-22
 1.90024598851e+00 1.113393e+01 3.8128378e+30 4.0429103e+12 -3.505495e-01 2.434697e-03 1.379802e-04 1.928750e-22
 1.90025611170e+00 1.113738e+01 3.2825141e+30 3.4505114e+12 -3.503920e-01 2.077945e-03 1.270957e-04 1.928750e-22
 1.90026484002e+00 1.114089e+01 2.8259672e+30 2.9018642e+12 -3.502320e-01 1.747541e-03 1.167139e-04 1.928750e-22
 1.90027236565e+00 1.114451e+01 2.4329435e+30 2.4039548e+12 -3.500670e-01 1.447693e-03 1.069518e-04 1.928750e-22
 1.90027885449e+00 1.114831e+01 2.0946117e+30 1.9675604e+12 -3.498943e-01 1.184892e-03 9.802959e-05 1.928750e-22
 1.90028444972e+00 1.115232e+01 1.8033636e+30 1.6020158e+12 -3.497122e-01 9.647560e-04 9.019063e-05 1.928750e-22
 1.90028927492e+00 1.115656e+01 1.5526444e+30 1.3085859e+12 -3.495198e-01 7.880486e-04 8.356391e-05 1.928750e-22
 1.90029343662e+00 1.116101e+01 1.3368079e+30 1.0792627e+12 -3.493180e-01 6.499467e-04 7.810019e-05 1.928750e-22
 1.90029702658e+00 1.116563e+01 1.1509928e+30 9.0151430e+11 -3.491086e-01 5.429040e-04 7.365817e-05 1.928750e-22
 1.90030012373e+00 1.117037e+01 9.9101603e+29 7.6254546e+11 -3.488943e-01 4.592158e-04 6.985825e-05 1.928750e-22
 1.90030279543e+00 1.117545e+01 8.5330017e+29 5.5450598e+11 -3.486648e-01 3.339310e-04 7.116744e-05 1.928750e-22
 1.90030509925e+00 1.118178e+01 7.3480426e+29 4.1869377e+11 -3.483793e-01 2.521423e-04 6.232283e-05 1.928750e-22
 1.90030708889e+00 1.118809e+01 6.3276226e+29 3.6972487e+11 -3.480953e-01 2.226524e-04 5.120961e-05 1.928750e-22
 1.90030880692e+00 1.119453e+01 5.4489678e+29 3.0966226e+11 -3.478062e-01 1.864829e-04 6.715817e-05 1.928750e-22
 1.90031029065e+00 1.120098e+01 4.6923312e+29 2.7309437e+11 -3.475165e-01 1.644612e-04 5.569835e-05 1.928750e-22
 1.90031157224e+00 1.120721e+01 4.0406767e+29 2.4624350e+11 -3.472375e-01 1.482912e-04 4.635195e-05 1.928750e-22
 1.90031267911e+00 1.121318e+01 3.4794403e+29 2.2019913e+11 -3.469706e-01 1.326070e-04 4.302128e-05 1.928750e-22
 1.90031363485e+00 1.121903e+01 2.9961224e+29 1.9105433e+11 -3.467097e-01 1.150555e-04 3.823728e-05 1.928750e-22
 1.90031445998e+00 1.122486e+01 2.5799380e+29 1.6535854e+11 -3.464497e-01 9.958131e-05 3.339644e-05 1.928750e-22
 1.90031517237e+00 1.123067e+01 2.2215587e+29 1.4324841e+11 -3.461912e-01 8.626628e-05 2.923928e-05 1.928750e-22
 1.90031578740e+00 1.123642e+01 1.9129525e+29 1.2570996e+11 -3.459355e-01 7.570432e-05 2.588292e-05 1.928750e-22
 1.90031631842e+00 1.124202e+01 1.6471927e+29 1.1242187e+11 -3.456872e-01 6.770205e-05 2.332743e-05 1.928750e-22
 1.90031677686e+00 1.124740e+01 1.4183261e+29 1.0095484e+11 -3.454488e-01 6.079645e-05 2.110526e-05 1.928750e-22
 1.90031683305e+00 1.124810e+01 1.3903145e+29 9.9481062e+10 -3.454177e-01 5.990892e-05 2.081797e-05 1.928750e-22
 1.90031686074e+00 1.124845e+01 1.3765166e+29 9.8748925e+10 -3.454023e-01 5.946801e-05 2.067511e-05 1.928750e-22
 1.90031688815e+00 1.124880e+01 1.3628556e+29 9.8020093e+10 -3.453868e-01 5.902910e-05 2.053280e-05 1.928750e-22
 1.90031691530e+00 1.124915e+01 1.3493300e+29 9.7294663e+10 -3.453715e-01 5.859223e-05 2.039105e-05 1.928750e-22
 1.90031694218e+00 1.124949e+01 1.3359386e+29 9.6572732e+10 -3.453561e-01 5.815748e-05 2.024990e-05 1.928750e-22
 1.90031696880e+00 1.124984e+01 1.3226800e+29 9.5854392e+10 -3.453408e-01 5.772488e-05 2.010936e-05 1.928750e-22
 1.90031699516e+00 1.125018e+01 1.3095529e+29 9.5139732e+10 -3.453255e-01 5.729450e-05 1.996944e-05 1.928750e-22
 1.90031702126e+00 1.125053e+01 1.2965559e+29 9.4428838e+10 -3.453103e-01 5.686639e-05 1.983017e-05 1.928750e-22
 1.90031704711e+00 1.125087e+01 1.2836879e+29 9.3721795e+10 -3.452951e-01 5.644060e-05 1.969157e-05 1.928750e-22
 1.90031707270e+00 1.125122e+01 1.2709474e+29 9.3018682e+10 -3.452799e-01 5.601717e-05 1.955366e-05 1.928750e-22
 1.90031709805e+00 1.125156e+01 1.2583334e+29 9.2319579e+10 -3.452648e-01 5.559616e-05 1.941644e-05 1.928750e-22
 1.90031712314e+00 1.125190e+01 1.2458444e+29 9.1624560e+10 -3.452497e-01 5.517761e-05 1.927994e-05 1.928750e-22
 1.90031714800e+00 1.125224e+01 1.2334793e+29 9.0933699e+10 -3.452347e-01 5.476156e-05 1.914418e-05 1.928750e-22
 1.90031717261e+00 1.125258e+01 1.2212368e+29 9.0247065e+10 -3.452197e-01 5.434806e-05 1.900916e-05 1.928750e-22
 1.90031719698e+00 1.125292e+01 1.2091158e+29 8.9564726e+10 -3.452047e-01 5.393714e-05 1.887491e-05 1.928750e-22
 1.90031722111e+00 1.125326e+01 1.1971150e+29 8.8886747e+10 -3.451898e-01 5.352885e-05 1.874143e-05 1.928750e-22
 1.90031724500e+00 1.125359e+01 1.1852332e+29 8.8213189e+10 -3.451748e-01 5.312323e-05 1.860875e-05 1.928750e-22
 1.90031726867e+00 1.125393e+01 1.1734693e+29 8.7544114e+10 -3.451600e-01 5.272030e-05 1.847687e-05 1.928750e-22
 1.90031729210e+00 1.125426e+01 1.1618220e+29 8.6879578e+10 -3.451451e-01 5.232011e-05 1.834581e-05 1.928750e-22
 1.90031731530e+00 1.125460e+01 1.1502903e+29 8.6219636e+10 -3.451303e-01 5.192268e-05 1.821558e-05 1.928750e-22
 1.90031733827e+00 1.125493e+01 1.1388729e+29 8.5564341e+10 -3.451156e-01 5.152805e-05 1.808620e-05 1.928750e-22
 1.90031736103e+00 1.125527e+01 1.1275688e+29 8.4913744e+10 -3.451008e-01 5.113625e-05 1.795767e-05 1.928750e-22
 1.90031738355e+00 1.125560e+01 1.1163768e+29 8.4267893e+10 -3.450861e-01 5.074731e-05 1.783001e-05 1.928750e-22
 1.90031740586e+00 1.125593e+01 1.1052959e+29 8.3626833e+10 -3.450715e-01 5.036125e-05 1.770322e-05 1.928750e-22
 1.90031742795e+00 1.125626e+01 1.0943248e+29 8.2990608e+10 -3.450568e-01 4.997811e-05 1.757732e-05 1.928750e-22
 1.90031744983e+00 1.125659e+01 1.0834626e+29 8.2359262e+10 -3.450422e-01 4.959790e-05 1.745232e-05 1.928750e-22
 1.90031747149e+00 1.125692e+01 1.0727081e+29 8.1732840e+10 -3.450277e-01 4.922066e-05 1.732822e-05 1.928750e-22
 1.90031749294e+00 1.125725e+01 1.0620603e+29 8.1111382e+10 -3.450131e-01 4.884641e-05 1.720504e-05 1.928750e-22
 1.90031751418e+00 1.125758e+01 1.0515182e+29 8.0494928e+10 -3.449986e-01 4.847517e-05 1.708279e-05 1.928750e-22
 1.90031753521e+00 1.125791e+01 1.0410806e+29 7.9883516e+10 -3.449842e-01 4.810697e-05 1.696147e-05 1.928750e-22
 1.90031755604e+00 1.125824e+01 1.0307465e+29 7.9277182e+10 -3.449698e-01 4.774183e-05 1.684109e-05 1.928750e-22
 1.90031757666e+00 1.125856e+01 1.0205149e+29 7.8675958e+10 -3.449554e-01 4.737976e-05 1.672166e-05 1.928750e-22
 1.90031759709e+00 1.125889e+01 1.0103849e+29 7.8079876e+10 -3.449410e-01 4.702079e-05 1.660319e-05 1.928750e-22
 1.90031761731e+00 1.125921e+01 1.0003553e+29 7.7488966e+10 -3.449267e-01 4.666494e-05 1.648568e-05 1.928750e-22
 1.90031763733e+00 1.125954e+01 9.9042523e+28 7.6903255e+10 -3.449124e-01 4.631221e-05 1.636915e-05 1.928750e-22
 1.90031765716e+00 1.125986e+01 9.8059366e+28 7.6322769e+10 -3.448981e-01 4.596264e-05 1.625358e-05 1.928750e-22
 1.90031767680e+00 1.126018e+01 9.7085961e+28 7.5747533e+10 -3.448839e-01 4.561622e-05 1.613901e-05 1.928750e-22
 1.90031769624e+00 1.126050e+01 9.6122213e+28 7.5177569e+10 -3.448697e-01 4.527298e-05 1.602542e-05 1.928750e-22
 1.90031771549e+00 1.126082e+01 9.5168025e+28 7.4612897e+10 -3.448556e-01 4.493293e-05 1.591282e-05 1.928750e-22
 1.90031773456e+00 1.126114e+01 9.4223303e+28 7.4053537e+10 -3.448414e-01 4.459607e-05 1.580123e-05 1.928750e-22
 1.90031775344e+00 1.126146e+01 9.3287953e+28 7.3499506e+10 -3.448274e-01 4.426243e-05 1.569063e-05 1.928750e-22
 1.90031777213e+00 1.126178e+01 9.2361881e+28 7.2950820e+10 -3.448133e-01 4.393200e-05 1.558105e-05 1.928750e-22
 1.90031779064e+00 1.126210e+01 9.1444997e+28 7.2407493e+10 -3.447993e-01 4.360480e-05 1.547247e-05 1.928750e-22
 1.90031780897e+00 1.126242e+01 9.0537208e+28 7.1869539e+10 -3.447853e-01 4.328084e-05 1.536492e-05 1.928750e-22
 1.90031782712e+00 1.126273e+01 8.9638424e+28 7.1336969e+10 -3.447714e-01 4.296012e-05 1.525838e-05 1.928750e-22
 1.90031784510e+00 1.126305e+01 8.8748557e+28 7.0809793e+10 -3.447574e-01 4.264264e-05 1.515286e-05 1.928750e-22
 1.90031786289e+00 1.126336e+01 8.7867518e+28 7.0288020e+10 -3.447436e-01 4.232842e-05 1.504837e-05 1.928750e-22
 1.90031788052e+00 1.126368e+01 8.6995219e+28 6.9771658e+10 -3.447297e-01 4.201746e-05 1.494491e-05 1.928750e-22
 1.90031789797e+00 1.126399e+01 8.6131574e+28 6.9260713e+10 -3.447159e-01 4.170976e-05 1.484248e-05 1.928750e-22
 1.90031791525e+00 1.126430e+01 8.5276496e+28 6.8755190e+10 -3.447022e-01 4.140533e-05 1.474108e-05 1.928750e-22
 1.90031793236e+00 1.126461e+01 8.4429901e+28 6.8255094e+10 -3.446884e-01 4.110417e-05 1.464072e-05 1.928750e-22
 1.90031794930e+00 1.126492e+01 8.3591704e+28 6.7760426e+10 -3.446747e-01 4.080627e-05 1.454139e-05 1.928750e-22
 1.90031796608e+00 1.126523e+01 8.2761823e+28 6.7271190e+10 -3.446611e-01 4.051165e-05 1.444310e-05 1.928750e-22
 1.90031798270e+00 1.126554e+01 8.1940175e+28 6.6787385e+10 -3.446475e-01 4.022029e-05 1.434586e-05 1.928750e-22
 1.90031799915e+00 1.126585e+01 8.1126678e+28 6.6309012e+10 -3.446339e-01 3.993221e-05 1.424965e-05 1.928750e-22
 1.90031801544e+00 1.126616e+01 8.0321251e+28 6.5836045e+10 -3.446203e-01 3.964738e-05 1.415448e-05 1.928750e-22
 1.90031803157e+00 1.126647e+01 7.9523815e+28 6.5368225e+10 -3.446068e-01 3.936565e-05 1.406030e-05 1.928750e-22
 1.90031804755e+00 1.126677e+01 7.8734290e+28 6.4905165e+10 -3.445933e-01 3.908679e-05 1.396703e-05 1.928750e-22
 1.90031806336e+00 1.126708e+01 7.7952597e+28 6.4446483e+10 -3.445799e-01 3.881057e-05 1.387459e-05 1.928750e-22
 1.90031807903e+00 1.126738e+01 7.7178659e+28 6.3991809e+10 -3.445665e-01 3.853676e-05 1.378290e-05 1.928750e-22
 1.90031809454e+00 1.126768e+01 7.6412399e+28 6.3540785e+10 -3.445532e-01 3.826514e-05 1.369191e-05 1.928750e-22
 1.90031810989e+00 1.126799e+01 7.5653741e+28 6.3093058e+10 -3.445399e-01 3.799552e-05 1.360153e-05 1.928750e-22
 1.90031812510e+00 1.126829e+01 7.4902610e+28 6.2648287e+10 -3.445266e-01 3.772767e-05 1.351171e-05 1.928750e-22
 1.90031814016e+00 1.126859e+01 7.4158930e+28 6.2206139e+10 -3.445133e-01 3.746140e-05 1.342236e-05 1.928750e-22
 1.90031815507e+00 1.126889e+01 7.3422629e+28 6.1766292e+10 -3.445001e-01 3.719652e-05 1.333343e-05 1.928750e-22
 1.90031816984e+00 1.126919e+01 7.2693633e+28 6.1328429e+10 -3.444870e-01 3.693283e-05 1.324486e-05 1.928750e-22
 1.90031818446e+00 1.126949e+01 7.1971869e+28 6.0892246e+10 -3.444739e-01 3.667016e-05 1.315658e-05 1.928750e-22
 1.90031819894e+00 1.126978e+01 7.1257267e+28 6.0457445e+10 -3.444608e-01 3.640831e-05 1.306853e-05 1.928750e-22
 1.90031821327e+00 1.127008e+01 7.0549755e+28 6.0023738e+10 -3.444477e-01 3.614713e-05 1.298065e-05 1.928750e-22
 1.90031822747e+00 1.127038e+01 6.9849262e+28 5.9590844e+10 -3.444347e-01 3.588643e-05 1.289289e-05 1.928750e-22
 1.90031824152e+00 1.127067e+01 6.9155721e+28 5.9158491e+10 -3.444217e-01 3.562606e-05 1.280519e-05 1.928750e-22
 1.90031825544e+00 1.127096e+01 6.8469060e+28 5.8726416e+10 -3.444088e-01 3.536586e-05 1.271750e-05 1.928750e-22
 1.90031826923e+00 1.127126e+01 6.7789213e+28 5.8294365e+10 -3.443959e-01 3.510567e-05 1.262977e-05 1.928750e-22
 1.90031828287e+00 1.127155e+01 6.7116112e+28 5.7862090e+10 -3.443830e-01 3.484535e-05 1.254194e-05 1.928750e-22
 1.90031829639e+00 1.127184e+01 6.6449690e+28 5.7429354e+10 -3.443702e-01 3.458475e-05 1.245396e-05 1.928750e-22
 1.90031830977e+00 1.127213e+01 6.5789882e+28 5.6995928e+10 -3.443573e-01 3.432374e-05 1.236580e-05 1.928750e-22
 1.90031832302e+00 1.127242e+01 6.5136621e+28 5.6561588e+10 -3.443446e-01 3.406217e-05 1.227740e-05 1.928750e-22
 1.90031833614e+00 1.127271e+01 6.4489842e+28 5.6126124e+10 -3.443318e-01 3.379993e-05 1.218873e-05 1.928750e-22
 1.90031834914e+00 1.127300e+01 6.3849483e+28 5.5689330e+10 -3.443191e-01 3.353689e-05 1.209973e-05 1.928750e-22
 1.90031836200e+00 1.127329e+01 6.3215479e+28 5.5251011e+10 -3.443064e-01 3.327292e-05 1.201036e-05 1.928750e-22
 1.90031837474e+00 1.127358e+01 6.2587766e+28 5.4810979e+10 -3.442937e-01 3.300793e-05 1.192060e-05 1.928750e-22
 1.90031838736e+00 1.127387e+01 6.1966284e+28 5.4369055e+10 -3.442810e-01 3.274180e-05 1.183040e-05 1.928750e-22
 1.90031839985e+00 1.127416e+01 6.1350971e+28 5.3925070e+10 -3.442684e-01 3.247442e-05 1.173972e-05 1.928750e-22
 1.90031841222e+00 1.127444e+01 6.0741764e+28 5.3478861e+10 -3.442558e-01 3.220571e-05 1.164854e-05 1.928750e-22
 1.90031842446e+00 1.127473e+01 6.0138605e+28 5.3030278e+10 -3.442432e-01 3.193557e-05 1.155682e-05 1.928750e-22
 1.90031843659e+00 1.127502e+01 5.9541433e+28 5.2579175e+10 -3.442307e-01 3.166391e-05 1.146452e-05 1.928750e-22
 1.90031844860e+00 1.127530e+01 5.8950188e+28 5.2125515e+10 -3.442181e-01 3.139071e-05 1.137164e-05 1.928750e-22
 1.90031846049e+00 1.127559e+01 5.8364813e+28 5.1669770e+10 -3.442056e-01 3.111625e-05 1.127829e-05 1.928750e-22
 1.90031847226e+00 1.127587e+01 5.7785249e+28 5.1212559e+10 -3.441930e-01 3.084091e-05 1.118457e-05 1.928750e-22
 1.90031848392e+00 1.127616e+01 5.7211439e+28 5.0754484e+10 -3.441805e-01 3.056505e-05 1.109062e-05 1.928750e-22
 1.90031849547e+00 1.127644e+01 5.6643325e+28 5.0296128e+10 -3.441680e-01 3.028902e-05 1.099655e-05 1.928750e-22
 1.90031850690e+00 1.127672e+01 5.6080851e+28 4.9838056e+10 -3.441556e-01 3.001317e-05 1.090248e-05 1.928750e-22
 1.90031851822e+00 1.127701e+01 5.5523962e+28 4.9380815e+10 -3.441431e-01 2.973781e-05 1.080852e-05 1.928750e-22
 1.90031852943e+00 1.127729e+01 5.4972602e+28 4.8924932e+10 -3.441306e-01 2.946327e-05 1.071478e-05 1.928750e-22
 1.90031854053e+00 1.127758e+01 5.4426716e+28 4.8470917e+10 -3.441182e-01 2.918986e-05 1.062137e-05 1.928750e-22
 1.90031855152e+00 1.127786e+01 5.3886250e+28 4.8019262e+10 -3.441057e-01 2.891786e-05 1.052839e-05 1.928750e-22
 1.90031856240e+00 1.127814e+01 5.3351151e+28 4.7570440e+10 -3.440933e-01 2.864758e-05 1.043593e-05 1.928750e-22
 1.90031857317e+00 1.127843e+01 5.2821364e+28 4.7124908e+10 -3.440808e-01 2.837927e-05 1.034408e-05 1.928750e-22
 1.90031858384e+00 1.127871e+01 5.2296837e+28 4.6683104e+10 -3.440684e-01 2.811321e-05 1.025295e-05 1.928750e-22
 1.90031859441e+00 1.127899e+01 5.1777519e+28 4.6245449e+10 -3.440560e-01 2.784965e-05 1.016262e-05 1.928750e-22
 1.90031860487e+00 1.127927e+01 5.1263356e+28 4.5812348e+10 -3.440436e-01 2.758883e-05 1.007317e-05 1.928750e-22
 1.90031861523e+00 1.127956e+01 5.0754299e+28 4.5384190e+10 -3.440312e-01 2.733099e-05 9.984685e-06 1.928750e-22
 1.90031862549e+00 1.127984e+01 5.0250296e+28 4.4961347e+10 -3.440188e-01 2.707635e-05 9.897243e-06 1.928750e-22
 1.90031863564e+00 1.128012e+01 4.9751297e+28 4.4544178e+10 -3.440064e-01 2.682512e-05 9.810920e-06 1.928750e-22
 1.90031864570e+00 1.128040e+01 4.9257253e+28 4.4133024e+10 -3.439940e-01 2.657752e-05 9.725788e-06 1.928750e-22
 1.90031865566e+00 1.128069e+01 4.8768114e+28 4.3728214e+10 -3.439816e-01 2.633374e-05 9.641917e-06 1.928750e-22
 1.90031866552e+00 1.128097e+01 4.8283831e+28 4.3330062e+10 -3.439693e-01 2.609397e-05 9.559374e-06 1.928750e-22
 1.90031867528e+00 1.128125e+01 4.7804356e+28 4.2938871e+10 -3.439569e-01 2.585839e-05 9.478223e-06 1.928750e-22
 1.90031868495e+00 1.128153e+01 4.7329642e+28 4.2554928e+10 -3.439446e-01 2.562717e-05 9.398527e-06 1.928750e-22
 1.90031869453e+00 1.128181e+01 4.6859640e+28 4.2178511e+10 -3.439322e-01 2.540049e-05 9.320345e-06 1.928750e-22
 1.90031870401e+00 1.128209e+01 4.6394305e+28 4.1809886e+10 -3.439199e-01 2.517850e-05 9.243734e-06 1.928750e-22
 1.90031871339e+00 1.128237e+01 4.5933589e+28 4.1449268e+10 -3.439076e-01 2.496133e-05 9.168742e-06 1.928750e-22
 1.90031872269e+00 1.128265e+01 4.5477447e+28 4.1096518e+10 -3.438953e-01 2.474890e-05 9.095342e-06 1.928750e-22
 1.90031873189e+00 1.128293e+01 4.5025833e+28 4.0751328e+10 -3.438831e-01 2.454102e-05 9.023472e-06 1.928750e-22
 1.90031874101e+00 1.128321e+01 4.4578702e+28 4.0413397e+10 -3.438708e-01 2.433751e-05 8.953072e-06 1.928750e-22
 1.90031875003e+00 1.128349e+01 4.4136009e+28 4.0082433e+10 -3.438586e-01 2.413820e-05 8.884083e-06 1.928750e-22
 1.90031875897e+00 1.128377e+01 4.3697711e+28 3.9758152e+10 -3.438464e-01 2.394292e-05 8.816449e-06 1.928750e-22
 1.90031876781e+00 1.128405e+01 4.3263763e+28 3.9440280e+10 -3.438342e-01 2.375149e-05 8.750114e-06 1.928750e-22
 1.90031877658e+00 1.128432e+01 4.2834123e+28 3.9128549e+10 -3.438221e-01 2.356376e-05 8.685024e-06 1.928750e-22
 1.90031878525e+00 1.128460e+01 4.2408747e+28 3.8822700e+10 -3.438100e-01 2.337958e-05 8.621126e-06 1.928750e-22
 1.90031879384e+00 1.128488e+01 4.1987594e+28 3.8522478e+10 -3.437979e-01 2.319878e-05 8.558370e-06 1.928750e-22
 1.90031880235e+00 1.128515e+01 4.1570620e+28 3.8227640e+10 -3.437858e-01 2.302123e-05 8.496705e-06 1.928750e-22
 1.90031881077e+00 1.128543e+01 4.1157785e+28 3.7937946e+10 -3.437737e-01 2.284677e-05 8.436084e-06 1.928750e-22
 1.90031881911e+00 1.128570e+01 4.0749048e+28 3.7653163e+10 -3.437617e-01 2.267527e-05 8.376459e-06 1.928750e-22
 1.90031882737e+00 1.128597e+01 4.0344367e+28 3.7373066e+10 -3.437497e-01 2.250659e-05 8.317784e-06 1.928750e-22
 1.90031883555e+00 1.128625e+01 3.9943703e+28 3.7097435e+10 -3.437378e-01 2.234060e-05 8.260014e-06 1.928750e-22
 1.90031884365e+00 1.128652e+01 3.9547016e+28 3.6826054e+10 -3.437258e-01 2.217717e-05 8.203106e-06 1.928750e-22
 1.90031885166e+00 1.128679e+01 3.9154265e+28 3.6558715e+10 -3.437139e-01 2.201618e-05 8.147017e-06 1.928750e-22
 1.90031885960e+00 1.128706e+01 3.8765413e+28 3.6295215e+10 -3.437021e-01 2.185750e-05 8.091706e-06 1.928750e-22
 1.90031886747e+00 1.128733e+01 3.8380420e+28 3.6035355e+10 -3.436902e-01 2.170101e-05 8.037132e-06 1.928750e-22
 1.90031887525e+00 1.128760e+01 3.7999248e+28 3.5778942e+10 -3.436784e-01 2.154659e-05 7.983255e-06 1.928750e-22
 1.90031888296e+00 1.128787e+01 3.7621859e+28 3.5525788e+10 -3.436667e-01 2.139414e-05 7.930037e-06 1.928750e-22
 1.90031889059e+00 1.128814e+01 3.7248215e+28 3.5275710e+10 -3.436550e-01 2.124354e-05 7.877440e-06 1.928750e-22
 1.90031889815e+00 1.128840e+01 3.6878280e+28 3.5028528e+10 -3.436433e-01 2.109468e-05 7.825427e-06 1.928750e-22
 1.90031890563e+00 1.128867e+01 3.6512016e+28 3.4784068e+10 -3.436316e-01 2.094746e-05 7.773963e-06 1.928750e-22
 1.90031891304e+00 1.128894e+01 3.6149388e+28 3.4542161e+10 -3.436200e-01 2.080178e-05 7.723012e-06 1.928750e-22
 1.90031892038e+00 1.128920e+01 3.5790358e+28 3.4302640e+10 -3.436084e-01 2.065754e-05 7.672541e-06 1.928750e-22
 1.90031892765e+00 1.128947e+01 3.5434892e+28 3.4065343e+10 -3.435968e-01 2.051464e-05 7.622516e-06 1.928750e-22
 1.90031893484e+00 1.128973e+01 3.5082954e+28 3.3830113e+10 -3.435853e-01 2.037298e-05 7.572903e-06 1.928750e-22
 1.90031894197e+00 1.128999e+01 3.4734509e+28 3.3596797e+10 -3.435738e-01 2.023247e-05 7.523672e-06 1.928750e-22
 1.90031894902e+00 1.129025e+01 3.4389522e+28 3.3365245e+10 -3.435624e-01 2.009303e-05 7.474792e-06 1.928750e-22
 1.90031895601e+00 1.129051e+01 3.4047959e+28 3.3135311e+10 -3.435509e-01 1.995456e-05 7.426232e-06 1.928750e-22
 1.90031896292e+00 1.129077e+01 3.3709787e+28 3.2906856e+10 -3.435396e-01 1.981698e-05 7.377963e-06 1.928750e-22
 1.90031896977e+00 1.129103e+01 3.3374971e+28 3.2679761e+10 -3.435282e-01 1.968022e-05 7.329960e-06 1.928750e-22
 1.90031897655e+00 1.129129e+01 3.3043478e+28 3.2453914e+10 -3.435169e-01 1.954421e-05 7.282199e-06 1.928750e-22
 1.90031898327e+00 1.129155e+01 3.2715275e+28 3.2229205e+10 -3.435056e-01 1.940888e-05 7.234659e-06 1.928750e-22
 1.90031898992e+00 1.129181e+01 3.2390330e+28 3.2005530e+10 -3.434944e-01 1.927418e-05 7.187315e-06 1.928750e-22
 1.90031899650e+00 1.129206e+01 3.2068611e+28 3.1782783e+10 -3.434832e-01 1.914004e-05 7.140147e-06 1.928750e-22
 1.90031900302e+00 1.129232e+01 3.1750085e+28 3.1560865e+10 -3.434720e-01 1.900640e-05 7.093132e-06 1.928750e-22
 1.90031900948e+00 1.129257e+01 3.1434720e+28 3.1339678e+10 -3.434608e-01 1.887319e-05 7.046251e-06 1.928750e-22
 1.90031901587e+00 1.129283e+01 3.1122486e+28 3.1119127e+10 -3.434497e-01 1.874037e-05 6.999483e-06 1.928750e-22
 1.90031902220e+00 1.129308e+01 3.0813351e+28 3.0899120e+10 -3.434387e-01 1.860788e-05 6.952809e-06 1.928750e-22
 1.90031902846e+00 1.129333e+01 3.0507285e+28 3.0679567e+10 -3.434276e-01 1.847566e-05 6.906209e-06 1.928750e-22
 1.90031903467e+00 1.129358e+01 3.0204258e+28 3.0460381e+10 -3.434166e-01 1.834366e-05 6.859664e-06 1.928750e-22
 1.90031904081e+00 1.129384e+01 2.9904238e+28 3.0241479e+10 -3.434056e-01 1.821184e-05 6.813158e-06 1.928750e-22
 1.90031904690e+00 1.129409e+01 2.9607197e+28 3.0022779e+10 -3.433946e-01 1.808013e-05 6.766672e-06 1.928750e-22
 1.90031905292e+00 1.129434e+01 2.9313104e+28 2.9804203e+10 -3.433837e-01 1.794850e-05 6.720190e-06 1.928750e-22
 1.90031905889e+00 1.129459e+01 2.9021931e+28 2.9585675e+10 -3.433728e-01 1.781690e-05 6.673695e-06 1.928750e-22
 1.90031906480e+00 1.129483e+01 2.8733649e+28 2.9367120e+10 -3.433620e-01 1.768528e-05 6.627172e-06 1.928750e-22
 1.90031907065e+00 1.129508e+01 2.8448229e+28 2.9148470e+10 -3.433511e-01 1.755361e-05 6.580605e-06 1.928750e-22
 1.90031907644e+00 1.129533e+01 2.8165642e+28 2.8929655e+10 -3.433403e-01 1.742183e-05 6.533979e-06 1.928750e-22
 1.90031908217e+00 1.129558e+01 2.7885861e+28 2.8710611e+10 -3.433295e-01 1.728992e-05 6.487281e-06 1.928750e-22
 1.90031908785e+00 1.129582e+01 2.7608858e+28 2.8491275e+10 -3.433187e-01 1.715783e-05 6.440497e-06 1.928750e-22
 1.90031909347e+00 1.129607e+01 2.7334605e+28 2.8271586e+10 -3.433080e-01 1.702553e-05 6.393613e-06 1.928750e-22
 1.90031909904e+00 1.129631e+01 2.7063075e+28 2.8051488e+10 -3.432973e-01 1.689298e-05 6.346618e-06 1.928750e-22
 1.90031910455e+00 1.129656e+01 2.6794241e+28 2.7830927e+10 -3.432866e-01 1.676016e-05 6.299499e-06 1.928750e-22
 1.90031911001e+00 1.129680e+01 2.6528076e+28 2.7609849e+10 -3.432759e-01 1.662702e-05 6.252245e-06 1.928750e-22
 1.90031911542e+00 1.129705e+01 2.6264555e+28 2.7388207e+10 -3.432653e-01 1.649355e-05 6.204845e-06 1.928750e-22
 1.90031912077e+00 1.129729e+01 2.6003650e+28 2.7165953e+10 -3.432546e-01 1.635970e-05 6.157289e-06 1.928750e-22
 1.90031912607e+00 1.129753e+01 2.5745336e+28 2.6943043e+10 -3.432440e-01 1.622546e-05 6.109567e-06 1.928750e-22
 1.90031913132e+00 1.129777e+01 2.5489587e+28 2.6719437e+10 -3.432334e-01 1.609080e-05 6.061669e-06 1.928750e-22
 1.90031913651e+00 1.129802e+01 2.5236377e+28 2.6495096e+10 -3.432229e-01 1.595570e-05 6.013588e-06 1.928750e-22
 1.90031914166e+00 1.129826e+01 2.4985682e+28 2.6269985e+10 -3.432123e-01 1.582014e-05 5.965314e-06 1.928750e-22
 1.90031914675e+00 1.129850e+01 2.4737477e+28 2.6044151e+10 -3.432017e-01 1.568414e-05 5.916859e-06 1.928750e-22
 1.90031915180e+00 1.129874e+01 2.4491737e+28 2.5817834e+10 -3.431912e-01 1.554785e-05 5.868273e-06 1.928750e-22
 1.90031915679e+00 1.129898e+01 2.4248438e+28 2.5591294e+10 -3.431807e-01 1.541142e-05 5.819612e-06 1.928750e-22
 1.90031916174e+00 1.129922e+01 2.4007554e+28 2.5364781e+10 -3.431702e-01 1.527501e-05 5.770929e-06 1.928750e-22
 1.90031916663e+00 1.129946e+01 2.3769063e+28 2.5138541e+10 -3.431597e-01 1.513877e-05 5.722277e-06 1.928750e-22
 1.90031917148e+00 1.129970e+01 2.3532941e+28 2.4912809e+10 -3.431492e-01 1.500283e-05 5.673707e-06 1.928750e-22
 1.90031917628e+00 1.129994e+01 2.3299164e+28 2.4687812e+10 -3.431387e-01 1.486734e-05 5.625268e-06 1.928750e-22
 1.90031918104e+00 1.130018e+01 2.3067709e+28 2.4463773e+10 -3.431283e-01 1.473242e-05 5.577008e-06 1.928750e-22
 1.90031918574e+00 1.130042e+01 2.2838553e+28 2.4240902e+10 -3.431178e-01 1.459820e-05 5.528972e-06 1.928750e-22
 1.90031919041e+00 1.130066e+01 2.2611673e+28 2.4019407e+10 -3.431073e-01 1.446481e-05 5.481205e-06 1.928750e-22
 1.90031919502e+00 1.130090e+01 2.2387047e+28 2.3799483e+10 -3.430969e-01 1.433237e-05 5.433750e-06 1.928750e-22
 1.90031919959e+00 1.130114e+01 2.2164651e+28 2.3581321e+10 -3.430865e-01 1.420100e-05 5.386649e-06 1.928750e-22
 1.90031920412e+00 1.130138e+01 2.1944465e+28 2.3365105e+10 -3.430760e-01 1.407079e-05 5.339942e-06 1.928750e-22
 1.90031920860e+00 1.130162e+01 2.1726465e+28 2.3151011e+10 -3.430656e-01 1.394186e-05 5.293666e-06 1.928750e-22
 1.90031921303e+00 1.130186e+01 2.1510631e+28 2.2939206e+10 -3.430552e-01 1.381431e-05 5.247860e-06 1.928750e-22
 1.90031921743e+00 1.130210e+01 2.1296941e+28 2.2729854e+10 -3.430448e-01 1.368823e-05 5.202559e-06 1.928750e-22
 1.90031922178e+00 1.130233e+01 2.1085373e+28 2.2523109e+10 -3.430344e-01 1.356373e-05 5.157797e-06 1.928750e-22
 1.90031922608e+00 1.130257e+01 2.0875906e+28 2.2319123e+10 -3.430240e-01 1.344089e-05 5.113607e-06 1.928750e-22
 1.90031923035e+00 1.130281e+01 2.0668520e+28 2.2118036e+10 -3.430137e-01 1.331979e-05 5.070021e-06 1.928750e-22
 1.90031923457e+00 1.130305e+01 2.0463194e+28 2.1919988e+10 -3.430033e-01 1.320053e-05 5.027070e-06 1.928750e-22
 1.90031923875e+00 1.130328e+01 2.0259908e+28 2.1725109e+10 -3.429929e-01 1.308317e-05 4.984783e-06 1.928750e-22
 1.90031924289e+00 1.130352e+01 2.0058640e+28 2.1533526e+10 -3.429826e-01 1.296779e-05 4.943188e-06 1.928750e-22
 1.90031924699e+00 1.130376e+01 1.9859371e+28 2.1345359e+10 -3.429723e-01 1.285448e-05 4.902313e-06 1.928750e-22
 1.90031925105e+00 1.130399e+01 1.9662081e+28 2.1160724e+10 -3.429619e-01 1.274329e-05 4.862184e-06 1.928750e-22
 1.90031925507e+00 1.130423e+01 1.9466751e+28 2.0979734e+10 -3.429516e-01 1.263430e-05 4.822825e-06 1.928750e-22
 1.90031925905e+00 1.130447e+01 1.9273361e+28 2.0802486e+10 -3.429414e-01 1.252755e-05 4.784259e-06 1.928750e-22
 1.90031926299e+00 1.130470e+01 1.9081891e+28 2.0628943e+10 -3.429311e-01 1.242305e-05 4.746480e-06 1.928750e-22
 1.90031926689e+00 1.130494e+01 1.8892323e+28 2.0458950e+10 -3.429208e-01 1.232067e-05 4.709454e-06 1.928750e-22
 1.90031927075e+00 1.130517e+01 1.8704637e+28 2.0292353e+10 -3.429106e-01 1.222035e-05 4.673149e-06 1.928750e-22
 1.90031927458e+00 1.130541e+01 1.8518816e+28 2.0129004e+10 -3.429004e-01 1.212198e-05 4.637534e-06 1.928750e-22
 1.90031927837e+00 1.130564e+01 1.8334839e+28 1.9968758e+10 -3.428902e-01 1.202547e-05 4.602577e-06 1.928750e-22
 1.90031928212e+00 1.130587e+01 1.8152690e+28 1.9811473e+10 -3.428800e-01 1.193075e-05 4.568249e-06 1.928750e-22
 1.90031928583e+00 1.130611e+01 1.7972349e+28 1.9657014e+10 -3.428698e-01 1.183774e-05 4.534520e-06 1.928750e-22
 1.90031928951e+00 1.130634e+01 1.7793799e+28 1.9505248e+10 -3.428597e-01 1.174634e-05 4.501364e-06 1.928750e-22
 1.90031929315e+00 1.130657e+01 1.7617023e+28 1.9356044e+10 -3.428496e-01 1.165649e-05 4.468751e-06 1.928750e-22
 1.90031929676e+00 1.130680e+01 1.7442001e+28 1.9209279e+10 -3.428395e-01 1.156810e-05 4.436655e-06 1.928750e-22
 1.90031930033e+00 1.130703e+01 1.7268718e+28 1.9064828e+10 -3.428294e-01 1.148111e-05 4.405051e-06 1.928750e-22
 1.90031930386e+00 1.130726e+01 1.7097155e+28 1.8922574e+10 -3.428194e-01 1.139545e-05 4.373912e-06 1.928750e-22
 1.90031930736e+00 1.130749e+01 1.6927296e+28 1.8782400e+10 -3.428094e-01 1.131103e-05 4.343214e-06 1.928750e-22
 1.90031931083e+00 1.130772e+01 1.6759124e+28 1.8644194e+10 -3.427994e-01 1.122780e-05 4.312932e-06 1.928750e-22
 1.90031931426e+00 1.130795e+01 1.6592621e+28 1.8507846e+10 -3.427894e-01 1.114569e-05 4.283044e-06 1.928750e-22
 1.90031931766e+00 1.130818e+01 1.6427772e+28 1.8373249e+10 -3.427795e-01 1.106463e-05 4.253525e-06 1.928750e-22
 1.90031932102e+00 1.130841e+01 1.6264560e+28 1.8240298e+10 -3.427696e-01 1.098457e-05 4.224355e-06 1.928750e-22
 1.90031932436e+00 1.130864e+01 1.6102969e+28 1.8108893e+10 -3.427597e-01 1.090543e-05 4.195510e-06 1.928750e-22
 1.90031932765e+00 1.130886e+01 1.5942982e+28 1.7978934e+10 -3.427498e-01 1.082717e-05 4.166970e-06 1.928750e-22
 1.90031933092e+00 1.130909e+01 1.5784583e+28 1.7850325e+10 -3.427400e-01 1.074972e-05 4.138713e-06 1.928750e-22
 1.90031933416e+00 1.130931e+01 1.5627758e+28 1.7722972e+10 -3.427302e-01 1.067303e-05 4.110720e-06 1.928750e-22
 1.90031933736e+00 1.130954e+01 1.5472490e+28 1.7596785e+10 -3.427204e-01 1.059703e-05 4.082971e-06 1.928750e-22
 1.90031934053e+00 1.130976e+01 1.5318763e+28 1.7471673e+10 -3.427107e-01 1.052169e-05 4.055446e-06 1.928750e-22
 1.90031934367e+00 1.130998e+01 1.5166563e+28 1.7347550e+10 -3.427010e-01 1.044694e-05 4.028127e-06 1.928750e-22
 1.90031934678e+00 1.131021e+01 1.5015875e+28 1.7224332e+10 -3.426913e-01 1.037274e-05 4.000995e-06 1.928750e-22
 1.90031934986e+00 1.131043e+01 1.4866683e+28 1.7101937e+10 -3.426816e-01 1.029903e-05 3.974032e-06 1.928750e-22
 1.90031935290e+00 1.131065e+01 1.4718972e+28 1.6980284e+10 -3.426720e-01 1.022577e-05 3.947222e-06 1.928750e-22
 1.90031935592e+00 1.131087e+01 1.4572728e+28 1.6859296e+10 -3.426624e-01 1.015291e-05 3.920546e-06 1.928750e-22
 1.90031935891e+00 1.131109e+01 1.4427936e+28 1.6738897e+10 -3.426528e-01 1.008040e-05 3.893989e-06 1.928750e-22
 1.90031936187e+00 1.131131e+01 1.4284583e+28 1.6619013e+10 -3.426432e-01 1.000821e-05 3.867535e-06 1.928750e-22
 1.90031936480e+00 1.131153e+01 1.4142652e+28 1.6499580e+10 -3.426337e-01 9.936281e-06 3.841169e-06 1.928750e-22
 1.90031936770e+00 1.131175e+01 1.4002132e+28 1.6380586e+10 -3.426242e-01 9.864621e-06 3.814888e-06 1.928750e-22
 1.90031937058e+00 1.131196e+01 1.3863006e+28 1.6262048e+10 -3.426147e-01 9.793236e-06 3.788698e-06 1.928750e-22
 1.90031937342e+00 1.131218e+01 1.3725263e+28 1.6143982e+10 -3.426053e-01 9.722135e-06 3.762600e-06 1.928750e-22
 1.90031937624e+00 1.131240e+01 1.3588887e+28 1.6026403e+10 -3.425959e-01 9.651327e-06 3.736599e-06 1.928750e-22
 1.90031937903e+00 1.131261e+01 1.3453866e+28 1.5909327e+10 -3.425865e-01 9.580822e-06 3.710698e-06 1.928750e-22
 1.90031938179e+00 1.131283e+01 1.3320186e+28 1.5792767e+10 -3.425771e-01 9.510629e-06 3.684900e-06 1.928750e-22
 1.90031938452e+00 1.131304e+01 1.3187833e+28 1.5676739e+10 -3.425677e-01 9.440755e-06 3.659209e-06 1.928750e-22
 1.90031938723e+00 1.131326e+01 1.3056795e+28 1.5561256e+10 -3.425584e-01 9.371209e-06 3.633627e-06 1.928750e-22
 1.90031938991e+00 1.131347e+01 1.2927058e+28 1.5446331e+10 -3.425491e-01 9.302000e-06 3.608158e-06 1.928750e-22
 1.90031939256e+00 1.131369e+01 1.2798609e+28 1.5331978e+10 -3.425398e-01 9.233135e-06 3.582804e-06 1.928750e-22
 1.90031939519e+00 1.131390e+01 1.2671437e+28 1.5218208e+10 -3.425306e-01 9.164621e-06 3.557569e-06 1.928750e-22
 1.90031939779e+00 1.131411e+01 1.2545527e+28 1.5105034e+10 -3.425213e-01 9.096466e-06 3.532455e-06 1.928750e-22
 1.90031940037e+00 1.131432e+01 1.2420868e+28 1.4992468e+10 -3.425121e-01 9.028678e-06 3.507466e-06 1.928750e-22
 1.90031940292e+00 1.131453e+01 1.2297447e+28 1.4880522e+10 -3.425030e-01 8.961262e-06 3.482602e-06 1.928750e-22
 1.90031940545e+00 1.131474e+01 1.2175252e+28 1.4769205e+10 -3.424938e-01 8.894225e-06 3.457868e-06 1.928750e-22
 1.90031940795e+00 1.131495e+01 1.2054270e+28 1.4658528e+10 -3.424846e-01 8.827574e-06 3.433265e-06 1.928750e-22
 1.90031941043e+00 1.131516e+01 1.1934491e+28 1.4548503e+10 -3.424755e-01 8.761316e-06 3.408796e-06 1.928750e-22
 1.90031941288e+00 1.131537e+01 1.1815900e+28 1.4439138e+10 -3.424664e-01 8.695455e-06 3.384463e-06 1.928750e-22
 1.90031941531e+00 1.131558e+01 1.1698488e+28 1.4330443e+10 -3.424574e-01 8.629997e-06 3.360268e-06 1.928750e-22
 1.90031941771e+00 1.131579e+01 1.1582242e+28 1.4222427e+10 -3.424483e-01 8.564948e-06 3.336214e-06 1.928750e-22
 1.90031942009e+00 1.131600e+01 1.1467151e+28 1.4115099e+10 -3.424393e-01 8.500314e-06 3.312302e-06 1.928750e-22
 1.90031942245e+00 1.131621e+01 1.1353202e+28 1.4008467e+10 -3.424303e-01 8.436099e-06 3.288535e-06 1.928750e-22
 1.90031942479e+00 1.131641e+01 1.1240386e+28 1.3902540e+10 -3.424213e-01 8.372307e-06 3.264914e-06 1.928750e-22
 1.90031942710e+00 1.131662e+01 1.1128690e+28 1.3797324e+10 -3.424123e-01 8.308945e-06 3.241441e-06 1.928750e-22
 1.90031942938e+00 1.131682e+01 1.1018103e+28 1.3692827e+10 -3.424034e-01 8.246015e-06 3.218118e-06 1.928750e-22
 1.90031943165e+00 1.131703e+01 1.0908615e+28 1.3589057e+10 -3.423945e-01 8.183523e-06 3.194947e-06 1.928750e-22
 1.90031943389e+00 1.131723e+01 1.0800215e+28 1.3486019e+10 -3.423856e-01 8.121473e-06 3.171930e-06 1.928750e-22
 1.90031943612e+00 1.131744e+01 1.0692891e+28 1.3383721e+10 -3.423767e-01 8.059867e-06 3.149067e-06 1.928750e-22
 1.90031943832e+00 1.131764e+01 1.0586633e+28 1.3282169e+10 -3.423678e-01 7.998711e-06 3.126360e-06 1.928750e-22
 1.90031944049e+00 1.131785e+01 1.0481431e+28 1.3181367e+10 -3.423590e-01 7.938006e-06 3.103812e-06 1.928750e-22
 1.90031944265e+00 1.131805e+01 1.0377274e+28 1.3081322e+10 -3.423502e-01 7.877758e-06 3.081422e-06 1.928750e-22
 1.90031944479e+00 1.131825e+01 1.0274151e+28 1.2982039e+10 -3.423414e-01 7.817968e-06 3.059193e-06 1.928750e-22
 1.90031944690e+00 1.131845e+01 1.0172053e+28 1.2883523e+10 -3.423326e-01 7.758639e-06 3.037126e-06 1.928750e-22
 1.90031944899e+00 1.131865e+01 1.0070969e+28 1.2785778e+10 -3.423238e-01 7.699776e-06 3.015221e-06 1.928750e-22
 1.90031945107e+00 1.131886e+01 9.9708889e+27 1.2688809e+10 -3.423151e-01 7.641380e-06 2.993481e-06 1.928750e-22
 1.90031945312e+00 1.131906e+01 9.8718030e+27 1.2592621e+10 -3.423064e-01 7.583453e-06 2.971906e-06 1.928750e-22
 1.90031945515e+00 1.131926e+01 9.7737014e+27 1.2497216e+10 -3.422977e-01 7.525999e-06 2.950498e-06 1.928750e-22
 1.90031945716e+00 1.131946e+01 9.6765742e+27 1.2402599e+10 -3.422890e-01 7.469019e-06 2.929256e-06 1.928750e-22
 1.90031945916e+00 1.131966e+01 9.5804119e+27 1.2308773e+10 -3.422804e-01 7.412515e-06 2.908184e-06 1.928750e-22
 1.90031946113e+00 1.131985e+01 9.4852048e+27 1.2215741e+10 -3.422717e-01 7.356489e-06 2.887280e-06 1.928750e-22
 1.90031946308e+00 1.132005e+01 9.3909435e+27 1.2123506e+10 -3.422631e-01 7.300944e-06 2.866546e-06 1.928750e-22
 1.90031946502e+00 1.132025e+01 9.2976185e+27 1.2032070e+10 -3.422545e-01 7.245879e-06 2.845983e-06 1.928750e-22
 1.90031946693e+00 1.132045e+01 9.2052205e+27 1.1941436e+10 -3.422460e-01 7.191298e-06 2.825592e-06 1.928750e-22
 1.90031946883e+00 1.132064e+01 9.1137405e+27 1.1851607e+10 -3.422374e-01 7.137201e-06 2.805373e-06 1.928750e-22
 1.90031947071e+00 1.132084e+01 9.0231691e+27 1.1762584e+10 -3.422289e-01 7.083590e-06 2.785326e-06 1.928750e-22
 1.90031947257e+00 1.132104e+01 8.9334975e+27 1.1674368e+10 -3.422204e-01 7.030465e-06 2.765453e-06 1.928750e-22
 1.90031947441e+00 1.132123e+01 8.8447166e+27 1.1586962e+10 -3.422119e-01 6.977827e-06 2.745754e-06 1.928750e-22
 1.90031947623e+00 1.132143e+01 8.7568177e+27 1.1500367e+10 -3.422034e-01 6.925678e-06 2.726230e-06 1.928750e-22
 1.90031947803e+00 1.132162e+01 8.6697920e+27 1.1414584e+10 -3.421950e-01 6.874018e-06 2.706880e-06 1.928750e-22
 1.90031947982e+00 1.132182e+01 8.5836307e+27 1.1329614e+10 -3.421866e-01 6.822847e-06 2.687706e-06 1.928750e-22
 1.90031948159e+00 1.132201e+01 8.4983254e+27 1.1245457e+10 -3.421782e-01 6.772167e-06 2.668707e-06 1.928750e-22
 1.90031948334e+00 1.132220e+01 8.4138675e+27 1.1162115e+10 -3.421698e-01 6.721976e-06 2.649885e-06 1.928750e-22
 1.90031948508e+00 1.132239e+01 8.3302486e+27 1.1079588e+10 -3.421614e-01 6.672277e-06 2.631238e-06 1.928750e-22
 1.90031948680e+00 1.132259e+01 8.2474604e+27 1.0997875e+10 -3.421531e-01 6.623068e-06 2.612768e-06 1.928750e-22
 1.90031948850e+00 1.132278e+01 8.1654945e+27 1.0916978e+10 -3.421448e-01 6.574350e-06 2.594475e-06 1.928750e-22
 1.90031949018e+00 1.132297e+01 8.0843430e+27 1.0836895e+10 -3.421365e-01 6.526123e-06 2.576359e-06 1.928750e-22
 1.90031949185e+00 1.132316e+01 8.0039976e+27 1.0757628e+10 -3.421282e-01 6.478387e-06 2.558419e-06 1.928750e-22
 1.90031949350e+00 1.132335e+01 7.9244503e+27 1.0679175e+10 -3.421199e-01 6.431141e-06 2.540657e-06 1.928750e-22
 1.90031949513e+00 1.132354e+01 7.8456933e+27 1.0601536e+10 -3.421117e-01 6.384386e-06 2.523072e-06 1.928750e-22
 1.90031949675e+00 1.132373e+01 7.7677186e+27 1.0524710e+10 -3.421035e-01 6.338120e-06 2.505664e-06 1.928750e-22
 1.90031949836e+00 1.132392e+01 7.6905186e+27 1.0448698e+10 -3.420953e-01 6.292344e-06 2.488434e-06 1.928750e-22
 1.90031949994e+00 1.132411e+01 7.6140854e+27 1.0373484e+10 -3.420872e-01 6.247049e-06 2.471378e-06 1.928750e-22
 1.90031950151e+00 1.132429e+01 7.5384116e+27 1.0299026e+10 -3.420790e-01 6.202209e-06 2.454486e-06 1.928750e-22
 1.90031950307e+00 1.132448e+01 7.4634895e+27 1.0225275e+10 -3.420709e-01 6.157795e-06 2.437748e-06 1.928750e-22
 1.90031950461e+00 1.132467e+01 7.3893117e+27 1.0152185e+10 -3.420628e-01 6.113779e-06 2.421154e-06 1.928750e-22
 1.90031950614e+00 1.132485e+01 7.3158709e+27 1.0079710e+10 -3.420547e-01 6.070133e-06 2.404693e-06 1.928750e-22
 1.90031950765e+00 1.132504e+01 7.2431596e+27 1.0007805e+10 -3.420467e-01 6.026832e-06 2.388354e-06 1.928750e-22
 1.90031950914e+00 1.132522e+01 7.1711706e+27 9.9364287e+09 -3.420387e-01 5.983847e-06 2.372129e-06 1.928750e-22
 1.90031965914e+00 1.140274e+01 1.0000000e+15 4.9460214e+01 -3.388074e-01 2.978559e-14 1.382993e-14 1.928750e-22
