 633  1.685596e+00
 0.00000000000e+00 0.000000e+00 1.3591558e+35 9.8500004e+14 -4.587960e-01 5.381260e-01 2.664953e-02 1.441637e-02
 2.07447182969e-09 1.000000e-02 1.3591535e+35 9.8500004e+14 -4.587958e-01 5.381257e-01 2.664952e-02 1.441635e-02
 2.79185221064e-09 1.104066e-02 1.3591530e+35 9.8499909e+14 -4.587957e-01 5.381257e-01 2.664951e-02 1.441635e-02
 3.76860036488e-09 1.220181e-02 1.3591524e+35 9.8499891e+14 -4.587957e-01 5.381256e-01 2.664951e-02 1.441635e-02
 5.08706887886e-09 1.348508e-02 1.3591517e+35 9.8499870e+14 -4.587956e-01 5.381255e-01 2.664950e-02 1.441634e-02
 6.86680930467e-09 1.490331e-02 1.3591507e+35 9.8499843e+14 -4.587955e-01 5.381254e-01 2.664950e-02 1.441634e-02
 9.26919784928e-09 1.647069e-02 1.3591496e+35 9.8499811e+14 -4.587954e-01 5.381252e-01 2.664949e-02 1.441633e-02
 1.25120671198e-08 1.820291e-02 1.3591482e+35 9.8499772e+14 -4.587953e-01 5.381250e-01 2.664948e-02 1.441632e-02
 1.68894562790e-08 2.011730e-02 1.3591466e+35 9.8499725e+14 -4.587951e-01 5.381248e-01 2.664947e-02 1.441632e-02
 2.27982699197e-08 2.223302e-02 1.3591445e+35 9.8499666e+14 -4.587949e-01 5.381245e-01 2.664946e-02 1.441630e-02
 3.07742620565e-08 2.457124e-02 1.3591420e+35 9.8499595e+14 -4.587946e-01 5.381242e-01 2.664944e-02 1.441629e-02
 4.15406065881e-08 2.715536e-02 1.3591390e+35 9.8499508e+14 -4.587943e-01 5.381238e-01 2.664942e-02 1.441627e-02
 5.60734558750e-08 3.001123e-02 1.3591352e+35 9.8499402e+14 -4.587940e-01 5.381233e-01 2.664939e-02 1.441625e-02
 7.56904278305e-08 3.316743e-02 1.3591307e+35 9.8499272e+14 -4.587935e-01 5.381227e-01 2.664936e-02 1.441623e-02
 1.02170038254e-07 3.665553e-02 1.3591251e+35 9.8499114e+14 -4.587930e-01 5.381219e-01 2.664933e-02 1.441620e-02
 1.37912896606e-07 4.051042e-02 1.3591183e+35 9.8498920e+14 -4.587923e-01 5.381210e-01 2.664928e-02 1.441616e-02
 1.86159262901e-07 4.477066e-02 1.3591100e+35 9.8498684e+14 -4.587915e-01 5.381199e-01 2.664923e-02 1.441612e-02
 2.51282661702e-07 4.947887e-02 1.3590999e+35 9.8498395e+14 -4.587905e-01 5.381185e-01 2.664916e-02 1.441606e-02
 3.39186125421e-07 5.468211e-02 1.3590875e+35 9.8498043e+14 -4.587893e-01 5.381168e-01 2.664908e-02 1.441600e-02
 4.57836911676e-07 6.043240e-02 1.3590724e+35 9.8497612e+14 -4.587878e-01 5.381148e-01 2.664898e-02 1.441592e-02
 6.17988040504e-07 6.678723e-02 1.3590539e+35 9.8497086e+14 -4.587860e-01 5.381123e-01 2.664885e-02 1.441582e-02
 8.34151846235e-07 7.381008e-02 1.3590314e+35 9.8496443e+14 -4.587838e-01 5.381093e-01 2.664870e-02 1.441569e-02
 1.12591344047e-06 8.157110e-02 1.3590038e+35 9.8495659e+14 -4.587811e-01 5.381056e-01 2.664852e-02 1.441555e-02
 1.51970255704e-06 9.014778e-02 1.3589702e+35 9.8494701e+14 -4.587778e-01 5.381010e-01 2.664830e-02 1.441537e-02
 2.05118340665e-06 9.962570e-02 1.3589291e+35 9.8493530e+14 -4.587738e-01 5.380955e-01 2.664803e-02 1.441514e-02
 2.76847753630e-06 1.100994e-01 1.3588789e+35 9.8492101e+14 -4.587689e-01 5.380887e-01 2.664769e-02 1.441487e-02
 3.73650911698e-06 1.216731e-01 1.3588176e+35 9.8490356e+14 -4.587629e-01 5.380805e-01 2.664729e-02 1.441454e-02
 5.04286204113e-06 1.344622e-01 1.3587428e+35 9.8488225e+14 -4.587555e-01 5.380704e-01 2.664679e-02 1.441414e-02
 6.80567230273e-06 1.485937e-01 1.3586515e+35 9.8485623e+14 -4.587466e-01 5.380581e-01 2.664618e-02 1.441365e-02
 9.18425876069e-06 1.642080e-01 1.3585399e+35 9.8482445e+14 -4.587357e-01 5.380430e-01 2.664544e-02 1.441305e-02
 1.23934356000e-05 1.814597e-01 1.3584037e+35 9.8478565e+14 -4.587223e-01 5.380247e-01 2.664454e-02 1.441231e-02
 1.67227703544e-05 2.005195e-01 1.3582375e+35 9.8473829e+14 -4.587060e-01 5.380022e-01 2.664344e-02 1.441142e-02
 2.25624779865e-05 2.215753e-01 1.3580345e+35 9.8468047e+14 -4.586862e-01 5.379749e-01 2.664209e-02 1.441032e-02
 3.04382074920e-05 2.448339e-01 1.3577868e+35 9.8460989e+14 -4.586619e-01 5.379415e-01 2.664044e-02 1.440899e-02
 4.10577252874e-05 2.705232e-01 1.3574846e+35 9.8452376e+14 -4.586323e-01 5.379007e-01 2.663844e-02 1.440736e-02
 5.53734826841e-05 2.988932e-01 1.3571159e+35 9.8441867e+14 -4.585962e-01 5.378510e-01 2.663599e-02 1.440537e-02
 7.46663389011e-05 3.302187e-01 1.3566661e+35 9.8429047e+14 -4.585521e-01 5.377903e-01 2.663300e-02 1.440294e-02
 1.00657375173e-04 3.648008e-01 1.3561177e+35 9.8413412e+14 -4.584983e-01 5.377163e-01 2.662936e-02 1.439998e-02
 1.35656870095e-04 4.029687e-01 1.3554492e+35 9.8394350e+14 -4.584328e-01 5.376261e-01 2.662492e-02 1.439638e-02
 1.82762208588e-04 4.450820e-01 1.3546348e+35 9.8371119e+14 -4.583529e-01 5.375161e-01 2.661951e-02 1.439198e-02
 2.46119859026e-04 4.915319e-01 1.3536431e+35 9.8342822e+14 -4.582556e-01 5.373821e-01 2.661291e-02 1.438663e-02
 3.31270640204e-04 5.427430e-01 1.3524363e+35 9.8308373e+14 -4.581372e-01 5.372190e-01 2.660489e-02 1.438011e-02
 4.45602310299e-04 5.991737e-01 1.3509689e+35 9.8266466e+14 -4.579931e-01 5.370206e-01 2.659512e-02 1.437218e-02
 5.98938910577e-04 6.613166e-01 1.3491865e+35 9.8215529e+14 -4.578180e-01 5.367793e-01 2.658325e-02 1.436255e-02
 8.04301922257e-04 7.296976e-01 1.3470239e+35 9.8153683e+14 -4.576055e-01 5.364863e-01 2.656884e-02 1.435085e-02
 1.07888340259e-03 8.048737e-01 1.3444038e+35 9.8078683e+14 -4.573477e-01 5.361310e-01 2.655136e-02 1.433666e-02
 1.44527453927e-03 8.874284e-01 1.3412348e+35 9.7987872e+14 -4.570356e-01 5.357006e-01 2.653020e-02 1.431948e-02
 1.93299237564e-03 9.779660e-01 1.3374097e+35 9.7878116e+14 -4.566584e-01 5.351802e-01 2.650461e-02 1.429872e-02
 2.58033965027e-03 1.077101e+00 1.3328040e+35 9.7745748e+14 -4.562035e-01 5.345523e-01 2.647375e-02 1.427369e-02
 3.43661344223e-03 1.185448e+00 1.3272745e+35 9.7586522e+14 -4.556565e-01 5.337967e-01 2.643662e-02 1.424357e-02
 4.56464232034e-03 1.303599e+00 1.3206587e+35 9.7395571e+14 -4.550005e-01 5.328899e-01 2.639209e-02 1.420747e-02
 6.04357346559e-03 1.432108e+00 1.3127751e+35 9.7167391e+14 -4.542169e-01 5.318056e-01 2.633886e-02 1.416432e-02
 7.97174681390e-03 1.571463e+00 1.3034251e+35 9.6895859e+14 -4.532846e-01 5.305141e-01 2.627549e-02 1.411298e-02
 1.04693832057e-02 1.722055e+00 1.2923963e+35 9.6574292e+14 -4.521808e-01 5.289831e-01 2.620041e-02 1.405219e-02
 1.36806869534e-02 1.884146e+00 1.2794684e+35 9.6195564e+14 -4.508813e-01 5.271776e-01 2.611193e-02 1.398059e-02
 1.77748419700e-02 2.057839e+00 1.2644215e+35 9.5752289e+14 -4.493611e-01 5.250614e-01 2.600831e-02 1.389678e-02
 2.29453010346e-02 2.243043e+00 1.2470470e+35 9.5237072e+14 -4.475951e-01 5.225974e-01 2.588776e-02 1.379934e-02
 2.94067771152e-02 2.439452e+00 1.2271603e+35 9.4642822e+14 -4.455596e-01 5.197497e-01 2.574857e-02 1.368693e-02
 3.73894896128e-02 2.646526e+00 1.2046149e+35 9.3963114e+14 -4.432333e-01 5.164849e-01 2.558915e-02 1.355827e-02
 4.71305205778e-02 2.863492e+00 1.1793162e+35 9.3192570e+14 -4.405986e-01 5.127740e-01 2.540817e-02 1.341234e-02
 5.88625753494e-02 3.089357e+00 1.1512341e+35 9.2327213e+14 -4.376432e-01 5.085942e-01 2.520463e-02 1.324837e-02
 7.28009417349e-02 3.322934e+00 1.1204114e+35 9.1364772e+14 -4.343609e-01 5.039304e-01 2.497795e-02 1.306593e-02
 8.91298801666e-02 3.562882e+00 1.0869678e+35 9.0304878e+14 -4.307522e-01 4.987761e-01 2.472800e-02 1.286495e-02
 1.07989925223e-01 3.807759e+00 1.0510985e+35 8.9149143e+14 -4.268249e-01 4.931344e-01 2.445519e-02 1.264578e-02
 1.29467550346e-01 4.056076e+00 1.0130665e+35 8.7901109e+14 -4.225936e-01 4.870173e-01 2.416039e-02 1.240915e-02
 1.53588331199e-01 4.306350e+00 9.7319164e+34 8.6565985e+14 -4.180794e-01 4.804452e-01 2.384475e-02 1.215607e-02
 1.80314222712e-01 4.557149e+00 9.3183472e+34 8.5150328e+14 -4.133088e-01 4.734447e-01 2.350943e-02 1.188775e-02
 2.09545014873e-01 4.807136e+00 8.8938147e+34 8.3661773e+14 -4.083123e-01 4.660481e-01 2.315572e-02 1.160558e-02
 2.41123493979e-01 5.055092e+00 8.4622588e+34 8.2108676e+14 -4.031236e-01 4.582921e-01 2.278493e-02 1.131106e-02
 2.74843474674e-01 5.299938e+00 8.0275526e+34 8.0499923e+14 -3.977778e-01 4.502161e-01 2.239860e-02 1.100578e-02
 3.10459730357e-01 5.540738e+00 7.5933757e+34 7.8844836e+14 -3.923107e-01 4.418626e-01 2.199884e-02 1.069135e-02
 3.47698743035e-01 5.776705e+00 7.1631171e+34 7.7152700e+14 -3.867575e-01 4.332746e-01 2.158786e-02 1.036936e-02
 3.86269367972e-01 6.007189e+00 6.7398080e+34 7.5432497e+14 -3.811522e-01 4.244944e-01 2.116789e-02 1.004135e-02
 4.25872747134e-01 6.231670e+00 6.3260828e+34 7.3692522e+14 -3.755269e-01 4.155625e-01 2.074080e-02 9.708803e-03
 4.66211023663e-01 6.449746e+00 5.9241637e+34 7.1940303e+14 -3.699111e-01 4.065167e-01 2.030806e-02 9.373136e-03
 5.06994687417e-01 6.661117e+00 5.5358653e+34 7.0182684e+14 -3.643319e-01 3.973924e-01 1.987102e-02 9.035669e-03
 5.47948447564e-01 6.865578e+00 5.1626116e+34 6.8425878e+14 -3.588134e-01 3.882221e-01 1.943084e-02 8.697604e-03
 5.88815669479e-01 7.063000e+00 4.8054642e+34 6.6675544e+14 -3.533771e-01 3.790359e-01 1.898856e-02 8.360024e-03
 6.29361454506e-01 7.253319e+00 4.4651564e+34 6.4936678e+14 -3.480414e-01 3.698608e-01 1.854505e-02 8.023907e-03
 6.69374532032e-01 7.436526e+00 4.1421305e+34 6.3213639e+14 -3.428223e-01 3.607211e-01 1.810121e-02 7.690092e-03
 7.08668168535e-01 7.612660e+00 3.8365762e+34 6.1510221e+14 -3.377329e-01 3.516386e-01 1.765827e-02 7.359175e-03
 7.47080274390e-01 7.781795e+00 3.5484678e+34 5.9829667e+14 -3.327844e-01 3.426326e-01 1.721749e-02 7.031649e-03
 7.84472879951e-01 7.944035e+00 3.2775996e+34 5.8174692e+14 -3.279854e-01 3.337198e-01 1.677999e-02 6.707972e-03
 8.20731132860e-01 8.099509e+00 3.0236190e+34 5.6547408e+14 -3.233428e-01 3.249145e-01 1.634612e-02 6.388708e-03
 8.55761959642e-01 8.248363e+00 2.7860556e+34 5.4949430e+14 -3.188613e-01 3.162281e-01 1.591580e-02 6.074459e-03
 8.89492527190e-01 8.390762e+00 2.5643481e+34 5.3382014e+14 -3.145445e-01 3.076707e-01 1.548885e-02 5.765782e-03
 9.21868576575e-01 8.526877e+00 2.3578662e+34 5.1846186e+14 -3.103941e-01 2.992507e-01 1.506546e-02 5.463046e-03
 9.52852701584e-01 8.656892e+00 2.1659313e+34 5.0342854e+14 -3.064108e-01 2.909756e-01 1.464644e-02 5.166353e-03
 9.82422599711e-01 8.780994e+00 1.9878326e+34 4.8872688e+14 -3.025942e-01 2.828515e-01 1.423258e-02 4.875807e-03
 1.01056934642e+00 8.899373e+00 1.8228417e+34 4.7436127e+14 -2.989428e-01 2.748832e-01 1.382458e-02 4.591562e-03
 1.03729573183e+00 9.012221e+00 1.6702242e+34 4.6033277e+14 -2.954545e-01 2.670739e-01 1.342265e-02 4.313940e-03
 1.06261468569e+00 9.119732e+00 1.5292495e+34 4.4664000e+14 -2.921264e-01 2.594251e-01 1.302665e-02 4.043362e-03
 1.08654781933e+00 9.222100e+00 1.3991985e+34 4.3328026e+14 -2.889551e-01 2.519376e-01 1.263643e-02 3.780244e-03
 1.10912407809e+00 9.319515e+00 1.2793696e+34 4.2025002e+14 -2.859365e-01 2.446118e-01 1.225189e-02 3.524934e-03
 1.13037850780e+00 9.412168e+00 1.1690835e+34 4.0754641e+14 -2.830664e-01 2.374483e-01 1.187321e-02 3.277288e-03
 1.15035113027e+00 9.500246e+00 1.0676865e+34 3.9516655e+14 -2.803401e-01 2.304479e-01 1.150072e-02 3.037036e-03
 1.16908591699e+00 9.583933e+00 9.7455331e+33 3.8310678e+14 -2.777529e-01 2.236107e-01 1.113472e-02 2.804083e-03
 1.18662986885e+00 9.663408e+00 8.8908854e+33 3.7136261e+14 -2.752997e-01 2.169363e-01 1.077545e-02 2.578496e-03
 1.20303219042e+00 9.738847e+00 8.1072773e+33 3.5992330e+14 -2.729754e-01 2.104202e-01 1.042275e-02 2.360448e-03
 1.21834355299e+00 9.810424e+00 7.3893793e+33 3.4877210e+14 -2.707749e-01 2.040540e-01 1.007608e-02 2.150206e-03
 1.23261548496e+00 9.878310e+00 6.7321756e+33 3.3789275e+14 -2.686929e-01 1.978297e-01 9.734927e-03 1.948160e-03
 1.24589984940e+00 9.942673e+00 6.1309596e+33 3.2726993e+14 -2.667241e-01 1.917394e-01 9.398828e-03 1.754791e-03
 1.25824838840e+00 1.000368e+01 5.5813265e+33 3.1689119e+14 -2.648631e-01 1.857772e-01 9.067487e-03 1.570490e-03
 1.26971235032e+00 1.006149e+01 5.0791626e+33 3.0676392e+14 -2.631049e-01 1.799485e-01 8.741567e-03 1.394364e-03
 1.27776019622e+00 1.010283e+01 4.7313747e+33 2.9934361e+14 -2.618506e-01 1.756714e-01 8.501350e-03 1.267048e-03
 1.27931530697e+00 1.011090e+01 4.6646268e+33 2.9787822e+14 -2.616062e-01 1.748261e-01 8.453785e-03 1.242064e-03
 1.28085265149e+00 1.011891e+01 4.5987878e+33 2.9641915e+14 -2.613639e-01 1.739842e-01 8.406387e-03 1.217240e-03
 1.28237239407e+00 1.012684e+01 4.5338460e+33 2.9496646e+14 -2.611237e-01 1.731458e-01 8.359159e-03 1.192579e-03
 1.28387469830e+00 1.013472e+01 4.4697900e+33 2.9352020e+14 -2.608855e-01 1.723110e-01 8.312104e-03 1.168081e-03
 1.28535972699e+00 1.014253e+01 4.4066083e+33 2.9208039e+14 -2.606494e-01 1.714797e-01 8.265224e-03 1.143748e-03
 1.28682764224e+00 1.015027e+01 4.3442898e+33 2.9064709e+14 -2.604153e-01 1.706519e-01 8.218524e-03 1.119584e-03
 1.28827860533e+00 1.015796e+01 4.2828234e+33 2.8922033e+14 -2.601833e-01 1.698278e-01 8.172005e-03 1.095590e-03
 1.28971277680e+00 1.016557e+01 4.2221981e+33 2.8780016e+14 -2.599532e-01 1.690073e-01 8.125671e-03 1.071769e-03
 1.29113031634e+00 1.017313e+01 4.1624031e+33 2.8638661e+14 -2.597252e-01 1.681904e-01 8.079523e-03 1.048126e-03
 1.29253138287e+00 1.018063e+01 4.1034276e+33 2.8497971e+14 -2.594991e-01 1.673772e-01 8.033566e-03 1.024662e-03
 1.29391613445e+00 1.018806e+01 4.0452610e+33 2.8357952e+14 -2.592751e-01 1.665677e-01 7.987801e-03 1.001383e-03
 1.29528472831e+00 1.019543e+01 3.9878929e+33 2.8218605e+14 -2.590529e-01 1.657619e-01 7.942230e-03 9.782916e-04
 1.29663732083e+00 1.020274e+01 3.9313128e+33 2.8079934e+14 -2.588327e-01 1.649599e-01 7.896857e-03 9.553926e-04
 1.29797406752e+00 1.020999e+01 3.8755106e+33 2.7941943e+14 -2.586145e-01 1.641616e-01 7.851684e-03 9.326905e-04
 1.29929512301e+00 1.021718e+01 3.8204762e+33 2.7804635e+14 -2.583981e-01 1.633671e-01 7.806713e-03 9.101897e-04
 1.30060064106e+00 1.022431e+01 3.7661994e+33 2.7668012e+14 -2.581836e-01 1.625764e-01 7.761946e-03 8.878952e-04
 1.30189077452e+00 1.023139e+01 3.7126705e+33 2.7532078e+14 -2.579710e-01 1.617896e-01 7.717385e-03 8.658119e-04
 1.30316567534e+00 1.023840e+01 3.6598796e+33 2.7396836e+14 -2.577603e-01 1.610066e-01 7.673033e-03 8.439448e-04
 1.30442549457e+00 1.024536e+01 3.6078172e+33 2.7262288e+14 -2.575515e-01 1.602275e-01 7.628892e-03 8.222992e-04
 1.30567038230e+00 1.025225e+01 3.5564736e+33 2.7128436e+14 -2.573444e-01 1.594523e-01 7.584963e-03 8.008790e-04
 1.30690048771e+00 1.025909e+01 3.5058395e+33 2.6995259e+14 -2.571392e-01 1.586809e-01 7.541237e-03 7.796751e-04
 1.30811595894e+00 1.026588e+01 3.4559055e+33 2.6862730e+14 -2.569358e-01 1.579130e-01 7.497701e-03 7.586725e-04
 1.30931694314e+00 1.027260e+01 3.4066625e+33 2.6730818e+14 -2.567342e-01 1.571486e-01 7.454342e-03 7.378584e-04
 1.31050358643e+00 1.027927e+01 3.3581012e+33 2.6599494e+14 -2.565344e-01 1.563874e-01 7.411145e-03 7.172224e-04
 1.31167603395e+00 1.028589e+01 3.3102129e+33 2.6468731e+14 -2.563364e-01 1.556294e-01 7.368099e-03 6.967561e-04
 1.31283442982e+00 1.029245e+01 3.2629885e+33 2.6338499e+14 -2.561401e-01 1.548743e-01 7.325191e-03 6.764534e-04
 1.31397891717e+00 1.029895e+01 3.2164194e+33 2.6208773e+14 -2.559456e-01 1.541220e-01 7.282407e-03 6.563101e-04
 1.31510963812e+00 1.030540e+01 3.1704968e+33 2.6079524e+14 -2.557527e-01 1.533723e-01 7.239737e-03 6.363240e-04
 1.31622673383e+00 1.031180e+01 3.1252122e+33 2.5950727e+14 -2.555616e-01 1.526251e-01 7.197168e-03 6.164949e-04
 1.31733034444e+00 1.031814e+01 3.0805573e+33 2.5822354e+14 -2.553722e-01 1.518801e-01 7.154689e-03 5.968243e-04
 1.31842060912e+00 1.032443e+01 3.0365236e+33 2.5694381e+14 -2.551845e-01 1.511374e-01 7.112288e-03 5.773155e-04
 1.31949766605e+00 1.033066e+01 2.9931029e+33 2.5566781e+14 -2.549984e-01 1.503967e-01 7.069954e-03 5.579732e-04
 1.32056165243e+00 1.033685e+01 2.9502870e+33 2.5439531e+14 -2.548140e-01 1.496579e-01 7.027677e-03 5.388039e-04
 1.32161270448e+00 1.034298e+01 2.9080680e+33 2.5312606e+14 -2.546313e-01 1.489208e-01 6.985445e-03 5.198153e-04
 1.32265095744e+00 1.034906e+01 2.8664378e+33 2.5185982e+14 -2.544501e-01 1.481853e-01 6.943249e-03 5.010166e-04
 1.32367654559e+00 1.035509e+01 2.8253888e+33 2.5059635e+14 -2.542706e-01 1.474513e-01 6.901079e-03 4.824181e-04
 1.32468960220e+00 1.036107e+01 2.7849130e+33 2.4933543e+14 -2.540926e-01 1.467186e-01 6.858925e-03 4.640311e-04
 1.32569025961e+00 1.036699e+01 2.7450029e+33 2.4807683e+14 -2.539163e-01 1.459872e-01 6.816777e-03 4.458679e-04
 1.32667864915e+00 1.037287e+01 2.7056508e+33 2.4682032e+14 -2.537415e-01 1.452568e-01 6.774625e-03 4.279417e-04
 1.32765490121e+00 1.037870e+01 2.6668495e+33 2.4556569e+14 -2.535682e-01 1.445273e-01 6.732463e-03 4.102664e-04
 1.32861914519e+00 1.038448e+01 2.6285914e+33 2.4431273e+14 -2.533965e-01 1.437987e-01 6.690279e-03 3.928562e-04
 1.32957150953e+00 1.039022e+01 2.5908693e+33 2.4306123e+14 -2.532263e-01 1.430708e-01 6.648066e-03 3.757259e-04
 1.33051212171e+00 1.039590e+01 2.5536760e+33 2.4181097e+14 -2.530576e-01 1.423434e-01 6.605816e-03 3.588906e-04
 1.33144110824e+00 1.040154e+01 2.5170044e+33 2.4056178e+14 -2.528904e-01 1.416165e-01 6.563521e-03 3.423655e-04
 1.33235859466e+00 1.040713e+01 2.4808475e+33 2.3931343e+14 -2.527246e-01 1.408900e-01 6.521173e-03 3.261656e-04
 1.33326470556e+00 1.041267e+01 2.4451984e+33 2.3806576e+14 -2.525603e-01 1.401638e-01 6.478765e-03 3.103059e-04
 1.33415956456e+00 1.041817e+01 2.4100503e+33 2.3681856e+14 -2.523975e-01 1.394376e-01 6.436290e-03 2.948010e-04
 1.33504329432e+00 1.042363e+01 2.3753963e+33 2.3557167e+14 -2.522360e-01 1.387115e-01 6.393741e-03 2.796653e-04
 1.33591601655e+00 1.042903e+01 2.3412299e+33 2.3432489e+14 -2.520760e-01 1.379854e-01 6.351111e-03 2.649122e-04
 1.33677785198e+00 1.043440e+01 2.3075445e+33 2.3307805e+14 -2.519174e-01 1.372590e-01 6.308394e-03 2.505547e-04
 1.33762892040e+00 1.043972e+01 2.2743335e+33 2.3183099e+14 -2.517602e-01 1.365324e-01 6.265584e-03 2.366048e-04
 1.33846934066e+00 1.044499e+01 2.2415905e+33 2.3058354e+14 -2.516043e-01 1.358055e-01 6.222675e-03 2.230738e-04
 1.33929923062e+00 1.045023e+01 2.2093092e+33 2.2933555e+14 -2.514498e-01 1.350780e-01 6.179663e-03 2.099715e-04
 1.34011870721e+00 1.045542e+01 2.1774834e+33 2.2808684e+14 -2.512966e-01 1.343500e-01 6.136541e-03 1.973071e-04
 1.34092788640e+00 1.046056e+01 2.1461069e+33 2.2683729e+14 -2.511447e-01 1.336214e-01 6.093304e-03 1.850881e-04
 1.34172688323e+00 1.046567e+01 2.1151735e+33 2.2558672e+14 -2.509941e-01 1.328921e-01 6.049950e-03 1.733209e-04
 1.34251581176e+00 1.047074e+01 2.0846773e+33 2.2433501e+14 -2.508449e-01 1.321620e-01 6.006472e-03 1.620106e-04
 1.34329478513e+00 1.047576e+01 2.0546123e+33 2.2308202e+14 -2.506968e-01 1.314309e-01 5.962866e-03 1.511607e-04
 1.34406391551e+00 1.048074e+01 2.0249726e+33 2.2182761e+14 -2.505501e-01 1.306990e-01 5.919131e-03 1.407735e-04
 1.34482331415e+00 1.048569e+01 1.9957525e+33 2.2057165e+14 -2.504046e-01 1.299659e-01 5.875260e-03 1.308495e-04
 1.34557309140e+00 1.049059e+01 1.9669462e+33 2.1931574e+14 -2.502603e-01 1.292328e-01 5.831319e-03 1.213800e-04
 1.34631335727e+00 1.049546e+01 1.9385480e+33 2.1806738e+14 -2.501172e-01 1.285040e-01 5.787602e-03 1.123311e-04
 1.34704422187e+00 1.050029e+01 1.9105523e+33 2.1683513e+14 -2.499754e-01 1.277847e-01 5.744441e-03 1.036695e-04
 1.34776579517e+00 1.050508e+01 1.8829536e+33 2.1562391e+14 -2.498347e-01 1.270776e-01 5.702028e-03 9.516319e-05
 1.34847818613e+00 1.050982e+01 1.8557463e+33 2.1443262e+14 -2.496953e-01 1.263821e-01 5.660328e-03 8.634071e-05
 1.34918150230e+00 1.051453e+01 1.8289250e+33 2.1325961e+14 -2.495571e-01 1.256974e-01 5.619282e-03 7.693854e-05
 1.34987584984e+00 1.051921e+01 1.8024843e+33 2.1210275e+14 -2.494201e-01 1.250221e-01 5.578803e-03 6.762583e-05
 1.35056133345e+00 1.052384e+01 1.7764191e+33 2.1095937e+14 -2.492842e-01 1.243546e-01 5.538768e-03 5.961071e-05
 1.35123805644e+00 1.052843e+01 1.7507239e+33 2.0982704e+14 -2.491496e-01 1.236935e-01 5.499066e-03 5.352789e-05
 1.35190612098e+00 1.053299e+01 1.7253939e+33 2.0870924e+14 -2.490162e-01 1.230409e-01 5.459856e-03 4.756125e-05
 1.35256562906e+00 1.053751e+01 1.7004238e+33 2.0761575e+14 -2.488839e-01 1.224026e-01 5.421585e-03 3.867020e-05
 1.35321668265e+00 1.054199e+01 1.6758086e+33 2.0655617e+14 -2.487528e-01 1.217842e-01 5.384688e-03 2.658087e-05
 1.35385938293e+00 1.054643e+01 1.6515434e+33 2.0552213e+14 -2.486230e-01 1.211808e-01 5.348785e-03 1.557820e-05
 1.35449382731e+00 1.055083e+01 1.6276233e+33 2.0447942e+14 -2.484943e-01 1.205722e-01 5.312336e-03 8.932859e-06
 1.35512010841e+00 1.055519e+01 1.6040436e+33 2.0339242e+14 -2.483668e-01 1.199371e-01 5.273748e-03 5.812021e-06
 1.35573831499e+00 1.055952e+01 1.5807998e+33 2.0224267e+14 -2.482404e-01 1.192646e-01 5.232207e-03 4.733801e-06
 1.35634853630e+00 1.056382e+01 1.5578875e+33 2.0106126e+14 -2.481150e-01 1.185732e-01 5.189118e-03 4.581617e-06
 1.35695086513e+00 1.056808e+01 1.5353021e+33 1.9988776e+14 -2.479907e-01 1.178863e-01 5.146253e-03 4.862450e-06
 1.35754539714e+00 1.057230e+01 1.5130389e+33 1.9874817e+14 -2.478675e-01 1.172194e-01 5.104763e-03 5.148962e-06
 1.35813222783e+00 1.057649e+01 1.4910935e+33 1.9763712e+14 -2.477453e-01 1.165693e-01 5.064408e-03 4.783497e-06
 1.35871145060e+00 1.058065e+01 1.4694614e+33 1.9654475e+14 -2.476242e-01 1.159302e-01 5.024749e-03 3.410597e-06
 1.35928315685e+00 1.058477e+01 1.4481382e+33 1.9546392e+14 -2.475042e-01 1.152978e-01 4.985473e-03 1.911950e-06
 1.35984743666e+00 1.058886e+01 1.4271195e+33 1.9439480e+14 -2.473852e-01 1.146722e-01 4.946598e-03 1.363451e-06
 1.36040437923e+00 1.059291e+01 1.4064012e+33 1.9333886e+14 -2.472672e-01 1.140543e-01 4.908197e-03 2.173655e-06
 1.36095407292e+00 1.059693e+01 1.3859790e+33 1.9229758e+14 -2.471503e-01 1.134450e-01 4.870339e-03 9.846947e-06
 1.36149660530e+00 1.060092e+01 1.3658487e+33 1.9127270e+14 -2.470345e-01 1.128453e-01 4.833084e-03 2.952915e-05
 1.36203206309e+00 1.060487e+01 1.3460063e+33 1.9026603e+14 -2.469196e-01 1.122563e-01 4.796488e-03 7.842986e-06
 1.36256053217e+00 1.060879e+01 1.3264478e+33 1.8927900e+14 -2.468059e-01 1.116788e-01 4.760591e-03 2.776860e-08
 1.36308209739e+00 1.061267e+01 1.3071690e+33 1.8830745e+14 -2.466931e-01 1.111103e-01 4.725251e-03 1.672575e-12
 1.36359684205e+00 1.061652e+01 1.2881662e+33 1.8734250e+14 -2.465814e-01 1.105457e-01 4.690166e-03 1.373264e-17
 1.36410484777e+00 1.062034e+01 1.2694355e+33 1.8637531e+14 -2.464707e-01 1.099797e-01 4.655041e-03 1.310845e-22
 1.36460619471e+00 1.062412e+01 1.2509730e+33 1.8539899e+14 -2.463610e-01 1.094082e-01 4.619647e-03 8.107706e-27
 1.36510096203e+00 1.062787e+01 1.2327752e+33 1.8441318e+14 -2.462523e-01 1.088310e-01 4.583976e-03 3.891160e-30
 1.36558922822e+00 1.063159e+01 1.2148382e+33 1.8341899e+14 -2.461446e-01 1.082488e-01 4.548068e-03 1.228069e-32
 1.36607107117e+00 1.063528e+01 1.1971585e+33 1.8241750e+14 -2.460379e-01 1.076622e-01 4.511961e-03 2.159492e-34
 1.36654656814e+00 1.063893e+01 1.1797326e+33 1.8140978e+14 -2.459321e-01 1.070719e-01 4.475693e-03 1.792200e-35
 1.36701579576e+00 1.064256e+01 1.1625568e+33 1.8039686e+14 -2.458272e-01 1.064784e-01 4.439301e-03 5.944961e-36
 1.36747883000e+00 1.064616e+01 1.1456277e+33 1.7937977e+14 -2.457232e-01 1.058823e-01 4.402820e-03 6.673671e-36
 1.36793574618e+00 1.064972e+01 1.1289418e+33 1.7835953e+14 -2.456201e-01 1.052843e-01 4.366287e-03 2.146177e-35
 1.36838661894e+00 1.065326e+01 1.1124958e+33 1.7733712e+14 -2.455180e-01 1.046850e-01 4.329734e-03 1.673368e-34
 1.36883152224e+00 1.065677e+01 1.0962863e+33 1.7631350e+14 -2.454167e-01 1.040848e-01 4.293196e-03 2.676663e-33
 1.36927052937e+00 1.066024e+01 1.0803099e+33 1.7528963e+14 -2.453163e-01 1.034844e-01 4.256704e-03 7.430814e-32
 1.36970371293e+00 1.066370e+01 1.0645634e+33 1.7426644e+14 -2.452167e-01 1.028843e-01 4.220290e-03 3.028296e-30
 1.37013114482e+00 1.066712e+01 1.0490435e+33 1.7324484e+14 -2.451180e-01 1.022851e-01 4.183984e-03 1.532056e-28
 1.37055289624e+00 1.067051e+01 1.0337471e+33 1.7222572e+14 -2.450201e-01 1.016873e-01 4.147814e-03 8.135401e-27
 1.37096903767e+00 1.067388e+01 1.0186711e+33 1.7120995e+14 -2.449231e-01 1.010914e-01 4.111811e-03 3.833043e-25
 1.37137963892e+00 1.067722e+01 1.0038122e+33 1.7019838e+14 -2.448268e-01 1.004978e-01 4.076001e-03 1.354324e-23
 1.37178476907e+00 1.068053e+01 9.8916746e+32 1.6919184e+14 -2.447315e-01 9.990718e-02 4.040410e-03 3.032856e-22
 1.37218449647e+00 1.068382e+01 9.7473385e+32 1.6819089e+14 -2.446369e-01 9.931976e-02 4.005056e-03 3.842001e-21
 1.37257888875e+00 1.068708e+01 9.6050837e+32 1.6719542e+14 -2.445431e-01 9.873550e-02 3.969934e-03 2.819902e-20
 1.37296801275e+00 1.069032e+01 9.4648807e+32 1.6620524e+14 -2.444501e-01 9.815429e-02 3.935037e-03 1.254731e-19
 1.37335193457e+00 1.069352e+01 9.3267005e+32 1.6522015e+14 -2.443579e-01 9.757602e-02 3.900356e-03 3.541594e-19
 1.37373071956e+00 1.069670e+01 9.1905145e+32 1.6423996e+14 -2.442665e-01 9.700058e-02 3.865884e-03 6.635771e-19
 1.37410443230e+00 1.069986e+01 9.0562945e+32 1.6326449e+14 -2.441758e-01 9.642786e-02 3.831615e-03 8.637000e-19
 1.37447313665e+00 1.070299e+01 8.9240125e+32 1.6229353e+14 -2.440860e-01 9.585776e-02 3.797540e-03 8.172762e-19
 1.37483689576e+00 1.070610e+01 8.7936412e+32 1.6132693e+14 -2.439969e-01 9.529017e-02 3.763655e-03 5.884175e-19
 1.37519577203e+00 1.070918e+01 8.6651534e+32 1.6036450e+14 -2.439085e-01 9.472500e-02 3.729952e-03 3.373728e-19
 1.37554982716e+00 1.071223e+01 8.5385224e+32 1.5940606e+14 -2.438209e-01 9.416215e-02 3.696425e-03 1.612350e-19
 1.37589912215e+00 1.071526e+01 8.4137219e+32 1.5845146e+14 -2.437341e-01 9.360152e-02 3.663067e-03 6.723118e-20
 1.37624371730e+00 1.071827e+01 8.2907259e+32 1.5750053e+14 -2.436479e-01 9.304301e-02 3.629874e-03 2.560360e-20
 1.37658367221e+00 1.072125e+01 8.1695088e+32 1.5655310e+14 -2.435626e-01 9.248654e-02 3.596840e-03 9.322371e-21
 1.37691904581e+00 1.072421e+01 8.0500453e+32 1.5560901e+14 -2.434779e-01 9.193201e-02 3.563959e-03 3.397365e-21
 1.37724989634e+00 1.072714e+01 7.9323106e+32 1.5466812e+14 -2.433939e-01 9.137934e-02 3.531226e-03 1.297366e-21
 1.37757628138e+00 1.073005e+01 7.8162800e+32 1.5373028e+14 -2.433107e-01 9.082844e-02 3.498636e-03 5.435259e-22
 1.37789825784e+00 1.073294e+01 7.7019293e+32 1.5279533e+14 -2.432281e-01 9.027923e-02 3.466184e-03 2.615567e-22
 1.37821588199e+00 1.073580e+01 7.5892346e+32 1.5186312e+14 -2.431463e-01 8.973162e-02 3.433866e-03 1.511570e-22
 1.37852920942e+00 1.073864e+01 7.4781724e+32 1.5093305e+14 -2.430651e-01 8.918525e-02 3.401675e-03 1.058644e-22
 1.37883829507e+00 1.074146e+01 7.3687194e+32 1.5000413e+14 -2.429846e-01 8.863954e-02 3.369599e-03 8.743398e-23
 1.37914319318e+00 1.074426e+01 7.2608527e+32 1.4907533e+14 -2.429048e-01 8.809388e-02 3.337631e-03 8.272560e-23
 1.37944395736e+00 1.074703e+01 7.1545498e+32 1.4814568e+14 -2.428256e-01 8.754770e-02 3.305761e-03 8.710396e-23
 1.37974064056e+00 1.074979e+01 7.0497885e+32 1.4721422e+14 -2.427471e-01 8.700042e-02 3.273979e-03 9.914525e-23
 1.38003329509e+00 1.075252e+01 6.9465467e+32 1.4628003e+14 -2.426692e-01 8.645151e-02 3.242278e-03 1.185028e-22
 1.38032197264e+00 1.075523e+01 6.8448030e+32 1.4534219e+14 -2.425920e-01 8.590042e-02 3.210650e-03 1.444721e-22
 1.38060672427e+00 1.075791e+01 6.7445359e+32 1.4439982e+14 -2.425154e-01 8.534663e-02 3.179086e-03 1.745032e-22
 1.38088760046e+00 1.076058e+01 6.6457245e+32 1.4345213e+14 -2.424394e-01 8.478967e-02 3.147581e-03 2.029020e-22
 1.38116465111e+00 1.076323e+01 6.5483480e+32 1.4250042e+14 -2.423640e-01 8.423030e-02 3.116145e-03 2.239738e-22
 1.38143792567e+00 1.076586e+01 6.4523860e+32 1.4154889e+14 -2.422892e-01 8.367096e-02 3.084811e-03 2.362848e-22
 1.38170747320e+00 1.076847e+01 6.3578183e+32 1.4060181e+14 -2.422150e-01 8.311414e-02 3.053614e-03 2.401914e-22
 1.38197334235e+00 1.077106e+01 6.2646249e+32 1.3966336e+14 -2.421414e-01 8.256229e-02 3.022587e-03 2.372034e-22
 1.38223558132e+00 1.077363e+01 6.1727859e+32 1.3873760e+14 -2.420683e-01 8.201776e-02 2.991760e-03 2.294496e-22
 1.38249423786e+00 1.077618e+01 6.0822820e+32 1.3782849e+14 -2.419959e-01 8.148287e-02 2.961165e-03 2.191899e-22
 1.38274935927e+00 1.077871e+01 5.9930937e+32 1.3693988e+14 -2.419240e-01 8.095986e-02 2.930830e-03 2.084911e-22
 1.38300099235e+00 1.078122e+01 5.9052022e+32 1.3607554e+14 -2.418527e-01 8.045094e-02 2.900784e-03 1.990936e-22
 1.38324918339e+00 1.078371e+01 5.8185885e+32 1.3523913e+14 -2.417820e-01 7.995824e-02 2.871052e-03 1.924428e-22
 1.38349397815e+00 1.078618e+01 5.7332341e+32 1.3442630e+14 -2.417119e-01 7.947925e-02 2.841605e-03 1.892924e-22
 1.38373542116e+00 1.078863e+01 5.6491209e+32 1.3360832e+14 -2.416424e-01 7.899732e-02 2.812245e-03 1.887829e-22
 1.38397355530e+00 1.079106e+01 5.5662314e+32 1.3275249e+14 -2.415735e-01 7.849349e-02 2.782751e-03 1.898656e-22
 1.38420842197e+00 1.079347e+01 5.4845485e+32 1.3182694e+14 -2.415051e-01 7.794929e-02 2.752911e-03 1.915305e-22
 1.38444006120e+00 1.079587e+01 5.4040556e+32 1.3080078e+14 -2.414372e-01 7.734680e-02 2.722521e-03 1.927484e-22
 1.38466847405e+00 1.079827e+01 5.3247468e+32 1.2780086e+14 -2.413692e-01 7.557818e-02 2.671364e-03 1.928750e-22
 1.38489371700e+00 1.080067e+01 5.2466021e+32 1.2660636e+14 -2.413011e-01 7.487730e-02 2.640195e-03 1.928750e-22
 1.38511585768e+00 1.080306e+01 5.1695982e+32 1.2547782e+14 -2.412335e-01 7.421226e-02 2.609672e-03 1.928750e-22
 1.38533493957e+00 1.080544e+01 5.0937180e+32 1.2439626e+14 -2.411662e-01 7.357343e-02 2.579759e-03 1.928750e-22
 1.38555100446e+00 1.080781e+01 5.0189451e+32 1.2332886e+14 -2.410993e-01 7.294318e-02 2.550311e-03 1.928750e-22
 1.38576409263e+00 1.081016e+01 4.9452635e+32 1.2225791e+14 -2.410329e-01 7.231194e-02 2.521253e-03 1.928750e-22
 1.38597424367e+00 1.081249e+01 4.8726574e+32 1.2118605e+14 -2.409668e-01 7.168098e-02 2.492598e-03 1.928750e-22
 1.38618149680e+00 1.081482e+01 4.8011115e+32 1.2011734e+14 -2.409011e-01 7.105232e-02 2.464367e-03 1.928750e-22
 1.38638589087e+00 1.081713e+01 4.7306103e+32 1.1905569e+14 -2.408358e-01 7.042793e-02 2.436578e-03 1.928750e-22
 1.38658746437e+00 1.081943e+01 4.6611388e+32 1.1800471e+14 -2.407709e-01 6.980961e-02 2.409249e-03 1.928750e-22
 1.38678625535e+00 1.082172e+01 4.5926819e+32 1.1696526e+14 -2.407063e-01 6.919777e-02 2.382363e-03 1.928750e-22
 1.38698230134e+00 1.082399e+01 4.5252251e+32 1.1593589e+14 -2.406421e-01 6.859166e-02 2.355879e-03 1.928750e-22
 1.38717563936e+00 1.082626e+01 4.4587536e+32 1.1491514e+14 -2.405783e-01 6.799051e-02 2.329754e-03 1.928750e-22
 1.38736630587e+00 1.082851e+01 4.3932534e+32 1.1390158e+14 -2.405149e-01 6.739360e-02 2.303948e-03 1.928750e-22
 1.38755433685e+00 1.083074e+01 4.3287103e+32 1.1289391e+14 -2.404519e-01 6.680022e-02 2.278428e-03 1.928750e-22
 1.38773976775e+00 1.083297e+01 4.2651105e+32 1.1189173e+14 -2.403892e-01 6.621015e-02 2.253188e-03 1.928750e-22
 1.38792263360e+00 1.083518e+01 4.2024403e+32 1.1089530e+14 -2.403268e-01 6.562345e-02 2.228251e-03 1.928750e-22
 1.38810296896e+00 1.083738e+01 4.1406862e+32 1.0990490e+14 -2.402648e-01 6.504018e-02 2.203635e-03 1.928750e-22
 1.38828080799e+00 1.083957e+01 4.0798349e+32 1.0892078e+14 -2.402032e-01 6.446043e-02 2.179361e-03 1.928750e-22
 1.38845618436e+00 1.084175e+01 4.0198735e+32 1.0794317e+14 -2.401419e-01 6.388425e-02 2.155446e-03 1.928750e-22
 1.38862913137e+00 1.084392e+01 3.9607889e+32 1.0697208e+14 -2.400810e-01 6.331165e-02 2.131889e-03 1.928750e-22
 1.38879968183e+00 1.084607e+01 3.9025684e+32 1.0600728e+14 -2.400204e-01 6.274255e-02 2.108675e-03 1.928750e-22
 1.38896786815e+00 1.084822e+01 3.8451996e+32 1.0504853e+14 -2.399602e-01 6.217691e-02 2.085787e-03 1.928750e-22
 1.38913372230e+00 1.085035e+01 3.7886700e+32 1.0409564e+14 -2.399003e-01 6.161466e-02 2.063209e-03 1.928750e-22
 1.38929727585e+00 1.085247e+01 3.7329675e+32 1.0314837e+14 -2.398407e-01 6.105574e-02 2.040926e-03 1.928750e-22
 1.38945855993e+00 1.085458e+01 3.6780801e+32 1.0220654e+14 -2.397815e-01 6.050009e-02 2.018924e-03 1.928750e-22
 1.38961760527e+00 1.085668e+01 3.6239959e+32 1.0126994e+14 -2.397226e-01 5.994766e-02 1.997189e-03 1.928750e-22
 1.38977444220e+00 1.085877e+01 3.5707033e+32 1.0033851e+14 -2.396640e-01 5.939843e-02 1.975712e-03 1.928750e-22
 1.39095314723e+00 1.087511e+01 3.1715152e+32 9.3079981e+13 -2.392065e-01 5.511838e-02 1.812638e-03 1.928750e-22
 1.39225218815e+00 1.089466e+01 2.7344618e+32 8.4495428e+13 -2.386607e-01 5.005246e-02 1.630024e-03 1.928750e-22
 1.39338080268e+00 1.091333e+01 2.3574401e+32 7.6453492e+13 -2.381412e-01 4.530421e-02 1.467581e-03 1.928750e-22
 1.39436098528e+00 1.093122e+01 2.0322497e+32 6.8962538e+13 -2.376451e-01 4.087968e-02 1.323083e-03 1.928750e-22
 1.39521197242e+00 1.094841e+01 1.7517996e+32 6.2032569e+13 -2.371700e-01 3.678405e-02 1.193599e-03 1.928750e-22
 1.39595057108e+00 1.096496e+01 1.5099603e+32 5.5672410e+13 -2.367140e-01 3.302296e-02 1.078397e-03 1.928750e-22
 1.39659144962e+00 1.098094e+01 1.3014353e+32 4.9870437e+13 -2.362754e-01 2.959146e-02 9.753409e-04 1.928750e-22
 1.39714739770e+00 1.099637e+01 1.1216503e+32 4.4611616e+13 -2.358529e-01 2.648006e-02 8.829036e-04 1.928750e-22
 1.39762955866e+00 1.101130e+01 9.6665508e+31 3.9872613e+13 -2.354455e-01 2.367401e-02 8.003803e-04 1.928750e-22
 1.39804763407e+00 1.102575e+01 8.3304000e+31 3.5618866e+13 -2.350524e-01 2.115370e-02 7.267023e-04 1.928750e-22
 1.39841006526e+00 1.103974e+01 7.1786244e+31 3.1811748e+13 -2.346730e-01 1.889814e-02 6.605584e-04 1.928750e-22
 1.39872419372e+00 1.105328e+01 6.1858348e+31 2.8411773e+13 -2.343068e-01 1.688351e-02 6.012912e-04 1.928750e-22
 1.39899640205e+00 1.106639e+01 5.3301277e+31 2.5380709e+13 -2.339534e-01 1.508667e-02 5.483354e-04 1.928750e-22
 1.39923223741e+00 1.107907e+01 4.5926096e+31 2.2680307e+13 -2.336125e-01 1.348506e-02 5.009808e-04 1.928750e-22
 1.39943651951e+00 1.109133e+01 3.9569854e+31 2.0274925e+13 -2.332837e-01 1.205778e-02 4.585368e-04 1.928750e-22
 1.39961343504e+00 1.110318e+01 3.4092019e+31 1.8131939e+13 -2.329667e-01 1.078573e-02 4.204356e-04 1.928750e-22
 1.39976662005e+00 1.111462e+01 2.9371404e+31 1.6221409e+13 -2.326613e-01 9.651392e-03 3.862206e-04 1.928750e-22
 1.39989923174e+00 1.112568e+01 2.5303512e+31 1.4516869e+13 -2.323672e-01 8.639163e-03 3.554730e-04 1.928750e-22
 1.40001401102e+00 1.113634e+01 2.1798239e+31 1.2994956e+13 -2.320840e-01 7.735125e-03 3.277988e-04 1.928750e-22
 1.40011333690e+00 1.114663e+01 1.8777896e+31 1.1635070e+13 -2.318115e-01 6.927028e-03 3.028529e-04 1.928750e-22
 1.40019927385e+00 1.115656e+01 1.6175505e+31 1.0418558e+13 -2.315492e-01 6.203885e-03 2.803495e-04 1.928750e-22
 1.40027361300e+00 1.116613e+01 1.3933320e+31 9.3288879e+12 -2.312968e-01 5.555991e-03 2.600432e-04 1.928750e-22
 1.40033790800e+00 1.117536e+01 1.2001562e+31 8.3516384e+12 -2.310539e-01 4.974839e-03 2.416860e-04 1.928750e-22
 1.40039350624e+00 1.118427e+01 1.0337318e+31 7.4741736e+12 -2.308201e-01 4.452932e-03 2.250124e-04 1.928750e-22
 1.40044157594e+00 1.119286e+01 8.9035972e+30 6.6853937e+12 -2.305949e-01 3.983679e-03 2.098098e-04 1.928750e-22
 1.40048312978e+00 1.120115e+01 7.6685156e+30 5.9753243e+12 -2.303780e-01 3.561155e-03 1.959546e-04 1.928750e-22
 1.40051904537e+00 1.120916e+01 6.6045911e+30 5.3352894e+12 -2.301689e-01 3.180205e-03 1.833419e-04 1.928750e-22
 1.40055008311e+00 1.121691e+01 5.6881378e+30 4.7575438e+12 -2.299670e-01 2.836249e-03 1.718289e-04 1.928750e-22
 1.40057690172e+00 1.122441e+01 4.8987423e+30 4.2352743e+12 -2.297717e-01 2.525264e-03 1.612594e-04 1.928750e-22
 1.40060007164e+00 1.123169e+01 4.2188123e+30 3.7623369e+12 -2.295827e-01 2.243612e-03 1.515203e-04 1.928750e-22
 1.40062008682e+00 1.123877e+01 3.6331878e+30 3.3332759e+12 -2.293991e-01 1.988053e-03 1.425334e-04 1.928750e-22
 1.40063737482e+00 1.124567e+01 3.1288053e+30 2.9433761e+12 -2.292204e-01 1.755783e-03 1.342191e-04 1.928750e-22
 1.40065230570e+00 1.125243e+01 2.6944083e+30 2.5883668e+12 -2.290457e-01 1.544256e-03 1.264854e-04 1.928750e-22
 1.40066519968e+00 1.125907e+01 2.3202979e+30 2.2642980e+12 -2.288742e-01 1.351124e-03 1.192419e-04 1.928750e-22
 1.40067633375e+00 1.126565e+01 1.9981179e+30 1.9675980e+12 -2.287048e-01 1.174271e-03 1.124023e-04 1.928750e-22
 1.40068594752e+00 1.127220e+01 1.7206695e+30 1.6953860e+12 -2.285363e-01 1.011968e-03 1.059201e-04 1.928750e-22
 1.40069424820e+00 1.127879e+01 1.4817509e+30 1.4446635e+12 -2.283670e-01 8.624361e-04 9.974644e-05 1.928750e-22
 1.40070141494e+00 1.128550e+01 1.2760207e+30 1.2124808e+12 -2.281946e-01 7.239661e-04 9.377593e-05 1.928750e-22
 1.40070760261e+00 1.129247e+01 1.0988788e+30 9.9706577e+11 -2.280161e-01 5.954786e-04 8.789508e-05 1.928750e-22
 1.40071294509e+00 1.129988e+01 9.4636474e+29 7.9668103e+11 -2.278266e-01 4.759298e-04 8.198401e-05 1.928750e-22
 1.40071755806e+00 1.130804e+01 8.1507165e+29 6.1103338e+11 -2.276184e-01 3.651516e-04 7.589497e-05 1.928750e-22
 1.40072154150e+00 1.131744e+01 7.0207075e+29 4.4570935e+11 -2.273787e-01 2.664806e-04 6.939223e-05 1.928750e-22
 1.40072498269e+00 1.132856e+01 6.0482734e+29 3.4054155e+11 -2.270962e-01 2.041172e-04 6.337059e-05 1.928750e-22
 1.40072796046e+00 1.133988e+01 5.2106239e+29 3.0501001e+11 -2.268092e-01 1.845956e-04 6.035965e-05 1.928750e-22
 1.40073053779e+00 1.135103e+01 4.4889103e+29 2.6481344e+11 -2.265272e-01 1.594923e-04 5.165569e-05 1.928750e-22
 1.40073276841e+00 1.136197e+01 3.8670872e+29 2.3691934e+11 -2.262511e-01 1.424710e-04 4.623507e-05 1.928750e-22
 1.40073469897e+00 1.137249e+01 3.3312735e+29 2.1193477e+11 -2.259864e-01 1.276208e-04 4.200771e-05 1.928750e-22
 1.40073636922e+00 1.138284e+01 2.8696541e+29 1.8299087e+11 -2.257266e-01 1.101986e-04 3.668070e-05 1.928750e-22
 1.40073781404e+00 1.139318e+01 2.4719982e+29 1.5872043e+11 -2.254677e-01 9.558524e-05 3.215086e-05 1.928750e-22
 1.40073906385e+00 1.140347e+01 2.1294368e+29 1.3774687e+11 -2.252104e-01 8.295375e-05 2.818479e-05 1.928750e-22
 1.40074014501e+00 1.141364e+01 1.8343243e+29 1.2166192e+11 -2.249569e-01 7.326599e-05 2.510955e-05 1.928750e-22
 1.40074108029e+00 1.142349e+01 1.5800656e+29 1.0913403e+11 -2.247119e-01 6.572189e-05 2.269367e-05 1.928750e-22
 1.40074178808e+00 1.143172e+01 1.3883606e+29 9.9378574e+10 -2.245076e-01 5.984729e-05 2.079722e-05 1.928750e-22
 1.40074183892e+00 1.143234e+01 1.3746143e+29 9.8648651e+10 -2.244922e-01 5.940772e-05 2.065474e-05 1.928750e-22
 1.40074188928e+00 1.143296e+01 1.3610039e+29 9.7922012e+10 -2.244768e-01 5.897013e-05 2.051282e-05 1.928750e-22
 1.40074193915e+00 1.143358e+01 1.3475281e+29 9.7198755e+10 -2.244614e-01 5.853458e-05 2.037148e-05 1.928750e-22
 1.40074198854e+00 1.143420e+01 1.3341855e+29 9.6478977e+10 -2.244461e-01 5.810112e-05 2.023073e-05 1.928750e-22
 1.40074203745e+00 1.143481e+01 1.3209749e+29 9.5762768e+10 -2.244309e-01 5.766980e-05 2.009060e-05 1.928750e-22
 1.40074208589e+00 1.143543e+01 1.3078950e+29 9.5050220e+10 -2.244156e-01 5.724070e-05 1.995110e-05 1.928750e-22
 1.40074213386e+00 1.143604e+01 1.2949443e+29 9.4341418e+10 -2.244004e-01 5.681384e-05 1.981226e-05 1.928750e-22
 1.40074218137e+00 1.143665e+01 1.2821218e+29 9.3636447e+10 -2.243853e-01 5.638929e-05 1.967408e-05 1.928750e-22
 1.40074222843e+00 1.143726e+01 1.2694261e+29 9.2935388e+10 -2.243702e-01 5.596710e-05 1.953660e-05 1.928750e-22
 1.40074227503e+00 1.143787e+01 1.2568559e+29 9.2238319e+10 -2.243551e-01 5.554731e-05 1.939981e-05 1.928750e-22
 1.40074232118e+00 1.143848e+01 1.2444100e+29 9.1545316e+10 -2.243400e-01 5.512997e-05 1.926375e-05 1.928750e-22
 1.40074236688e+00 1.143909e+01 1.2320873e+29 9.0856452e+10 -2.243250e-01 5.471511e-05 1.912841e-05 1.928750e-22
 1.40074241214e+00 1.143969e+01 1.2198864e+29 9.0171797e+10 -2.243100e-01 5.430280e-05 1.899383e-05 1.928750e-22
 1.40074245697e+00 1.144029e+01 1.2078061e+29 8.9491419e+10 -2.242951e-01 5.389306e-05 1.886000e-05 1.928750e-22
 1.40074250136e+00 1.144090e+01 1.1958454e+29 8.8815383e+10 -2.242802e-01 5.348593e-05 1.872696e-05 1.928750e-22
 1.40074254533e+00 1.144150e+01 1.1840030e+29 8.8143751e+10 -2.242653e-01 5.308146e-05 1.859470e-05 1.928750e-22
 1.40074258887e+00 1.144210e+01 1.1722777e+29 8.7476584e+10 -2.242505e-01 5.267967e-05 1.846325e-05 1.928750e-22
 1.40074263199e+00 1.144270e+01 1.1606684e+29 8.6813940e+10 -2.242357e-01 5.228061e-05 1.833261e-05 1.928750e-22
 1.40074267470e+00 1.144329e+01 1.1491739e+29 8.6155873e+10 -2.242209e-01 5.188430e-05 1.820280e-05 1.928750e-22
 1.40074271699e+00 1.144389e+01 1.1377931e+29 8.5502437e+10 -2.242062e-01 5.149079e-05 1.807382e-05 1.928750e-22
 1.40074275888e+00 1.144448e+01 1.1265249e+29 8.4853682e+10 -2.241915e-01 5.110009e-05 1.794570e-05 1.928750e-22
 1.40074280036e+00 1.144507e+01 1.1153682e+29 8.4209657e+10 -2.241768e-01 5.071224e-05 1.781844e-05 1.928750e-22
 1.40074284144e+00 1.144567e+01 1.1043218e+29 8.3570408e+10 -2.241622e-01 5.032727e-05 1.769204e-05 1.928750e-22
 1.40074288212e+00 1.144626e+01 1.0933847e+29 8.2935979e+10 -2.241476e-01 4.994521e-05 1.756653e-05 1.928750e-22
 1.40074292241e+00 1.144685e+01 1.0825558e+29 8.2306413e+10 -2.241331e-01 4.956607e-05 1.744190e-05 1.928750e-22
 1.40074296231e+00 1.144743e+01 1.0718340e+29 8.1681754e+10 -2.241185e-01 4.918989e-05 1.731818e-05 1.928750e-22
 1.40074300183e+00 1.144802e+01 1.0612183e+29 8.1062044e+10 -2.241040e-01 4.881668e-05 1.719537e-05 1.928750e-22
 1.40074304096e+00 1.144861e+01 1.0507076e+29 8.0447320e+10 -2.240896e-01 4.844649e-05 1.707347e-05 1.928750e-22
 1.40074307972e+00 1.144919e+01 1.0403009e+29 7.9837620e+10 -2.240751e-01 4.807931e-05 1.695250e-05 1.928750e-22
 1.40074311810e+00 1.144977e+01 1.0299972e+29 7.9232978e+10 -2.240607e-01 4.771519e-05 1.683247e-05 1.928750e-22
 1.40074315611e+00 1.145035e+01 1.0197954e+29 7.8633428e+10 -2.240464e-01 4.735413e-05 1.671338e-05 1.928750e-22
 1.40074319375e+00 1.145093e+01 1.0096945e+29 7.8039001e+10 -2.240321e-01 4.699615e-05 1.659524e-05 1.928750e-22
 1.40074323103e+00 1.145151e+01 9.9969352e+28 7.7449724e+10 -2.240178e-01 4.664128e-05 1.647805e-05 1.928750e-22
 1.40074326795e+00 1.145209e+01 9.8979151e+28 7.6865626e+10 -2.240035e-01 4.628953e-05 1.636184e-05 1.928750e-22
 1.40074330452e+00 1.145267e+01 9.7998747e+28 7.6286732e+10 -2.239893e-01 4.594091e-05 1.624659e-05 1.928750e-22
 1.40074334073e+00 1.145324e+01 9.7028042e+28 7.5713066e+10 -2.239751e-01 4.559544e-05 1.613232e-05 1.928750e-22
 1.40074337659e+00 1.145381e+01 9.6066941e+28 7.5144650e+10 -2.239609e-01 4.525313e-05 1.601903e-05 1.928750e-22
 1.40074341210e+00 1.145439e+01 9.5115350e+28 7.4581503e+10 -2.239468e-01 4.491400e-05 1.590673e-05 1.928750e-22
 1.40074344727e+00 1.145496e+01 9.4173173e+28 7.4023645e+10 -2.239327e-01 4.457805e-05 1.579542e-05 1.928750e-22
 1.40074348210e+00 1.145553e+01 9.3240318e+28 7.3471093e+10 -2.239187e-01 4.424530e-05 1.568511e-05 1.928750e-22
 1.40074351659e+00 1.145610e+01 9.2316692e+28 7.2923862e+10 -2.239046e-01 4.391575e-05 1.557581e-05 1.928750e-22
 1.40074355075e+00 1.145666e+01 9.1402206e+28 7.2381967e+10 -2.238907e-01 4.358941e-05 1.546751e-05 1.928750e-22
 1.40074358458e+00 1.145723e+01 9.0496767e+28 7.1845419e+10 -2.238767e-01 4.326630e-05 1.536022e-05 1.928750e-22
 1.40074361809e+00 1.145779e+01 8.9600287e+28 7.1314232e+10 -2.238628e-01 4.294641e-05 1.525394e-05 1.928750e-22
 1.40074365127e+00 1.145836e+01 8.8712676e+28 7.0788414e+10 -2.238489e-01 4.262976e-05 1.514868e-05 1.928750e-22
 1.40074368412e+00 1.145892e+01 8.7833848e+28 7.0267974e+10 -2.238351e-01 4.231634e-05 1.504445e-05 1.928750e-22
 1.40074371666e+00 1.145948e+01 8.6963716e+28 6.9752919e+10 -2.238213e-01 4.200617e-05 1.494123e-05 1.928750e-22
 1.40074374889e+00 1.146004e+01 8.6102193e+28 6.9243256e+10 -2.238075e-01 4.169924e-05 1.483904e-05 1.928750e-22
 1.40074378080e+00 1.146059e+01 8.5249194e+28 6.8738990e+10 -2.237938e-01 4.139557e-05 1.473788e-05 1.928750e-22
 1.40074381241e+00 1.146115e+01 8.4404635e+28 6.8240124e+10 -2.237800e-01 4.109515e-05 1.463775e-05 1.928750e-22
 1.40074384371e+00 1.146170e+01 8.3568433e+28 6.7746661e+10 -2.237664e-01 4.079798e-05 1.453866e-05 1.928750e-22
 1.40074387471e+00 1.146226e+01 8.2740504e+28 6.7258604e+10 -2.237528e-01 4.050406e-05 1.444060e-05 1.928750e-22
 1.40074390540e+00 1.146281e+01 8.1920767e+28 6.6775951e+10 -2.237392e-01 4.021340e-05 1.434357e-05 1.928750e-22
 1.40074393580e+00 1.146336e+01 8.1109142e+28 6.6298704e+10 -2.237256e-01 3.992600e-05 1.424758e-05 1.928750e-22
 1.40074396591e+00 1.146391e+01 8.0305547e+28 6.5826835e+10 -2.237121e-01 3.964184e-05 1.415262e-05 1.928750e-22
 1.40074399573e+00 1.146446e+01 7.9509903e+28 6.5360081e+10 -2.236986e-01 3.936075e-05 1.405865e-05 1.928750e-22
 1.40074402525e+00 1.146500e+01 7.8722132e+28 6.4898056e+10 -2.236852e-01 3.908251e-05 1.396558e-05 1.928750e-22
 1.40074405449e+00 1.146555e+01 7.7942155e+28 6.4440382e+10 -2.236718e-01 3.880690e-05 1.387333e-05 1.928750e-22
 1.40074408345e+00 1.146609e+01 7.7169897e+28 6.3986691e+10 -2.236584e-01 3.853368e-05 1.378184e-05 1.928750e-22
 1.40074411213e+00 1.146663e+01 7.6405280e+28 6.3536627e+10 -2.236451e-01 3.826264e-05 1.369104e-05 1.928750e-22
 1.40074414053e+00 1.146717e+01 7.5648228e+28 6.3089841e+10 -2.236318e-01 3.799358e-05 1.360085e-05 1.928750e-22
 1.40074416865e+00 1.146771e+01 7.4898668e+28 6.2645992e+10 -2.236186e-01 3.772629e-05 1.351121e-05 1.928750e-22
 1.40074419651e+00 1.146825e+01 7.4156526e+28 6.2204752e+10 -2.236053e-01 3.746057e-05 1.342204e-05 1.928750e-22
 1.40074422409e+00 1.146878e+01 7.3421727e+28 6.1765798e+10 -2.235922e-01 3.719623e-05 1.333330e-05 1.928750e-22
 1.40074425141e+00 1.146932e+01 7.2694199e+28 6.1328818e+10 -2.235790e-01 3.693307e-05 1.324490e-05 1.928750e-22
 1.40074427846e+00 1.146985e+01 7.1973872e+28 6.0893507e+10 -2.235659e-01 3.667092e-05 1.315679e-05 1.928750e-22
 1.40074430525e+00 1.147038e+01 7.1260673e+28 6.0459572e+10 -2.235529e-01 3.640960e-05 1.306892e-05 1.928750e-22
 1.40074433178e+00 1.147091e+01 7.0554532e+28 6.0026723e+10 -2.235399e-01 3.614893e-05 1.298122e-05 1.928750e-22
 1.40074435805e+00 1.147144e+01 6.9855381e+28 5.9594684e+10 -2.235269e-01 3.588875e-05 1.289363e-05 1.928750e-22
 1.40074438407e+00 1.147196e+01 6.9163148e+28 5.9163184e+10 -2.235139e-01 3.562889e-05 1.280611e-05 1.928750e-22
 1.40074440984e+00 1.147249e+01 6.8477768e+28 5.8731961e+10 -2.235010e-01 3.536921e-05 1.271859e-05 1.928750e-22
 1.40074443535e+00 1.147301e+01 6.7799171e+28 5.8300763e+10 -2.234881e-01 3.510953e-05 1.263103e-05 1.928750e-22
 1.40074446062e+00 1.147354e+01 6.7127292e+28 5.7869343e+10 -2.234752e-01 3.484972e-05 1.254338e-05 1.928750e-22
 1.40074448565e+00 1.147406e+01 6.6462063e+28 5.7437465e+10 -2.234624e-01 3.458964e-05 1.245559e-05 1.928750e-22
 1.40074451043e+00 1.147458e+01 6.5803420e+28 5.7004901e+10 -2.234496e-01 3.432914e-05 1.236760e-05 1.928750e-22
 1.40074453497e+00 1.147510e+01 6.5151297e+28 5.6571431e+10 -2.234369e-01 3.406810e-05 1.227939e-05 1.928750e-22
 1.40074455928e+00 1.147562e+01 6.4505630e+28 5.6136843e+10 -2.234241e-01 3.380639e-05 1.219089e-05 1.928750e-22
 1.40074458335e+00 1.147613e+01 6.3866356e+28 5.5700933e+10 -2.234114e-01 3.354388e-05 1.210208e-05 1.928750e-22
 1.40074460718e+00 1.147665e+01 6.3233412e+28 5.5263508e+10 -2.233988e-01 3.328045e-05 1.201290e-05 1.928750e-22
 1.40074463079e+00 1.147717e+01 6.2606735e+28 5.4824380e+10 -2.233861e-01 3.301600e-05 1.192333e-05 1.928750e-22
 1.40074465416e+00 1.147768e+01 6.1986263e+28 5.4383371e+10 -2.233735e-01 3.275042e-05 1.183331e-05 1.928750e-22
 1.40074467731e+00 1.147819e+01 6.1371936e+28 5.3940313e+10 -2.233609e-01 3.248360e-05 1.174283e-05 1.928750e-22
 1.40074470024e+00 1.147871e+01 6.0763692e+28 5.3495045e+10 -2.233483e-01 3.221546e-05 1.165184e-05 1.928750e-22
 1.40074472294e+00 1.147922e+01 6.0161473e+28 5.3047414e+10 -2.233357e-01 3.194589e-05 1.156032e-05 1.928750e-22
 1.40074474542e+00 1.147973e+01 5.9565218e+28 5.2597279e+10 -2.233232e-01 3.167481e-05 1.146822e-05 1.928750e-22
 1.40074476768e+00 1.148024e+01 5.8974869e+28 5.2144589e+10 -2.233107e-01 3.140219e-05 1.137555e-05 1.928750e-22
 1.40074478973e+00 1.148075e+01 5.8390368e+28 5.1689794e+10 -2.232982e-01 3.112831e-05 1.128239e-05 1.928750e-22
 1.40074481156e+00 1.148126e+01 5.7811658e+28 5.1233511e+10 -2.232857e-01 3.085353e-05 1.118887e-05 1.928750e-22
 1.40074483319e+00 1.148177e+01 5.7238680e+28 5.0776341e+10 -2.232732e-01 3.057821e-05 1.109511e-05 1.928750e-22
 1.40074485460e+00 1.148228e+01 5.6671379e+28 5.0318862e+10 -2.232607e-01 3.030271e-05 1.100122e-05 1.928750e-22
 1.40074487580e+00 1.148279e+01 5.6109699e+28 4.9861639e+10 -2.232482e-01 3.002737e-05 1.090733e-05 1.928750e-22
 1.40074489680e+00 1.148329e+01 5.5553584e+28 4.9405214e+10 -2.232358e-01 2.975250e-05 1.081354e-05 1.928750e-22
 1.40074491759e+00 1.148380e+01 5.5002979e+28 4.8950115e+10 -2.232233e-01 2.947844e-05 1.071997e-05 1.928750e-22
 1.40074493819e+00 1.148431e+01 5.4457830e+28 4.8496849e+10 -2.232109e-01 2.920547e-05 1.062672e-05 1.928750e-22
 1.40074495858e+00 1.148481e+01 5.3918082e+28 4.8045906e+10 -2.231985e-01 2.893391e-05 1.053388e-05 1.928750e-22
 1.40074497877e+00 1.148532e+01 5.3383683e+28 4.7597758e+10 -2.231861e-01 2.866403e-05 1.044156e-05 1.928750e-22
 1.40074499877e+00 1.148583e+01 5.2854579e+28 4.7152859e+10 -2.231737e-01 2.839610e-05 1.034985e-05 1.928750e-22
 1.40074501858e+00 1.148633e+01 5.2330718e+28 4.6711647e+10 -2.231613e-01 2.813040e-05 1.025885e-05 1.928750e-22
 1.40074503819e+00 1.148684e+01 5.1812049e+28 4.6274541e+10 -2.231489e-01 2.786717e-05 1.016863e-05 1.928750e-22
 1.40074505761e+00 1.148735e+01 5.1298519e+28 4.5841945e+10 -2.231365e-01 2.760665e-05 1.007929e-05 1.928750e-22
 1.40074507684e+00 1.148785e+01 5.0790077e+28 4.5414247e+10 -2.231241e-01 2.734909e-05 9.990903e-06 1.928750e-22
 1.40074509589e+00 1.148836e+01 5.0286674e+28 4.4991818e+10 -2.231117e-01 2.709470e-05 9.903550e-06 1.928750e-22
 1.40074511475e+00 1.148886e+01 4.9788259e+28 4.4575014e+10 -2.230993e-01 2.684369e-05 9.817307e-06 1.928750e-22
 1.40074513343e+00 1.148937e+01 4.9294783e+28 4.4164178e+10 -2.230870e-01 2.659628e-05 9.732244e-06 1.928750e-22
 1.40074515193e+00 1.148987e+01 4.8806196e+28 4.3759637e+10 -2.230746e-01 2.635266e-05 9.648432e-06 1.928750e-22
 1.40074517024e+00 1.149038e+01 4.8322451e+28 4.3361705e+10 -2.230623e-01 2.611302e-05 9.565938e-06 1.928750e-22
 1.40074518838e+00 1.149088e+01 4.7843498e+28 4.2970681e+10 -2.230500e-01 2.587754e-05 9.484826e-06 1.928750e-22
 1.40074520635e+00 1.149138e+01 4.7369291e+28 4.2586856e+10 -2.230376e-01 2.564640e-05 9.405157e-06 1.928750e-22
 1.40074522413e+00 1.149189e+01 4.6899782e+28 4.2210505e+10 -2.230253e-01 2.541975e-05 9.326992e-06 1.928750e-22
 1.40074524175e+00 1.149239e+01 4.6434925e+28 4.1841892e+10 -2.230130e-01 2.519777e-05 9.250388e-06 1.928750e-22
 1.40074525920e+00 1.149289e+01 4.5974672e+28 4.1481246e+10 -2.230008e-01 2.498059e-05 9.175393e-06 1.928750e-22
 1.40074527647e+00 1.149339e+01 4.5518980e+28 4.1128464e+10 -2.229885e-01 2.476814e-05 9.101990e-06 1.928750e-22
 1.40074529358e+00 1.149389e+01 4.5067801e+28 4.0783240e+10 -2.229763e-01 2.456024e-05 9.030117e-06 1.928750e-22
 1.40074531052e+00 1.149439e+01 4.4621091e+28 4.0445275e+10 -2.229640e-01 2.435671e-05 8.959714e-06 1.928750e-22
 1.40074532730e+00 1.149489e+01 4.4178806e+28 4.0114277e+10 -2.229518e-01 2.415738e-05 8.890722e-06 1.928750e-22
 1.40074534391e+00 1.149539e+01 4.3740901e+28 3.9789963e+10 -2.229397e-01 2.396207e-05 8.823084e-06 1.928750e-22
 1.40074536037e+00 1.149589e+01 4.3307334e+28 3.9472059e+10 -2.229275e-01 2.377063e-05 8.756746e-06 1.928750e-22
 1.40074537666e+00 1.149638e+01 4.2878061e+28 3.9160299e+10 -2.229154e-01 2.358288e-05 8.691653e-06 1.928750e-22
 1.40074539280e+00 1.149688e+01 4.2453039e+28 3.8854423e+10 -2.229033e-01 2.339868e-05 8.627753e-06 1.928750e-22
 1.40074540878e+00 1.149737e+01 4.2032227e+28 3.8554179e+10 -2.228912e-01 2.321787e-05 8.564996e-06 1.928750e-22
 1.40074542460e+00 1.149786e+01 4.1615581e+28 3.8259323e+10 -2.228791e-01 2.304031e-05 8.503331e-06 1.928750e-22
 1.40074544027e+00 1.149836e+01 4.1203062e+28 3.7969616e+10 -2.228671e-01 2.286584e-05 8.442711e-06 1.928750e-22
 1.40074545579e+00 1.149885e+01 4.0794628e+28 3.7684826e+10 -2.228551e-01 2.269434e-05 8.383088e-06 1.928750e-22
 1.40074547116e+00 1.149934e+01 4.0390239e+28 3.7404729e+10 -2.228431e-01 2.252566e-05 8.324416e-06 1.928750e-22
 1.40074548638e+00 1.149983e+01 3.9989854e+28 3.7129104e+10 -2.228312e-01 2.235967e-05 8.266651e-06 1.928750e-22
 1.40074550145e+00 1.150031e+01 3.9593433e+28 3.6857737e+10 -2.228193e-01 2.219625e-05 8.209750e-06 1.928750e-22
 1.40074551637e+00 1.150080e+01 3.9200939e+28 3.6590420e+10 -2.228074e-01 2.203527e-05 8.153669e-06 1.928750e-22
 1.40074553115e+00 1.150129e+01 3.8812330e+28 3.6326950e+10 -2.227955e-01 2.187661e-05 8.098367e-06 1.928750e-22
 1.40074554579e+00 1.150177e+01 3.8427570e+28 3.6067130e+10 -2.227837e-01 2.172014e-05 8.043805e-06 1.928750e-22
 1.40074556028e+00 1.150225e+01 3.8046620e+28 3.5810767e+10 -2.227720e-01 2.156576e-05 7.989942e-06 1.928750e-22
 1.40074557463e+00 1.150273e+01 3.7669441e+28 3.5557673e+10 -2.227602e-01 2.141334e-05 7.936739e-06 1.928750e-22
 1.40074558885e+00 1.150321e+01 3.7295998e+28 3.5307665e+10 -2.227485e-01 2.126278e-05 7.884161e-06 1.928750e-22
 1.40074560292e+00 1.150369e+01 3.6926252e+28 3.5060564e+10 -2.227368e-01 2.111397e-05 7.832168e-06 1.928750e-22
 1.40074561686e+00 1.150417e+01 3.6560168e+28 3.4816196e+10 -2.227252e-01 2.096681e-05 7.780727e-06 1.928750e-22
 1.40074563067e+00 1.150464e+01 3.6197708e+28 3.4574393e+10 -2.227136e-01 2.082119e-05 7.729801e-06 1.928750e-22
 1.40074564433e+00 1.150512e+01 3.5838838e+28 3.4334988e+10 -2.227020e-01 2.067702e-05 7.679358e-06 1.928750e-22
 1.40074565787e+00 1.150559e+01 3.5483521e+28 3.4097820e+10 -2.226904e-01 2.053419e-05 7.629363e-06 1.928750e-22
 1.40074567128e+00 1.150606e+01 3.5131723e+28 3.3862731e+10 -2.226789e-01 2.039262e-05 7.579783e-06 1.928750e-22
 1.40074568455e+00 1.150653e+01 3.4783408e+28 3.3629570e+10 -2.226675e-01 2.025221e-05 7.530588e-06 1.928750e-22
 1.40074569770e+00 1.150700e+01 3.4438543e+28 3.3398185e+10 -2.226560e-01 2.011286e-05 7.481746e-06 1.928750e-22
 1.40074571072e+00 1.150747e+01 3.4097092e+28 3.3168432e+10 -2.226446e-01 1.997450e-05 7.433227e-06 1.928750e-22
 1.40074572361e+00 1.150794e+01 3.3759023e+28 3.2940171e+10 -2.226333e-01 1.983704e-05 7.385002e-06 1.928750e-22
 1.40074573638e+00 1.150840e+01 3.3424302e+28 3.2713280e+10 -2.226219e-01 1.970040e-05 7.337046e-06 1.928750e-22
 1.40074574902e+00 1.150886e+01 3.3092896e+28 3.2487649e+10 -2.226106e-01 1.956452e-05 7.289334e-06 1.928750e-22
 1.40074576154e+00 1.150933e+01 3.2764771e+28 3.2263167e+10 -2.225994e-01 1.942934e-05 7.241845e-06 1.928750e-22
 1.40074577394e+00 1.150979e+01 3.2439896e+28 3.2039729e+10 -2.225881e-01 1.929478e-05 7.194555e-06 1.928750e-22
 1.40074578621e+00 1.151025e+01 3.2118239e+28 3.1817231e+10 -2.225769e-01 1.916078e-05 7.147443e-06 1.928750e-22
 1.40074579837e+00 1.151070e+01 3.1799767e+28 3.1595573e+10 -2.225658e-01 1.902730e-05 7.100487e-06 1.928750e-22
 1.40074581041e+00 1.151116e+01 3.1484450e+28 3.1374657e+10 -2.225546e-01 1.889426e-05 7.053667e-06 1.928750e-22
 1.40074582234e+00 1.151162e+01 3.1172256e+28 3.1154390e+10 -2.225436e-01 1.876161e-05 7.006962e-06 1.928750e-22
 1.40074583414e+00 1.151207e+01 3.0863154e+28 3.0934677e+10 -2.225325e-01 1.862929e-05 6.960354e-06 1.928750e-22
 1.40074584583e+00 1.151252e+01 3.0557113e+28 3.0715430e+10 -2.225215e-01 1.849726e-05 6.913822e-06 1.928750e-22
 1.40074585741e+00 1.151298e+01 3.0254104e+28 3.0496563e+10 -2.225104e-01 1.836545e-05 6.867349e-06 1.928750e-22
 1.40074586888e+00 1.151343e+01 2.9954096e+28 3.0277991e+10 -2.224995e-01 1.823382e-05 6.820917e-06 1.928750e-22
 1.40074588023e+00 1.151388e+01 2.9657061e+28 3.0059633e+10 -2.224885e-01 1.810232e-05 6.774507e-06 1.928750e-22
 1.40074589148e+00 1.151432e+01 2.9362967e+28 2.9841410e+10 -2.224776e-01 1.797091e-05 6.728104e-06 1.928750e-22
 1.40074590261e+00 1.151477e+01 2.9071787e+28 2.9623246e+10 -2.224667e-01 1.783952e-05 6.681690e-06 1.928750e-22
 1.40074591364e+00 1.151522e+01 2.8783492e+28 2.9405068e+10 -2.224559e-01 1.770813e-05 6.635251e-06 1.928750e-22
 1.40074592456e+00 1.151566e+01 2.8498053e+28 2.9186805e+10 -2.224450e-01 1.757669e-05 6.588771e-06 1.928750e-22
 1.40074593537e+00 1.151611e+01 2.8215442e+28 2.8968389e+10 -2.224342e-01 1.744516e-05 6.542234e-06 1.928750e-22
 1.40074594608e+00 1.151655e+01 2.7935631e+28 2.8749755e+10 -2.224235e-01 1.731349e-05 6.495628e-06 1.928750e-22
 1.40074595668e+00 1.151699e+01 2.7658593e+28 2.8530840e+10 -2.224127e-01 1.718166e-05 6.448938e-06 1.928750e-22
 1.40074596718e+00 1.151743e+01 2.7384299e+28 2.8311584e+10 -2.224020e-01 1.704962e-05 6.402151e-06 1.928750e-22
 1.40074597758e+00 1.151787e+01 2.7112724e+28 2.8091930e+10 -2.223913e-01 1.691734e-05 6.355255e-06 1.928750e-22
 1.40074598788e+00 1.151831e+01 2.6843840e+28 2.7871822e+10 -2.223806e-01 1.678479e-05 6.308237e-06 1.928750e-22
 1.40074599807e+00 1.151875e+01 2.6577620e+28 2.7651209e+10 -2.223699e-01 1.665193e-05 6.261087e-06 1.928750e-22
 1.40074600817e+00 1.151919e+01 2.6314038e+28 2.7430040e+10 -2.223593e-01 1.651874e-05 6.213793e-06 1.928750e-22
 1.40074601817e+00 1.151962e+01 2.6053069e+28 2.7208270e+10 -2.223487e-01 1.638518e-05 6.166345e-06 1.928750e-22
 1.40074602807e+00 1.152006e+01 2.5794686e+28 2.6985855e+10 -2.223381e-01 1.625124e-05 6.118734e-06 1.928750e-22
 1.40074603787e+00 1.152049e+01 2.5538865e+28 2.6762752e+10 -2.223275e-01 1.611689e-05 6.070949e-06 1.928750e-22
 1.40074604758e+00 1.152093e+01 2.5285578e+28 2.6538923e+10 -2.223170e-01 1.598209e-05 6.022982e-06 1.928750e-22
 1.40074605720e+00 1.152136e+01 2.5034803e+28 2.6314332e+10 -2.223064e-01 1.584684e-05 5.974826e-06 1.928750e-22
 1.40074606672e+00 1.152179e+01 2.4786513e+28 2.6088993e+10 -2.222959e-01 1.571114e-05 5.926482e-06 1.928750e-22
 1.40074607615e+00 1.152223e+01 2.4540685e+28 2.5863120e+10 -2.222854e-01 1.557512e-05 5.877997e-06 1.928750e-22
 1.40074608549e+00 1.152266e+01 2.4297293e+28 2.5636972e+10 -2.222748e-01 1.543893e-05 5.829425e-06 1.928750e-22
 1.40074609473e+00 1.152309e+01 2.4056315e+28 2.5410802e+10 -2.222644e-01 1.530273e-05 5.780821e-06 1.928750e-22
 1.40074610389e+00 1.152352e+01 2.3817725e+28 2.5184854e+10 -2.222539e-01 1.516666e-05 5.732238e-06 1.928750e-22
 1.40074611295e+00 1.152395e+01 2.3581502e+28 2.4959364e+10 -2.222434e-01 1.503087e-05 5.683726e-06 1.928750e-22
 1.40074612193e+00 1.152438e+01 2.3347620e+28 2.4734562e+10 -2.222329e-01 1.489549e-05 5.635334e-06 1.928750e-22
 1.40074613082e+00 1.152481e+01 2.3116057e+28 2.4510668e+10 -2.222225e-01 1.476066e-05 5.587111e-06 1.928750e-22
 1.40074613963e+00 1.152524e+01 2.2886790e+28 2.4287895e+10 -2.222120e-01 1.462650e-05 5.539102e-06 1.928750e-22
 1.40074614834e+00 1.152567e+01 2.2659796e+28 2.4066449e+10 -2.222016e-01 1.449314e-05 5.491352e-06 1.928750e-22
 1.40074615698e+00 1.152610e+01 2.2435053e+28 2.3846529e+10 -2.221912e-01 1.436070e-05 5.443903e-06 1.928750e-22
 1.40074616553e+00 1.152653e+01 2.2212539e+28 2.3628325e+10 -2.221808e-01 1.422930e-05 5.396799e-06 1.928750e-22
 1.40074617399e+00 1.152696e+01 2.1992231e+28 2.3412021e+10 -2.221703e-01 1.409904e-05 5.350078e-06 1.928750e-22
 1.40074618238e+00 1.152739e+01 2.1774107e+28 2.3197794e+10 -2.221599e-01 1.397003e-05 5.303780e-06 1.928750e-22
 1.40074619068e+00 1.152782e+01 2.1558146e+28 2.2985813e+10 -2.221495e-01 1.384237e-05 5.257941e-06 1.928750e-22
 1.40074619890e+00 1.152825e+01 2.1344327e+28 2.2776240e+10 -2.221392e-01 1.371617e-05 5.212598e-06 1.928750e-22
 1.40074620704e+00 1.152867e+01 2.1132628e+28 2.2569234e+10 -2.221288e-01 1.359151e-05 5.167784e-06 1.928750e-22
 1.40074621510e+00 1.152910e+01 2.0923027e+28 2.2364943e+10 -2.221184e-01 1.346848e-05 5.123534e-06 1.928750e-22
 1.40074622308e+00 1.152953e+01 2.0715505e+28 2.2163511e+10 -2.221081e-01 1.334718e-05 5.079879e-06 1.928750e-22
 1.40074623099e+00 1.152995e+01 2.0510041e+28 2.1965076e+10 -2.220977e-01 1.322768e-05 5.036850e-06 1.928750e-22
 1.40074623881e+00 1.153038e+01 2.0306614e+28 2.1769771e+10 -2.220874e-01 1.311006e-05 4.994476e-06 1.928750e-22
 1.40074624657e+00 1.153081e+01 2.0105203e+28 2.1577722e+10 -2.220770e-01 1.299441e-05 4.952785e-06 1.928750e-22
 1.40074625424e+00 1.153123e+01 1.9905790e+28 2.1389051e+10 -2.220667e-01 1.288079e-05 4.911805e-06 1.928750e-22
 1.40074626184e+00 1.153166e+01 1.9708353e+28 2.1203874e+10 -2.220564e-01 1.276927e-05 4.871563e-06 1.928750e-22
 1.40074626937e+00 1.153208e+01 1.9512874e+28 2.1022303e+10 -2.220461e-01 1.265993e-05 4.832083e-06 1.928750e-22
 1.40074627682e+00 1.153250e+01 1.9319333e+28 2.0844444e+10 -2.220358e-01 1.255282e-05 4.793390e-06 1.928750e-22
 1.40074628420e+00 1.153293e+01 1.9127711e+28 2.0670305e+10 -2.220256e-01 1.244795e-05 4.755485e-06 1.928750e-22
 1.40074629151e+00 1.153335e+01 1.8937988e+28 2.0499742e+10 -2.220153e-01 1.234524e-05 4.718340e-06 1.928750e-22
 1.40074629875e+00 1.153377e+01 1.8750146e+28 2.0332601e+10 -2.220051e-01 1.224458e-05 4.681921e-06 1.928750e-22
 1.40074630592e+00 1.153419e+01 1.8564165e+28 2.0168733e+10 -2.219949e-01 1.214590e-05 4.646197e-06 1.928750e-22
 1.40074631301e+00 1.153461e+01 1.8380029e+28 2.0007992e+10 -2.219847e-01 1.204910e-05 4.611136e-06 1.928750e-22
 1.40074632004e+00 1.153503e+01 1.8197717e+28 1.9850237e+10 -2.219745e-01 1.195410e-05 4.576710e-06 1.928750e-22
 1.40074632700e+00 1.153545e+01 1.8017212e+28 1.9695331e+10 -2.219644e-01 1.186081e-05 4.542888e-06 1.928750e-22
 1.40074633389e+00 1.153587e+01 1.7838497e+28 1.9543142e+10 -2.219543e-01 1.176916e-05 4.509643e-06 1.928750e-22
 1.40074634072e+00 1.153629e+01 1.7661553e+28 1.9393540e+10 -2.219442e-01 1.167907e-05 4.476947e-06 1.928750e-22
 1.40074634748e+00 1.153670e+01 1.7486362e+28 1.9246398e+10 -2.219341e-01 1.159046e-05 4.444773e-06 1.928750e-22
 1.40074635417e+00 1.153712e+01 1.7312908e+28 1.9101595e+10 -2.219240e-01 1.150325e-05 4.413095e-06 1.928750e-22
 1.40074636080e+00 1.153753e+01 1.7141173e+28 1.8959010e+10 -2.219140e-01 1.141739e-05 4.381888e-06 1.928750e-22
 1.40074636736e+00 1.153794e+01 1.6971140e+28 1.8818529e+10 -2.219040e-01 1.133279e-05 4.351126e-06 1.928750e-22
 1.40074637386e+00 1.153836e+01 1.6802792e+28 1.8680037e+10 -2.218940e-01 1.124938e-05 4.320786e-06 1.928750e-22
 1.40074638029e+00 1.153877e+01 1.6636113e+28 1.8543425e+10 -2.218841e-01 1.116711e-05 4.290843e-06 1.928750e-22
 1.40074638667e+00 1.153918e+01 1.6471085e+28 1.8408586e+10 -2.218741e-01 1.108591e-05 4.261276e-06 1.928750e-22
 1.40074639298e+00 1.153959e+01 1.6307693e+28 1.8275415e+10 -2.218642e-01 1.100571e-05 4.232060e-06 1.928750e-22
 1.40074639922e+00 1.153999e+01 1.6145920e+28 1.8143811e+10 -2.218544e-01 1.092646e-05 4.203175e-06 1.928750e-22
 1.40074640541e+00 1.154040e+01 1.5985751e+28 1.8013674e+10 -2.218445e-01 1.084809e-05 4.174599e-06 1.928750e-22
 1.40074641154e+00 1.154081e+01 1.5827169e+28 1.7884908e+10 -2.218347e-01 1.077054e-05 4.146312e-06 1.928750e-22
 1.40074641761e+00 1.154121e+01 1.5670158e+28 1.7757418e+10 -2.218249e-01 1.069377e-05 4.118292e-06 1.928750e-22
 1.40074642362e+00 1.154161e+01 1.5514704e+28 1.7631115e+10 -2.218151e-01 1.061771e-05 4.090521e-06 1.928750e-22
 1.40074642957e+00 1.154202e+01 1.5360791e+28 1.7505907e+10 -2.218054e-01 1.054230e-05 4.062978e-06 1.928750e-22
 1.40074643546e+00 1.154242e+01 1.5208402e+28 1.7381708e+10 -2.217957e-01 1.046751e-05 4.035645e-06 1.928750e-22
 1.40074644129e+00 1.154282e+01 1.5057524e+28 1.7258434e+10 -2.217860e-01 1.039327e-05 4.008504e-06 1.928750e-22
 1.40074644707e+00 1.154322e+01 1.4908142e+28 1.7136002e+10 -2.217763e-01 1.031954e-05 3.981537e-06 1.928750e-22
 1.40074645279e+00 1.154362e+01 1.4760240e+28 1.7014332e+10 -2.217667e-01 1.024627e-05 3.954726e-06 1.928750e-22
 1.40074645846e+00 1.154401e+01 1.4613804e+28 1.6893345e+10 -2.217571e-01 1.017341e-05 3.928054e-06 1.928750e-22
 1.40074646407e+00 1.154441e+01 1.4468819e+28 1.6772967e+10 -2.217475e-01 1.010092e-05 3.901505e-06 1.928750e-22
 1.40074646962e+00 1.154480e+01 1.4325272e+28 1.6653122e+10 -2.217380e-01 1.002874e-05 3.875062e-06 1.928750e-22
 1.40074647513e+00 1.154520e+01 1.4183147e+28 1.6533742e+10 -2.217285e-01 9.956851e-06 3.848711e-06 1.928750e-22
 1.40074648057e+00 1.154559e+01 1.4042431e+28 1.6414796e+10 -2.217190e-01 9.885220e-06 3.822444e-06 1.928750e-22
 1.40074648597e+00 1.154598e+01 1.3903110e+28 1.6296299e+10 -2.217095e-01 9.813860e-06 3.796266e-06 1.928750e-22
 1.40074649131e+00 1.154637e+01 1.3765170e+28 1.6178268e+10 -2.217001e-01 9.742780e-06 3.770179e-06 1.928750e-22
 1.40074649660e+00 1.154676e+01 1.3628597e+28 1.6060718e+10 -2.216907e-01 9.671990e-06 3.744188e-06 1.928750e-22
 1.40074650184e+00 1.154715e+01 1.3493378e+28 1.5943664e+10 -2.216813e-01 9.601498e-06 3.718295e-06 1.928750e-22
 1.40074650702e+00 1.154754e+01 1.3359500e+28 1.5827121e+10 -2.216719e-01 9.531314e-06 3.692504e-06 1.928750e-22
 1.40074651216e+00 1.154792e+01 1.3226948e+28 1.5711103e+10 -2.216625e-01 9.461447e-06 3.666818e-06 1.928750e-22
 1.40074651725e+00 1.154831e+01 1.3095711e+28 1.5595624e+10 -2.216532e-01 9.391904e-06 3.641240e-06 1.928750e-22
 1.40074652228e+00 1.154869e+01 1.2965775e+28 1.5480697e+10 -2.216439e-01 9.322693e-06 3.615774e-06 1.928750e-22
 1.40074652727e+00 1.154908e+01 1.2837127e+28 1.5366335e+10 -2.216347e-01 9.253823e-06 3.590422e-06 1.928750e-22
 1.40074653221e+00 1.154946e+01 1.2709754e+28 1.5252552e+10 -2.216254e-01 9.185302e-06 3.565188e-06 1.928750e-22
 1.40074653710e+00 1.154984e+01 1.2583644e+28 1.5139359e+10 -2.216162e-01 9.117135e-06 3.540073e-06 1.928750e-22
 1.40074654194e+00 1.155022e+01 1.2458785e+28 1.5026768e+10 -2.216070e-01 9.049332e-06 3.515081e-06 1.928750e-22
 1.40074654674e+00 1.155060e+01 1.2335163e+28 1.4914791e+10 -2.215978e-01 8.981897e-06 3.490214e-06 1.928750e-22
 1.40074655149e+00 1.155098e+01 1.2212767e+28 1.4803438e+10 -2.215886e-01 8.914839e-06 3.465475e-06 1.928750e-22
 1.40074655619e+00 1.155136e+01 1.2091585e+28 1.4692720e+10 -2.215795e-01 8.848164e-06 3.440866e-06 1.928750e-22
 1.40074656085e+00 1.155174e+01 1.1971604e+28 1.4582648e+10 -2.215704e-01 8.781877e-06 3.416390e-06 1.928750e-22
 1.40074656546e+00 1.155211e+01 1.1852812e+28 1.4473231e+10 -2.215613e-01 8.715984e-06 3.392049e-06 1.928750e-22
 1.40074657002e+00 1.155249e+01 1.1735199e+28 1.4364479e+10 -2.215522e-01 8.650492e-06 3.367845e-06 1.928750e-22
 1.40074657455e+00 1.155286e+01 1.1618751e+28 1.4256401e+10 -2.215432e-01 8.585406e-06 3.343780e-06 1.928750e-22
 1.40074657902e+00 1.155324e+01 1.1503459e+28 1.4149005e+10 -2.215342e-01 8.520731e-06 3.319857e-06 1.928750e-22
 1.40074658346e+00 1.155361e+01 1.1389309e+28 1.4042301e+10 -2.215252e-01 8.456473e-06 3.296077e-06 1.928750e-22
 1.40074658785e+00 1.155398e+01 1.1276291e+28 1.3936297e+10 -2.215162e-01 8.392635e-06 3.272442e-06 1.928750e-22
 1.40074659219e+00 1.155435e+01 1.1164394e+28 1.3830999e+10 -2.215072e-01 8.329223e-06 3.248954e-06 1.928750e-22
 1.40074659650e+00 1.155473e+01 1.1053607e+28 1.3726416e+10 -2.214983e-01 8.266242e-06 3.225616e-06 1.928750e-22
 1.40074660076e+00 1.155509e+01 1.0943918e+28 1.3622555e+10 -2.214894e-01 8.203695e-06 3.202428e-06 1.928750e-22
 1.40074660498e+00 1.155546e+01 1.0835316e+28 1.3519422e+10 -2.214805e-01 8.141587e-06 3.179392e-06 1.928750e-22
 1.40074660916e+00 1.155583e+01 1.0727792e+28 1.3417024e+10 -2.214716e-01 8.079921e-06 3.156511e-06 1.928750e-22
 1.40074661330e+00 1.155620e+01 1.0621334e+28 1.3315367e+10 -2.214628e-01 8.018702e-06 3.133784e-06 1.928750e-22
 1.40074661740e+00 1.155656e+01 1.0515931e+28 1.3214457e+10 -2.214539e-01 7.957932e-06 3.111214e-06 1.928750e-22
 1.40074662146e+00 1.155693e+01 1.0411574e+28 1.3114300e+10 -2.214451e-01 7.897616e-06 3.088803e-06 1.928750e-22
 1.40074662548e+00 1.155729e+01 1.0308252e+28 1.3014900e+10 -2.214363e-01 7.837756e-06 3.066551e-06 1.928750e-22
 1.40074662946e+00 1.155766e+01 1.0205954e+28 1.2916263e+10 -2.214275e-01 7.778355e-06 3.044460e-06 1.928750e-22
 1.40074663340e+00 1.155802e+01 1.0104671e+28 1.2818394e+10 -2.214188e-01 7.719416e-06 3.022531e-06 1.928750e-22
 1.40074663730e+00 1.155838e+01 1.0004392e+28 1.2721297e+10 -2.214101e-01 7.660943e-06 3.000765e-06 1.928750e-22
 1.40074664116e+00 1.155874e+01 9.9051073e+27 1.2624976e+10 -2.214014e-01 7.602937e-06 2.979164e-06 1.928750e-22
 1.40074664499e+00 1.155910e+01 9.8068074e+27 1.2529435e+10 -2.213927e-01 7.545400e-06 2.957728e-06 1.928750e-22
 1.40074664878e+00 1.155946e+01 9.7094823e+27 1.2434679e+10 -2.213840e-01 7.488336e-06 2.936459e-06 1.928750e-22
 1.40074665253e+00 1.155982e+01 9.6131225e+27 1.2340709e+10 -2.213753e-01 7.431746e-06 2.915357e-06 1.928750e-22
 1.40074665625e+00 1.156018e+01 9.5177182e+27 1.2247531e+10 -2.213667e-01 7.375632e-06 2.894423e-06 1.928750e-22
 1.40074665992e+00 1.156054e+01 9.4232601e+27 1.2155146e+10 -2.213581e-01 7.319996e-06 2.873659e-06 1.928750e-22
 1.40074666357e+00 1.156089e+01 9.3297388e+27 1.2063557e+10 -2.213495e-01 7.264840e-06 2.853065e-06 1.928750e-22
 1.40074666718e+00 1.156125e+01 9.2371449e+27 1.1972767e+10 -2.213410e-01 7.210164e-06 2.832641e-06 1.928750e-22
 1.40074667075e+00 1.156160e+01 9.1454694e+27 1.1882778e+10 -2.213324e-01 7.155971e-06 2.812389e-06 1.928750e-22
 1.40074667428e+00 1.156196e+01 9.0547030e+27 1.1793592e+10 -2.213239e-01 7.102262e-06 2.792309e-06 1.928750e-22
 1.40074667779e+00 1.156231e+01 8.9648368e+27 1.1705211e+10 -2.213154e-01 7.049037e-06 2.772402e-06 1.928750e-22
 1.40074668125e+00 1.156266e+01 8.8758619e+27 1.1617636e+10 -2.213069e-01 6.996298e-06 2.752668e-06 1.928750e-22
 1.40074668469e+00 1.156301e+01 8.7877693e+27 1.1530869e+10 -2.212984e-01 6.944045e-06 2.733107e-06 1.928750e-22
 1.40074668809e+00 1.156336e+01 8.7005505e+27 1.1444912e+10 -2.212900e-01 6.892280e-06 2.713721e-06 1.928750e-22
 1.40074669146e+00 1.156371e+01 8.6141966e+27 1.1359765e+10 -2.212816e-01 6.841003e-06 2.694510e-06 1.928750e-22
 1.40074669479e+00 1.156406e+01 8.5286992e+27 1.1275428e+10 -2.212732e-01 6.790214e-06 2.675474e-06 1.928750e-22
 1.40074669809e+00 1.156441e+01 8.4440498e+27 1.1191904e+10 -2.212648e-01 6.739914e-06 2.656612e-06 1.928750e-22
 1.40074670136e+00 1.156476e+01 8.3602398e+27 1.1109191e+10 -2.212565e-01 6.690103e-06 2.637927e-06 1.928750e-22
 1.40074670460e+00 1.156510e+01 8.2772611e+27 1.1027292e+10 -2.212481e-01 6.640781e-06 2.619418e-06 1.928750e-22
 1.40074670781e+00 1.156545e+01 8.1951054e+27 1.0946205e+10 -2.212398e-01 6.591949e-06 2.601084e-06 1.928750e-22
 1.40074671098e+00 1.156579e+01 8.1137645e+27 1.0865930e+10 -2.212315e-01 6.543607e-06 2.582927e-06 1.928750e-22
 1.40074671413e+00 1.156614e+01 8.0332303e+27 1.0786469e+10 -2.212232e-01 6.495753e-06 2.564946e-06 1.928750e-22
 1.40074671724e+00 1.156648e+01 7.9534949e+27 1.0707819e+10 -2.212150e-01 6.448389e-06 2.547142e-06 1.928750e-22
 1.40074672032e+00 1.156682e+01 7.8745502e+27 1.0629981e+10 -2.212068e-01 6.401514e-06 2.529515e-06 1.928750e-22
 1.40074672337e+00 1.156716e+01 7.7963886e+27 1.0552955e+10 -2.211986e-01 6.355128e-06 2.512064e-06 1.928750e-22
 1.40074672640e+00 1.156750e+01 7.7190022e+27 1.0476739e+10 -2.211904e-01 6.309229e-06 2.494790e-06 1.928750e-22
 1.40074672939e+00 1.156784e+01 7.6423833e+27 1.0401330e+10 -2.211822e-01 6.263816e-06 2.477692e-06 1.928750e-22
 1.40074673235e+00 1.156818e+01 7.5665243e+27 1.0326691e+10 -2.211741e-01 6.218868e-06 2.460762e-06 1.928750e-22
 1.40074673529e+00 1.156852e+01 7.4914177e+27 1.0252775e+10 -2.211660e-01 6.174354e-06 2.443990e-06 1.928750e-22
 1.40074673819e+00 1.156885e+01 7.4170561e+27 1.0179536e+10 -2.211579e-01 6.130248e-06 2.427364e-06 1.928750e-22
 1.40074674107e+00 1.156919e+01 7.3434319e+27 1.0106926e+10 -2.211498e-01 6.086522e-06 2.410874e-06 1.928750e-22
 1.40074674392e+00 1.156952e+01 7.2705380e+27 1.0034902e+10 -2.211418e-01 6.043148e-06 2.394511e-06 1.928750e-22
 1.40074674674e+00 1.156986e+01 7.1983672e+27 9.9634203e+09 -2.211337e-01 6.000101e-06 2.378265e-06 1.928750e-22
 1.40074703128e+00 1.171049e+01 1.0000000e+15 4.9460240e+01 -2.178994e-01 2.978558e-14 1.382992e-14 1.928750e-22
