 475  9.754845e-001
0.00000000e+000 0.000000e+000 4.5542953e+034 5.7657471e+014 -2.728331e-001 3.286630e-001 2.052991e-002 1.010228e-002
1.21430248e-009 1.000000e-002 4.5542889e+034 5.7657471e+014 -2.728330e-001 3.286629e-001 2.052990e-002 1.010226e-002
1.63422513e-009 1.104066e-002 4.5542875e+034 5.7657437e+014 -2.728329e-001 3.286628e-001 2.052989e-002 1.010226e-002
2.20597039e-009 1.220181e-002 4.5542858e+034 5.7657430e+014 -2.728329e-001 3.286628e-001 2.052989e-002 1.010226e-002
2.97774403e-009 1.348508e-002 4.5542837e+034 5.7657421e+014 -2.728329e-001 3.286628e-001 2.052988e-002 1.010225e-002
4.01952662e-009 1.490331e-002 4.5542811e+034 5.7657410e+014 -2.728328e-001 3.286627e-001 2.052988e-002 1.010225e-002
5.42578131e-009 1.647069e-002 4.5542780e+034 5.7657396e+014 -2.728328e-001 3.286626e-001 2.052987e-002 1.010224e-002
7.32401883e-009 1.820292e-002 4.5542741e+034 5.7657380e+014 -2.728327e-001 3.286625e-001 2.052986e-002 1.010223e-002
9.88635866e-009 2.011731e-002 4.5542694e+034 5.7657360e+014 -2.728326e-001 3.286624e-001 2.052985e-002 1.010222e-002
1.33451345e-008 2.223304e-002 4.5542637e+034 5.7657335e+014 -2.728325e-001 3.286623e-001 2.052984e-002 1.010221e-002
1.80139588e-008 2.457127e-002 4.5542567e+034 5.7657305e+014 -2.728324e-001 3.286622e-001 2.052982e-002 1.010220e-002
2.43161550e-008 2.715541e-002 4.5542482e+034 5.7657269e+014 -2.728322e-001 3.286620e-001 2.052980e-002 1.010218e-002
3.28231354e-008 3.001130e-002 4.5542378e+034 5.7657224e+014 -2.728321e-001 3.286617e-001 2.052977e-002 1.010216e-002
4.43062018e-008 3.316752e-002 4.5542250e+034 5.7657170e+014 -2.728318e-001 3.286614e-001 2.052974e-002 1.010213e-002
5.98064630e-008 3.665565e-002 4.5542095e+034 5.7657103e+014 -2.728316e-001 3.286611e-001 2.052970e-002 1.010210e-002
8.07292032e-008 4.051059e-002 4.5541905e+034 5.7657022e+014 -2.728312e-001 3.286607e-001 2.052965e-002 1.010206e-002
1.08971249e-007 4.477090e-002 4.5541673e+034 5.7656922e+014 -2.728308e-001 3.286601e-001 2.052960e-002 1.010201e-002
1.47092871e-007 4.947919e-002 4.5541389e+034 5.7656801e+014 -2.728303e-001 3.286595e-001 2.052953e-002 1.010196e-002
1.98549779e-007 5.468255e-002 4.5541043e+034 5.7656653e+014 -2.728297e-001 3.286587e-001 2.052944e-002 1.010189e-002
2.68006207e-007 6.043300e-002 4.5540620e+034 5.7656472e+014 -2.728289e-001 3.286578e-001 2.052934e-002 1.010180e-002
3.61757414e-007 6.678804e-002 4.5540104e+034 5.7656251e+014 -2.728280e-001 3.286566e-001 2.052921e-002 1.010169e-002
4.88299795e-007 7.381118e-002 4.5539473e+034 5.7655981e+014 -2.728269e-001 3.286552e-001 2.052905e-002 1.010156e-002
6.59100110e-007 8.157259e-002 4.5538703e+034 5.7655651e+014 -2.728255e-001 3.286535e-001 2.052886e-002 1.010140e-002
8.89633287e-007 9.014979e-002 4.5537763e+034 5.7655248e+014 -2.728239e-001 3.286513e-001 2.052863e-002 1.010121e-002
1.20078240e-006 9.962842e-002 4.5536614e+034 5.7654756e+014 -2.728218e-001 3.286488e-001 2.052834e-002 1.010098e-002
1.62072691e-006 1.101030e-001 4.5535211e+034 5.7654156e+014 -2.728193e-001 3.286456e-001 2.052800e-002 1.010069e-002
2.18748911e-006 1.216781e-001 4.5533498e+034 5.7653422e+014 -2.728163e-001 3.286418e-001 2.052757e-002 1.010034e-002
2.95236733e-006 1.344689e-001 4.5531405e+034 5.7652526e+014 -2.728126e-001 3.286370e-001 2.052705e-002 1.009991e-002
3.98456355e-006 1.486028e-001 4.5528850e+034 5.7651432e+014 -2.728081e-001 3.286313e-001 2.052642e-002 1.009938e-002
5.37741906e-006 1.642203e-001 4.5525731e+034 5.7650096e+014 -2.728025e-001 3.286243e-001 2.052565e-002 1.009874e-002
7.25681338e-006 1.814763e-001 4.5521922e+034 5.7648465e+014 -2.727958e-001 3.286157e-001 2.052470e-002 1.009796e-002
9.79247183e-006 2.005419e-001 4.5517271e+034 5.7646473e+014 -2.727875e-001 3.286052e-001 2.052355e-002 1.009701e-002
1.32131798e-005 2.216054e-001 4.5511594e+034 5.7644042e+014 -2.727774e-001 3.285925e-001 2.052215e-002 1.009584e-002
1.78272389e-005 2.448746e-001 4.5504664e+034 5.7641074e+014 -2.727651e-001 3.285769e-001 2.052043e-002 1.009442e-002
2.40499472e-005 2.705781e-001 4.5496206e+034 5.7637451e+014 -2.727501e-001 3.285579e-001 2.051833e-002 1.009268e-002
3.24404755e-005 2.989672e-001 4.5485886e+034 5.7633030e+014 -2.727318e-001 3.285346e-001 2.051578e-002 1.009056e-002
4.37512873e-005 3.303185e-001 4.5473294e+034 5.7627635e+014 -2.727095e-001 3.285063e-001 2.051266e-002 1.008798e-002
5.89942643e-005 3.649353e-001 4.5457936e+034 5.7621054e+014 -2.726822e-001 3.284717e-001 2.050885e-002 1.008483e-002
7.95290095e-005 4.031499e-001 4.5439209e+034 5.7613027e+014 -2.726490e-001 3.284295e-001 2.050421e-002 1.008098e-002
1.07180483e-004 4.453259e-001 4.5416383e+034 5.7603242e+014 -2.726084e-001 3.283781e-001 2.049856e-002 1.007630e-002
1.44395258e-004 4.918602e-001 4.5388573e+034 5.7591316e+014 -2.725590e-001 3.283155e-001 2.049167e-002 1.007059e-002
1.94448315e-004 5.431845e-001 4.5354710e+034 5.7576789e+014 -2.724989e-001 3.282391e-001 2.048327e-002 1.006364e-002
2.61715528e-004 5.997669e-001 4.5313502e+034 5.7559103e+014 -2.724257e-001 3.281462e-001 2.047306e-002 1.005518e-002
3.52030742e-004 6.621127e-001 4.5263398e+034 5.7537588e+014 -2.723366e-001 3.280331e-001 2.046064e-002 1.004490e-002
4.73150580e-004 7.307649e-001 4.5202536e+034 5.7511437e+014 -2.722283e-001 3.278957e-001 2.044555e-002 1.003240e-002
6.35354480e-004 8.063021e-001 4.5128693e+034 5.7479683e+014 -2.720969e-001 3.277288e-001 2.042723e-002 1.001724e-002
8.52211398e-004 8.893370e-001 4.5039228e+034 5.7441174e+014 -2.719376e-001 3.275263e-001 2.040504e-002 9.998874e-003
1.14154701e-003 9.805105e-001 4.4931022e+034 5.7394545e+014 -2.717447e-001 3.272811e-001 2.037818e-002 9.976656e-003
1.52664448e-003 1.080485e+000 4.4800417e+034 5.7338184e+014 -2.715117e-001 3.269847e-001 2.034575e-002 9.949835e-003
2.03770526e-003 1.189934e+000 4.4643161e+034 5.7270206e+014 -2.712307e-001 3.266271e-001 2.030668e-002 9.917537e-003
2.71358080e-003 1.309524e+000 4.4454368e+034 5.7188428e+014 -2.708930e-001 3.261968e-001 2.025975e-002 9.878756e-003
3.60375663e-003 1.439902e+000 4.4228493e+034 5.7090346e+014 -2.704881e-001 3.256805e-001 2.020355e-002 9.832347e-003
4.77052380e-003 1.581664e+000 4.3959346e+034 5.6973126e+014 -2.700046e-001 3.250632e-001 2.013652e-002 9.777036e-003
6.29120444e-003 1.735329e+000 4.3640152e+034 5.6833614e+014 -2.694297e-001 3.243282e-001 2.005693e-002 9.711419e-003
8.26021067e-003 1.901307e+000 4.3263670e+034 5.6668364e+014 -2.687495e-001 3.234570e-001 1.996293e-002 9.634000e-003
1.07906151e-002 2.079858e+000 4.2822399e+034 5.6473699e+014 -2.679493e-001 3.224300e-001 1.985256e-002 9.543219e-003
1.40148155e-002 2.271060e+000 4.2308858e+034 5.6245801e+014 -2.670141e-001 3.212267e-001 1.972386e-002 9.437516e-003
1.80838153e-002 2.474770e+000 4.1715958e+034 5.5980840e+014 -2.659289e-001 3.198263e-001 1.957492e-002 9.315405e-003
2.31646526e-002 2.690600e+000 4.1037446e+034 5.5675134e+014 -2.646796e-001 3.182088e-001 1.940399e-002 9.175561e-003
2.94356304e-002 2.917898e+000 4.0268385e+034 5.5325333e+014 -2.632540e-001 3.163557e-001 1.920962e-002 9.016918e-003
3.70792507e-002 3.155747e+000 3.9405637e+034 5.4928611e+014 -2.616423e-001 3.142509e-001 1.899072e-002 8.838767e-003
4.62731099e-002 3.402982e+000 3.8448277e+034 5.4482852e+014 -2.598380e-001 3.118820e-001 1.874674e-002 8.640843e-003
5.71794193e-002 3.658219e+000 3.7397896e+034 5.3986800e+014 -2.578386e-001 3.092412e-001 1.847765e-002 8.423382e-003
6.99341651e-002 3.919908e+000 3.6258728e+034 5.3440163e+014 -2.556462e-001 3.063252e-001 1.818409e-002 8.187152e-003
8.46371117e-002 4.186384e+000 3.5037596e+034 5.2843654e+014 -2.532670e-001 3.031362e-001 1.786727e-002 7.933439e-003
1.01343822e-001 4.455940e+000 3.3743657e+034 5.2198961e+014 -2.507120e-001 2.996815e-001 1.752895e-002 7.663993e-003
1.20060602e-001 4.726876e+000 3.2387989e+034 5.1508663e+014 -2.479958e-001 2.959731e-001 1.717139e-002 7.380956e-003
1.40742840e-001 4.997564e+000 3.0983071e+034 5.0776091e+014 -2.451364e-001 2.920271e-001 1.679719e-002 7.086754e-003
1.63296755e-001 5.266488e+000 2.9542205e+034 5.0005162e+014 -2.421542e-001 2.878630e-001 1.640918e-002 6.783982e-003
1.87584096e-001 5.532275e+000 2.8078942e+034 4.9200196e+014 -2.390712e-001 2.835025e-001 1.601029e-002 6.475277e-003
2.13429105e-001 5.793715e+000 2.6606570e+034 4.8365744e+014 -2.359102e-001 2.789688e-001 1.560343e-002 6.163232e-003
2.40626858e-001 6.049771e+000 2.5137678e+034 4.7506427e+014 -2.326939e-001 2.742858e-001 1.519140e-002 5.850311e-003
2.68952182e-001 6.299578e+000 2.3683824e+034 4.6626796e+014 -2.294445e-001 2.694773e-001 1.477682e-002 5.538770e-003
2.98168408e-001 6.542435e+000 2.2255310e+034 4.5731231e+014 -2.261832e-001 2.645665e-001 1.436205e-002 5.230613e-003
3.28035437e-001 6.777792e+000 2.0861051e+034 4.4823853e+014 -2.229294e-001 2.595755e-001 1.394918e-002 4.927593e-003
3.58316760e-001 7.005239e+000 1.9508523e+034 4.3908476e+014 -2.197009e-001 2.545248e-001 1.353999e-002 4.631170e-003
3.88785241e-001 7.224485e+000 1.8203786e+034 4.2988570e+014 -2.165137e-001 2.494336e-001 1.313599e-002 4.342531e-003
4.19227638e-001 7.435347e+000 1.6951546e+034 4.2067248e+014 -2.133816e-001 2.443192e-001 1.273842e-002 4.062621e-003
4.49447878e-001 7.637731e+000 1.5755263e+034 4.1147265e+014 -2.103167e-001 2.391970e-001 1.234824e-002 3.792126e-003
4.79269235e-001 7.831623e+000 1.4617266e+034 4.0231029e+014 -2.073290e-001 2.340808e-001 1.196619e-002 3.531536e-003
5.08535538e-001 8.017069e+000 1.3538889e+034 3.9320618e+014 -2.044268e-001 2.289828e-001 1.159281e-002 3.281158e-003
5.37111581e-001 8.194169e+000 1.2520604e+034 3.8417798e+014 -2.016168e-001 2.239133e-001 1.122845e-002 3.041120e-003
5.64882894e-001 8.363067e+000 1.1562157e+034 3.7524054e+014 -1.989042e-001 2.188814e-001 1.087330e-002 2.811451e-003
5.91755014e-001 8.523941e+000 1.0662685e+034 3.6640610e+014 -1.962925e-001 2.138946e-001 1.052746e-002 2.592039e-003
6.17652403e-001 8.676994e+000 9.8208319e+033 3.5768460e+014 -1.937844e-001 2.089593e-001 1.019088e-002 2.382706e-003
6.42517114e-001 8.822454e+000 9.0348532e+033 3.4908390e+014 -1.913812e-001 2.040807e-001 9.863469e-003 2.183209e-003
6.66307296e-001 8.960560e+000 8.3027043e+033 3.4060999e+014 -1.890833e-001 1.992629e-001 9.545039e-003 1.993220e-003
6.88995620e-001 9.091567e+000 7.6221198e+033 3.3226731e+014 -1.868904e-001 1.945092e-001 9.235367e-003 1.812439e-003
7.10567688e-001 9.215733e+000 6.9906816e+033 3.2405887e+014 -1.848013e-001 1.898221e-001 8.934194e-003 1.640466e-003
7.31020456e-001 9.333325e+000 6.4058763e+033 3.1598648e+014 -1.828145e-001 1.852034e-001 8.641230e-003 1.476983e-003
7.50360718e-001 9.444610e+000 5.8651433e+033 3.0805094e+014 -1.809277e-001 1.806542e-001 8.356173e-003 1.321549e-003
7.68603668e-001 9.549854e+000 5.3659143e+033 3.0025212e+014 -1.791383e-001 1.761751e-001 8.078714e-003 1.173783e-003
7.70368413e-001 9.560057e+000 5.3181759e+033 2.9947974e+014 -1.789646e-001 1.757310e-001 8.051373e-003 1.159418e-003
7.72122429e-001 9.570202e+000 5.2708244e+033 2.9870871e+014 -1.787918e-001 1.752877e-001 8.024106e-003 1.145126e-003
7.73865741e-001 9.580289e+000 5.2238575e+033 2.9793904e+014 -1.786200e-001 1.748451e-001 7.996910e-003 1.130907e-003
7.75598378e-001 9.590320e+000 5.1772727e+033 2.9717072e+014 -1.784492e-001 1.744032e-001 7.969787e-003 1.116759e-003
7.77320365e-001 9.600294e+000 5.1310673e+033 2.9640376e+014 -1.782792e-001 1.739619e-001 7.942735e-003 1.102683e-003
7.79031731e-001 9.610212e+000 5.0852389e+033 2.9563815e+014 -1.781102e-001 1.735214e-001 7.915754e-003 1.088678e-003
7.80732504e-001 9.620073e+000 5.0397851e+033 2.9487389e+014 -1.779421e-001 1.730816e-001 7.888844e-003 1.074745e-003
7.82422714e-001 9.629879e+000 4.9947032e+033 2.9411098e+014 -1.777750e-001 1.726425e-001 7.862006e-003 1.060882e-003
7.84102390e-001 9.639629e+000 4.9499910e+033 2.9334942e+014 -1.776087e-001 1.722041e-001 7.835237e-003 1.047089e-003
7.85771562e-001 9.649324e+000 4.9056458e+033 2.9258921e+014 -1.774434e-001 1.717664e-001 7.808539e-003 1.033367e-003
7.87430261e-001 9.658963e+000 4.8616652e+033 2.9183036e+014 -1.772790e-001 1.713294e-001 7.781910e-003 1.019714e-003
7.89078516e-001 9.668548e+000 4.8180468e+033 2.9107284e+014 -1.771155e-001 1.708930e-001 7.755350e-003 1.006130e-003
7.90716360e-001 9.678078e+000 4.7747880e+033 2.9031667e+014 -1.769529e-001 1.704574e-001 7.728860e-003 9.926158e-004
7.92343825e-001 9.687553e+000 4.7318866e+033 2.8956184e+014 -1.767912e-001 1.700225e-001 7.702439e-003 9.791696e-004
7.93960943e-001 9.696975e+000 4.6893399e+033 2.8880834e+014 -1.766304e-001 1.695883e-001 7.676086e-003 9.657917e-004
7.95567746e-001 9.706342e+000 4.6471456e+033 2.8805617e+014 -1.764706e-001 1.691548e-001 7.649802e-003 9.524818e-004
7.97164268e-001 9.715657e+000 4.6053014e+033 2.8730534e+014 -1.763116e-001 1.687220e-001 7.623585e-003 9.392393e-004
7.98750542e-001 9.724917e+000 4.5638046e+033 2.8655584e+014 -1.761535e-001 1.682899e-001 7.597436e-003 9.260639e-004
8.00326602e-001 9.734125e+000 4.5226530e+033 2.8580768e+014 -1.759962e-001 1.678585e-001 7.571355e-003 9.129554e-004
8.01892482e-001 9.743280e+000 4.4818442e+033 2.8506085e+014 -1.758399e-001 1.674278e-001 7.545340e-003 8.999134e-004
8.03448218e-001 9.752383e+000 4.4413758e+033 2.8431535e+014 -1.756845e-001 1.669978e-001 7.519392e-003 8.869376e-004
8.04993843e-001 9.761433e+000 4.4012453e+033 2.8357117e+014 -1.755299e-001 1.665684e-001 7.493511e-003 8.740276e-004
8.06529394e-001 9.770431e+000 4.3614504e+033 2.8282832e+014 -1.753762e-001 1.661398e-001 7.467695e-003 8.611830e-004
8.08054907e-001 9.779377e+000 4.3219888e+033 2.8208678e+014 -1.752233e-001 1.657119e-001 7.441946e-003 8.484037e-004
8.09570416e-001 9.788272e+000 4.2828581e+033 2.8134657e+014 -1.750714e-001 1.652847e-001 7.416262e-003 8.356893e-004
8.11075960e-001 9.797116e+000 4.2440560e+033 2.8060766e+014 -1.749203e-001 1.648581e-001 7.390644e-003 8.230392e-004
8.12571573e-001 9.805908e+000 4.2055801e+033 2.7987007e+014 -1.747700e-001 1.644323e-001 7.365090e-003 8.104533e-004
8.14057295e-001 9.814650e+000 4.1674281e+033 2.7913379e+014 -1.746206e-001 1.640071e-001 7.339602e-003 7.979313e-004
8.15533161e-001 9.823341e+000 4.1295976e+033 2.7839882e+014 -1.744721e-001 1.635827e-001 7.314177e-003 7.854728e-004
8.16999210e-001 9.831982e+000 4.0920865e+033 2.7766516e+014 -1.743244e-001 1.631589e-001 7.288817e-003 7.730775e-004
8.18455479e-001 9.840573e+000 4.0548923e+033 2.7693281e+014 -1.741776e-001 1.627358e-001 7.263521e-003 7.607450e-004
8.19902008e-001 9.849114e+000 4.0180128e+033 2.7620176e+014 -1.740316e-001 1.623134e-001 7.238288e-003 7.484751e-004
8.21338833e-001 9.857606e+000 3.9814458e+033 2.7547201e+014 -1.738864e-001 1.618917e-001 7.213119e-003 7.362675e-004
8.22765994e-001 9.866048e+000 3.9451889e+033 2.7474356e+014 -1.737421e-001 1.614707e-001 7.188012e-003 7.241219e-004
8.24183530e-001 9.874441e+000 3.9092399e+033 2.7401640e+014 -1.735986e-001 1.610504e-001 7.162969e-003 7.120378e-004
8.25591480e-001 9.882786e+000 3.8735965e+033 2.7329054e+014 -1.734559e-001 1.606307e-001 7.137988e-003 7.000149e-004
8.26989884e-001 9.891082e+000 3.8382565e+033 2.7256597e+014 -1.733141e-001 1.602118e-001 7.113069e-003 6.880531e-004
8.28378781e-001 9.899329e+000 3.8032177e+033 2.7184268e+014 -1.731731e-001 1.597935e-001 7.088212e-003 6.761521e-004
8.29758212e-001 9.907529e+000 3.7684779e+033 2.7112069e+014 -1.730329e-001 1.593759e-001 7.063417e-003 6.643114e-004
8.31128215e-001 9.915681e+000 3.7340349e+033 2.7039997e+014 -1.728935e-001 1.589590e-001 7.038683e-003 6.525306e-004
8.32488833e-001 9.923785e+000 3.6998864e+033 2.6968053e+014 -1.727549e-001 1.585428e-001 7.014010e-003 6.408097e-004
8.33840104e-001 9.931842e+000 3.6660302e+033 2.6896238e+014 -1.726171e-001 1.581273e-001 6.989398e-003 6.291484e-004
8.35182071e-001 9.939852e+000 3.6324643e+033 2.6824550e+014 -1.724802e-001 1.577124e-001 6.964847e-003 6.175462e-004
8.36514773e-001 9.947815e+000 3.5991865e+033 2.6752989e+014 -1.723440e-001 1.572982e-001 6.940356e-003 6.060028e-004
8.37838252e-001 9.955732e+000 3.5661945e+033 2.6681555e+014 -1.722086e-001 1.568847e-001 6.915926e-003 5.945179e-004
8.39152550e-001 9.963602e+000 3.5334862e+033 2.6610249e+014 -1.720740e-001 1.564719e-001 6.891555e-003 5.830916e-004
8.40457707e-001 9.971426e+000 3.5010596e+033 2.6539070e+014 -1.719402e-001 1.560597e-001 6.867244e-003 5.717233e-004
8.41753765e-001 9.979204e+000 3.4689124e+033 2.6468016e+014 -1.718072e-001 1.556482e-001 6.842992e-003 5.604126e-004
8.43040766e-001 9.986936e+000 3.4370426e+033 2.6397089e+014 -1.716750e-001 1.552374e-001 6.818799e-003 5.491592e-004
8.44318752e-001 9.994623e+000 3.4054481e+033 2.6326288e+014 -1.715435e-001 1.548273e-001 6.794665e-003 5.379632e-004
8.45587764e-001 1.000227e+001 3.3741268e+033 2.6255612e+014 -1.714129e-001 1.544178e-001 6.770590e-003 5.268243e-004
8.46847845e-001 1.000986e+001 3.3430766e+033 2.6185061e+014 -1.712830e-001 1.540091e-001 6.746573e-003 5.157417e-004
8.48099037e-001 1.001741e+001 3.3122955e+033 2.6114636e+014 -1.711538e-001 1.536009e-001 6.722614e-003 5.047152e-004
8.49341383e-001 1.002492e+001 3.2817813e+033 2.6044335e+014 -1.710254e-001 1.531935e-001 6.698713e-003 4.937449e-004
8.50574924e-001 1.003239e+001 3.2515321e+033 2.5974159e+014 -1.708978e-001 1.527867e-001 6.674870e-003 4.828306e-004
8.51799703e-001 1.003981e+001 3.2215458e+033 2.5904108e+014 -1.707710e-001 1.523806e-001 6.651084e-003 4.719718e-004
8.53015764e-001 1.004718e+001 3.1918204e+033 2.5834181e+014 -1.706448e-001 1.519752e-001 6.627356e-003 4.611680e-004
8.54223148e-001 1.005451e+001 3.1623538e+033 2.5764377e+014 -1.705195e-001 1.515704e-001 6.603684e-003 4.504194e-004
8.55421899e-001 1.006180e+001 3.1331441e+033 2.5694697e+014 -1.703949e-001 1.511663e-001 6.580069e-003 4.397262e-004
8.56612059e-001 1.006905e+001 3.1041894e+033 2.5625140e+014 -1.702710e-001 1.507628e-001 6.556510e-003 4.290874e-004
8.57793672e-001 1.007625e+001 3.0754875e+033 2.5555707e+014 -1.701478e-001 1.503600e-001 6.533008e-003 4.185021e-004
8.58966780e-001 1.008341e+001 3.0470365e+033 2.5486396e+014 -1.700254e-001 1.499579e-001 6.509562e-003 4.079700e-004
8.60131427e-001 1.009053e+001 3.0188346e+033 2.5417209e+014 -1.699038e-001 1.495564e-001 6.486172e-003 3.974914e-004
8.61287655e-001 1.009761e+001 2.9908797e+033 2.5348144e+014 -1.697828e-001 1.491556e-001 6.462838e-003 3.870662e-004
8.62435509e-001 1.010464e+001 2.9631699e+033 2.5279201e+014 -1.696626e-001 1.487555e-001 6.439559e-003 3.766947e-004
8.63575031e-001 1.011163e+001 2.9357033e+033 2.5210380e+014 -1.695431e-001 1.483560e-001 6.416335e-003 3.663778e-004
8.64706264e-001 1.011858e+001 2.9084779e+033 2.5141680e+014 -1.694243e-001 1.479571e-001 6.393166e-003 3.561167e-004
8.65829252e-001 1.012549e+001 2.8814919e+033 2.5073102e+014 -1.693062e-001 1.475590e-001 6.370052e-003 3.459094e-004
8.66944038e-001 1.013236e+001 2.8547435e+033 2.5004645e+014 -1.691889e-001 1.471614e-001 6.346993e-003 3.357514e-004
8.68050666e-001 1.013919e+001 2.8282306e+033 2.4936309e+014 -1.690722e-001 1.467646e-001 6.323988e-003 3.256394e-004
8.69149179e-001 1.014598e+001 2.8019515e+033 2.4868094e+014 -1.689562e-001 1.463684e-001 6.301037e-003 3.155715e-004
8.70239620e-001 1.015272e+001 2.7759042e+033 2.4800000e+014 -1.688410e-001 1.459728e-001 6.278141e-003 3.055507e-004
8.71322033e-001 1.015943e+001 2.7500870e+033 2.4732026e+014 -1.687264e-001 1.455779e-001 6.255298e-003 2.955862e-004
8.72396461e-001 1.016609e+001 2.7244980e+033 2.4664173e+014 -1.686125e-001 1.451837e-001 6.232509e-003 2.856878e-004
8.73462948e-001 1.017272e+001 2.6991354e+033 2.4596439e+014 -1.684994e-001 1.447901e-001 6.209773e-003 2.758656e-004
8.74521537e-001 1.017931e+001 2.6739974e+033 2.4528826e+014 -1.683869e-001 1.443971e-001 6.187091e-003 2.661175e-004
8.75572272e-001 1.018586e+001 2.6490822e+033 2.4461331e+014 -1.682750e-001 1.440048e-001 6.164461e-003 2.564080e-004
8.76615196e-001 1.019237e+001 2.6243880e+033 2.4393956e+014 -1.681639e-001 1.436131e-001 6.141885e-003 2.467016e-004
8.77650352e-001 1.019884e+001 2.5999130e+033 2.4326701e+014 -1.680534e-001 1.432221e-001 6.119362e-003 2.369705e-004
8.78677784e-001 1.020527e+001 2.5756554e+033 2.4259564e+014 -1.679436e-001 1.428318e-001 6.096891e-003 2.272124e-004
8.79697535e-001 1.021166e+001 2.5516136e+033 2.4192547e+014 -1.678345e-001 1.424421e-001 6.074472e-003 2.175190e-004
8.80709649e-001 1.021801e+001 2.5277857e+033 2.4125649e+014 -1.677260e-001 1.420530e-001 6.052106e-003 2.080000e-004
8.81714168e-001 1.022433e+001 2.5041700e+033 2.4058869e+014 -1.676182e-001 1.416646e-001 6.029793e-003 1.987486e-004
8.82711137e-001 1.023061e+001 2.4807649e+033 2.3992207e+014 -1.675110e-001 1.412768e-001 6.007531e-003 1.898094e-004
8.83700598e-001 1.023685e+001 2.4575685e+033 2.3925663e+014 -1.674045e-001 1.408896e-001 5.985321e-003 1.809266e-004
8.84682594e-001 1.024306e+001 2.4345793e+033 2.3859237e+014 -1.672987e-001 1.405031e-001 5.963162e-003 1.717417e-004
8.85657169e-001 1.024922e+001 2.4117954e+033 2.3792929e+014 -1.671935e-001 1.401173e-001 5.941056e-003 1.619755e-004
8.86624365e-001 1.025535e+001 2.3892153e+033 2.3726738e+014 -1.670889e-001 1.397321e-001 5.919000e-003 1.514833e-004
8.87584226e-001 1.026144e+001 2.3668373e+033 2.3660665e+014 -1.669850e-001 1.393475e-001 5.896996e-003 1.409025e-004
8.88536795e-001 1.026750e+001 2.3446597e+033 2.3594710e+014 -1.668817e-001 1.389636e-001 5.875043e-003 1.312694e-004
8.89482114e-001 1.027352e+001 2.3226808e+033 2.3528872e+014 -1.667790e-001 1.385803e-001 5.853140e-003 1.233697e-004
8.90420227e-001 1.027950e+001 2.3008991e+033 2.3463151e+014 -1.666770e-001 1.381977e-001 5.831289e-003 1.177431e-004
8.91351176e-001 1.028545e+001 2.2793129e+033 2.3397548e+014 -1.665756e-001 1.378157e-001 5.809489e-003 1.130023e-004
8.92275004e-001 1.029136e+001 2.2579207e+033 2.3332061e+014 -1.664748e-001 1.374343e-001 5.787739e-003 1.059611e-004
8.93191753e-001 1.029724e+001 2.2367207e+033 2.3266691e+014 -1.663747e-001 1.370536e-001 5.766039e-003 9.421228e-005
8.94101466e-001 1.030308e+001 2.2157114e+033 2.3201438e+014 -1.662751e-001 1.366735e-001 5.744390e-003 7.713918e-005
8.95004186e-001 1.030889e+001 2.1948913e+033 2.3136302e+014 -1.661762e-001 1.362941e-001 5.722792e-003 5.932976e-005
8.95899955e-001 1.031466e+001 2.1742588e+033 2.3071282e+014 -1.660778e-001 1.359153e-001 5.701244e-003 4.724483e-005
8.96788815e-001 1.032040e+001 2.1538123e+033 2.3006379e+014 -1.659801e-001 1.355372e-001 5.679745e-003 4.323405e-005
8.97670809e-001 1.032610e+001 2.1335502e+033 2.2941592e+014 -1.658830e-001 1.351597e-001 5.658297e-003 5.042373e-005
8.98545978e-001 1.033176e+001 2.1134711e+033 2.2876922e+014 -1.657865e-001 1.347828e-001 5.636899e-003 7.060172e-005
8.99414365e-001 1.033740e+001 2.0935734e+033 2.2812369e+014 -1.656905e-001 1.344065e-001 5.615550e-003 7.970438e-005
9.00276011e-001 1.034300e+001 2.0738556e+033 2.2747932e+014 -1.655952e-001 1.340310e-001 5.594251e-003 4.668399e-005
9.01130959e-001 1.034856e+001 2.0543162e+033 2.2683611e+014 -1.655005e-001 1.336560e-001 5.573002e-003 9.124998e-006
9.01979249e-001 1.035409e+001 2.0349537e+033 2.2619406e+014 -1.654063e-001 1.332817e-001 5.551802e-003 5.144911e-007
9.02820925e-001 1.035959e+001 2.0157666e+033 2.2555317e+014 -1.653127e-001 1.329080e-001 5.530652e-003 1.569765e-008
9.03656027e-001 1.036506e+001 1.9967534e+033 2.2491345e+014 -1.652197e-001 1.325350e-001 5.509552e-003 5.518023e-010
9.04484596e-001 1.037049e+001 1.9779128e+033 2.2427489e+014 -1.651273e-001 1.321626e-001 5.488501e-003 4.765257e-011
9.05306674e-001 1.037589e+001 1.9592431e+033 2.2363750e+014 -1.650354e-001 1.317909e-001 5.467499e-003 1.660644e-011
9.06122303e-001 1.038126e+001 1.9407431e+033 2.2300127e+014 -1.649441e-001 1.314197e-001 5.446546e-003 1.670320e-011
9.06931522e-001 1.038659e+001 1.9224112e+033 2.2236621e+014 -1.648534e-001 1.310493e-001 5.425643e-003 2.939706e-011
9.07734374e-001 1.039189e+001 1.9042460e+033 2.2173230e+014 -1.647633e-001 1.306795e-001 5.404789e-003 5.482359e-011
9.08530899e-001 1.039716e+001 1.8862462e+033 2.2109957e+014 -1.646737e-001 1.303103e-001 5.383984e-003 7.358745e-011
9.09321138e-001 1.040240e+001 1.8684103e+033 2.2046800e+014 -1.645846e-001 1.299418e-001 5.363228e-003 7.381324e-011
9.10105130e-001 1.040760e+001 1.8507370e+033 2.1983759e+014 -1.644961e-001 1.295739e-001 5.342522e-003 6.334066e-011
9.10882918e-001 1.041278e+001 1.8332247e+033 2.1920835e+014 -1.644082e-001 1.292067e-001 5.321864e-003 5.324707e-011
9.11654541e-001 1.041792e+001 1.8158723e+033 2.1858028e+014 -1.643208e-001 1.288401e-001 5.301255e-003 4.882141e-011
9.12420038e-001 1.042303e+001 1.7986783e+033 2.1795337e+014 -1.642340e-001 1.284742e-001 5.280696e-003 4.846317e-011
9.13179452e-001 1.042812e+001 1.7816414e+033 2.1732764e+014 -1.641476e-001 1.281089e-001 5.260186e-003 5.021532e-011
9.13932820e-001 1.043317e+001 1.7647602e+033 2.1670308e+014 -1.640619e-001 1.277442e-001 5.239724e-003 5.235848e-011
9.14680183e-001 1.043818e+001 1.7480334e+033 2.1607970e+014 -1.639766e-001 1.273803e-001 5.219312e-003 5.334635e-011
9.15421581e-001 1.044317e+001 1.7314597e+033 2.1545749e+014 -1.638919e-001 1.270169e-001 5.198948e-003 5.319711e-011
9.16157054e-001 1.044813e+001 1.7150378e+033 2.1483645e+014 -1.638078e-001 1.266543e-001 5.178634e-003 5.243508e-011
9.16886640e-001 1.045306e+001 1.6987664e+033 2.1421660e+014 -1.637241e-001 1.262922e-001 5.158368e-003 5.159411e-011
9.17610379e-001 1.045796e+001 1.6826441e+033 2.1359793e+014 -1.636410e-001 1.259309e-001 5.138152e-003 5.108220e-011
9.18328309e-001 1.046283e+001 1.6666697e+033 2.1298044e+014 -1.635584e-001 1.255702e-001 5.117985e-003 5.086779e-011
9.19040471e-001 1.046767e+001 1.6508419e+033 2.1236414e+014 -1.634763e-001 1.252102e-001 5.097867e-003 5.081157e-011
9.19746902e-001 1.047248e+001 1.6351596e+033 2.1174902e+014 -1.633947e-001 1.248508e-001 5.077798e-003 5.077726e-011
9.20447642e-001 1.047726e+001 1.6196213e+033 2.1113510e+014 -1.633136e-001 1.244921e-001 5.057779e-003 5.065741e-011
9.21142728e-001 1.048201e+001 1.6042258e+033 2.1052237e+014 -1.632331e-001 1.241340e-001 5.037808e-003 5.045984e-011
9.21832200e-001 1.048673e+001 1.5889721e+033 2.0991084e+014 -1.631530e-001 1.237767e-001 5.017887e-003 5.022160e-011
9.22516095e-001 1.049143e+001 1.5738587e+033 2.0930050e+014 -1.630734e-001 1.234200e-001 4.998015e-003 4.997930e-011
9.23194452e-001 1.049609e+001 1.5588845e+033 2.0869136e+014 -1.629944e-001 1.230639e-001 4.978193e-003 4.976073e-011
9.23867307e-001 1.050073e+001 1.5440483e+033 2.0808343e+014 -1.629158e-001 1.227086e-001 4.958420e-003 4.956300e-011
9.24534700e-001 1.050534e+001 1.5293488e+033 2.0747670e+014 -1.628377e-001 1.223539e-001 4.938697e-003 4.937627e-011
9.25196668e-001 1.050992e+001 1.5147850e+033 2.0687119e+014 -1.627602e-001 1.219999e-001 4.919024e-003 4.919086e-011
9.25853248e-001 1.051447e+001 1.5003556e+033 2.0626688e+014 -1.626831e-001 1.216466e-001 4.899400e-003 4.899968e-011
9.26504477e-001 1.051899e+001 1.4860594e+033 2.0566380e+014 -1.626064e-001 1.212940e-001 4.879826e-003 4.880373e-011
9.27150392e-001 1.052349e+001 1.4718953e+033 2.0506194e+014 -1.625303e-001 1.209420e-001 4.860302e-003 4.860564e-011
9.27791031e-001 1.052796e+001 1.4578621e+033 2.0446131e+014 -1.624547e-001 1.205908e-001 4.840827e-003 4.840798e-011
9.28426431e-001 1.053240e+001 1.4439588e+033 2.0386191e+014 -1.623795e-001 1.202402e-001 4.821403e-003 4.821251e-011
9.29056627e-001 1.053682e+001 1.4301840e+033 2.0326375e+014 -1.623048e-001 1.198903e-001 4.802029e-003 4.801889e-011
9.29681656e-001 1.054121e+001 1.4165369e+033 2.0266683e+014 -1.622306e-001 1.195411e-001 4.782706e-003 4.782643e-011
9.30301555e-001 1.054557e+001 1.4030161e+033 2.0207114e+014 -1.621568e-001 1.191927e-001 4.763433e-003 4.763445e-011
9.30916360e-001 1.054990e+001 1.3896206e+033 2.0147670e+014 -1.620835e-001 1.188449e-001 4.744210e-003 4.744251e-011
9.31526106e-001 1.055421e+001 1.3763493e+033 2.0088351e+014 -1.620106e-001 1.184978e-001 4.725038e-003 4.725074e-011
9.32130830e-001 1.055849e+001 1.3632012e+033 2.0029157e+014 -1.619383e-001 1.181515e-001 4.705917e-003 4.705932e-011
9.32730567e-001 1.056275e+001 1.3501750e+033 1.9970090e+014 -1.618663e-001 1.178058e-001 4.686846e-003 4.686842e-011
9.33325353e-001 1.056698e+001 1.3372699e+033 1.9911149e+014 -1.617949e-001 1.174609e-001 4.667827e-003 4.667816e-011
9.33915222e-001 1.057118e+001 1.3244846e+033 1.9852336e+014 -1.617238e-001 1.171167e-001 4.648859e-003 4.648850e-011
9.34500211e-001 1.057536e+001 1.3118182e+033 1.9793651e+014 -1.616533e-001 1.167732e-001 4.629942e-003 4.629939e-011
9.35080354e-001 1.057951e+001 1.2992695e+033 1.9735094e+014 -1.615831e-001 1.164304e-001 4.611077e-003 4.611078e-011
9.35655685e-001 1.058364e+001 1.2868376e+033 1.9676665e+014 -1.615134e-001 1.160884e-001 4.592263e-003 4.592266e-011
9.36226240e-001 1.058774e+001 1.2745214e+033 1.9618366e+014 -1.614442e-001 1.157471e-001 4.573501e-003 4.573503e-011
9.36792053e-001 1.059182e+001 1.2623198e+033 1.9560196e+014 -1.613754e-001 1.154065e-001 4.554790e-003 4.554791e-011
9.37353158e-001 1.059587e+001 1.2502320e+033 1.9502156e+014 -1.613070e-001 1.150667e-001 4.536132e-003 4.536132e-011
9.37909590e-001 1.059989e+001 1.2382568e+033 1.9444247e+014 -1.612391e-001 1.147276e-001 4.517526e-003 4.517525e-011
9.38461381e-001 1.060390e+001 1.2263933e+033 1.9386469e+014 -1.611716e-001 1.143893e-001 4.498972e-003 4.498972e-011
9.39008567e-001 1.060787e+001 1.2146405e+033 1.9328824e+014 -1.611045e-001 1.140517e-001 4.480471e-003 4.480471e-011
9.39551180e-001 1.061183e+001 1.2029973e+033 1.9271310e+014 -1.610378e-001 1.137148e-001 4.462023e-003 4.462023e-011
9.40089254e-001 1.061576e+001 1.1914629e+033 1.9213929e+014 -1.609716e-001 1.133787e-001 4.443627e-003 4.443627e-011
9.40622823e-001 1.061966e+001 1.1800362e+033 1.9156682e+014 -1.609058e-001 1.130434e-001 4.425284e-003 4.425284e-011
9.41151919e-001 1.062354e+001 1.1687163e+033 1.9099569e+014 -1.608404e-001 1.127088e-001 4.406994e-003 4.406994e-011
9.41676575e-001 1.062740e+001 1.1575022e+033 1.9042591e+014 -1.607754e-001 1.123750e-001 4.388758e-003 4.388758e-011
9.42196824e-001 1.063123e+001 1.1463930e+033 1.8985747e+014 -1.607108e-001 1.120420e-001 4.370574e-003 4.370574e-011
9.42712698e-001 1.063504e+001 1.1353878e+033 1.8929040e+014 -1.606467e-001 1.117097e-001 4.352445e-003 4.352444e-011
9.43224231e-001 1.063883e+001 1.1244856e+033 1.8872468e+014 -1.605829e-001 1.113782e-001 4.334369e-003 4.334368e-011
9.43731454e-001 1.064259e+001 1.1136855e+033 1.8816033e+014 -1.605196e-001 1.110475e-001 4.316346e-003 4.316346e-011
9.44234398e-001 1.064633e+001 1.1029866e+033 1.8759735e+014 -1.604566e-001 1.107176e-001 4.298378e-003 4.298378e-011
9.44733097e-001 1.065004e+001 1.0923880e+033 1.8703574e+014 -1.603941e-001 1.103885e-001 4.280463e-003 4.280463e-011
9.45227582e-001 1.065374e+001 1.0818887e+033 1.8647551e+014 -1.603319e-001 1.100601e-001 4.262603e-003 4.262603e-011
9.45717883e-001 1.065741e+001 1.0714880e+033 1.8591666e+014 -1.602702e-001 1.097326e-001 4.244797e-003 4.244797e-011
9.46204034e-001 1.066106e+001 1.0611848e+033 1.8535920e+014 -1.602088e-001 1.094058e-001 4.227046e-003 4.227046e-011
9.46686063e-001 1.066468e+001 1.0509784e+033 1.8480313e+014 -1.601478e-001 1.090798e-001 4.209348e-003 4.209348e-011
9.47164004e-001 1.066828e+001 1.0408678e+033 1.8424845e+014 -1.600872e-001 1.087546e-001 4.191706e-003 4.191706e-011
9.47637886e-001 1.067187e+001 1.0308523e+033 1.8369516e+014 -1.600270e-001 1.084302e-001 4.174118e-003 4.174118e-011
9.48107740e-001 1.067542e+001 1.0209309e+033 1.8314327e+014 -1.599672e-001 1.081066e-001 4.156584e-003 4.156584e-011
9.48573596e-001 1.067896e+001 1.0111027e+033 1.8259277e+014 -1.599078e-001 1.077839e-001 4.139105e-003 4.139105e-011
9.49035486e-001 1.068248e+001 1.0013670e+033 1.8204368e+014 -1.598488e-001 1.074619e-001 4.121681e-003 4.121681e-011
9.49493438e-001 1.068597e+001 9.9172297e+032 1.8149600e+014 -1.597901e-001 1.071407e-001 4.104312e-003 4.104312e-011
9.49947483e-001 1.068944e+001 9.8216969e+032 1.8094972e+014 -1.597318e-001 1.068203e-001 4.086997e-003 4.086997e-011
9.50397651e-001 1.069289e+001 9.7270638e+032 1.8040484e+014 -1.596738e-001 1.065007e-001 4.069737e-003 4.069737e-011
9.50843971e-001 1.069632e+001 9.6333223e+032 1.7986136e+014 -1.596163e-001 1.061820e-001 4.052532e-003 4.052532e-011
9.51286473e-001 1.069973e+001 9.5404642e+032 1.7931928e+014 -1.595591e-001 1.058640e-001 4.035382e-003 4.035382e-011
9.51725186e-001 1.070311e+001 9.4484816e+032 1.7877859e+014 -1.595023e-001 1.055468e-001 4.018286e-003 4.018285e-011
9.52160138e-001 1.070648e+001 9.3573665e+032 1.7823930e+014 -1.594458e-001 1.052305e-001 4.001244e-003 4.001244e-011
9.52591359e-001 1.070982e+001 9.2671111e+032 1.7770141e+014 -1.593897e-001 1.049149e-001 3.984257e-003 3.984256e-011
9.53018878e-001 1.071315e+001 9.1777075e+032 1.7716490e+014 -1.593340e-001 1.046001e-001 3.967323e-003 3.967323e-011
9.53442723e-001 1.071645e+001 9.0891481e+032 1.7662977e+014 -1.592786e-001 1.042861e-001 3.950444e-003 3.950444e-011
9.53862922e-001 1.071973e+001 9.0014251e+032 1.7609601e+014 -1.592236e-001 1.039729e-001 3.933618e-003 3.933618e-011
9.54279504e-001 1.072299e+001 8.9145310e+032 1.7556362e+014 -1.591689e-001 1.036605e-001 3.916846e-003 3.916846e-011
9.54692496e-001 1.072624e+001 8.8284582e+032 1.7503259e+014 -1.591146e-001 1.033489e-001 3.900127e-003 3.900127e-011
9.55101927e-001 1.072946e+001 8.7431992e+032 1.7450291e+014 -1.590606e-001 1.030380e-001 3.883461e-003 3.883461e-011
9.55507824e-001 1.073266e+001 8.6587466e+032 1.7397457e+014 -1.590069e-001 1.027280e-001 3.866847e-003 3.866847e-011
9.55910215e-001 1.073584e+001 8.5750931e+032 1.7344755e+014 -1.589537e-001 1.024186e-001 3.850286e-003 3.850286e-011
9.56309127e-001 1.073900e+001 8.4922314e+032 1.7292185e+014 -1.589007e-001 1.021101e-001 3.833776e-003 3.833776e-011
9.56704587e-001 1.074215e+001 8.4101542e+032 1.7239743e+014 -1.588481e-001 1.018022e-001 3.817317e-003 3.817317e-011
9.57096622e-001 1.074527e+001 8.3288544e+032 1.7187430e+014 -1.587958e-001 1.014951e-001 3.800909e-003 3.800909e-011
9.57485259e-001 1.074837e+001 8.2483249e+032 1.7135243e+014 -1.587439e-001 1.011888e-001 3.784551e-003 3.784551e-011
9.57870525e-001 1.075146e+001 8.1685586e+032 1.7083180e+014 -1.586923e-001 1.008831e-001 3.768243e-003 3.768243e-011
9.58252446e-001 1.075452e+001 8.0895486e+032 1.7031238e+014 -1.586410e-001 1.005782e-001 3.751983e-003 3.751983e-011
9.58631048e-001 1.075757e+001 8.0112880e+032 1.6979417e+014 -1.585901e-001 1.002739e-001 3.735771e-003 3.735771e-011
9.59006358e-001 1.076059e+001 7.9337698e+032 1.6927713e+014 -1.585395e-001 9.997032e-002 3.719607e-003 3.719607e-011
9.59378402e-001 1.076360e+001 7.8569873e+032 1.6876123e+014 -1.584892e-001 9.966738e-002 3.703489e-003 3.703489e-011
9.59747205e-001 1.076659e+001 7.7809337e+032 1.6824645e+014 -1.584393e-001 9.936508e-002 3.687416e-003 3.687416e-011
9.60112793e-001 1.076956e+001 7.7056023e+032 1.6773275e+014 -1.583896e-001 9.906340e-002 3.671388e-003 3.671388e-011
9.60475192e-001 1.077251e+001 7.6309866e+032 1.6722009e+014 -1.583403e-001 9.876232e-002 3.655403e-003 3.655403e-011
9.60834426e-001 1.077545e+001 7.5570799e+032 1.6670845e+014 -1.582913e-001 9.846182e-002 3.639460e-003 3.639461e-011
9.61190521e-001 1.077836e+001 7.4838757e+032 1.6619778e+014 -1.582426e-001 9.816188e-002 3.623559e-003 3.623559e-011
9.61543503e-001 1.078126e+001 7.4113676e+032 1.6568803e+014 -1.581942e-001 9.786247e-002 3.607697e-003 3.607697e-011
9.61893395e-001 1.078414e+001 7.3395492e+032 1.6517917e+014 -1.581462e-001 9.756357e-002 3.591874e-003 3.591874e-011
9.62240223e-001 1.078700e+001 7.2684140e+032 1.6467115e+014 -1.580984e-001 9.726514e-002 3.576088e-003 3.576088e-011
9.62584010e-001 1.078984e+001 7.1979560e+032 1.6416391e+014 -1.580510e-001 9.696717e-002 3.560337e-003 3.560337e-011
9.62924782e-001 1.079267e+001 7.1281687e+032 1.6365742e+014 -1.580038e-001 9.666961e-002 3.544620e-003 3.544620e-011
9.63262563e-001 1.079548e+001 7.0590460e+032 1.6315160e+014 -1.579570e-001 9.637243e-002 3.528935e-003 3.528935e-011
9.63597375e-001 1.079827e+001 6.9905818e+032 1.6264640e+014 -1.579104e-001 9.607560e-002 3.513280e-003 3.513280e-011
9.63929245e-001 1.080104e+001 6.9227701e+032 1.6214175e+014 -1.578642e-001 9.577908e-002 3.497653e-003 3.497653e-011
9.64258194e-001 1.080380e+001 6.8556047e+032 1.6163759e+014 -1.578182e-001 9.548284e-002 3.482053e-003 3.482053e-011
9.64584246e-001 1.080654e+001 6.7890797e+032 1.6113384e+014 -1.577726e-001 9.518683e-002 3.466477e-003 3.466477e-011
9.64907426e-001 1.080926e+001 6.7231893e+032 1.6063043e+014 -1.577272e-001 9.489100e-002 3.450922e-003 3.450922e-011
9.65227755e-001 1.081196e+001 6.6579275e+032 1.6012727e+014 -1.576822e-001 9.459530e-002 3.435387e-003 3.435387e-011
9.65545258e-001 1.081465e+001 6.5932886e+032 1.5962429e+014 -1.576374e-001 9.429970e-002 3.419868e-003 3.419868e-011
9.65859957e-001 1.081732e+001 6.5292668e+032 1.5912138e+014 -1.575929e-001 9.400413e-002 3.404364e-003 3.404364e-011
9.66171874e-001 1.081998e+001 6.4658563e+032 1.5861846e+014 -1.575487e-001 9.370854e-002 3.388871e-003 3.388871e-011
9.66481033e-001 1.082262e+001 6.4030515e+032 1.5811544e+014 -1.575048e-001 9.341287e-002 3.373386e-003 3.373386e-011
9.66787456e-001 1.082524e+001 6.3408469e+032 1.5761219e+014 -1.574611e-001 9.311706e-002 3.357906e-003 3.357906e-011
9.67091164e-001 1.082784e+001 6.2792368e+032 1.5710861e+014 -1.574178e-001 9.282104e-002 3.342428e-003 3.342428e-011
9.67392181e-001 1.083043e+001 6.2182157e+032 1.5660459e+014 -1.573747e-001 9.252474e-002 3.326948e-003 3.326948e-011
9.67690528e-001 1.083301e+001 6.1577783e+032 1.5610000e+014 -1.573318e-001 9.222810e-002 3.311463e-003 3.311463e-011
9.67986227e-001 1.083557e+001 6.0979190e+032 1.5559470e+014 -1.572893e-001 9.193104e-002 3.295969e-003 3.295969e-011
9.68279299e-001 1.083811e+001 6.0386325e+032 1.5508856e+014 -1.572470e-001 9.163347e-002 3.280461e-003 3.280461e-011
9.68569766e-001 1.084064e+001 5.9799135e+032 1.5458144e+014 -1.572050e-001 9.133531e-002 3.264936e-003 3.264936e-011
9.68857650e-001 1.084315e+001 5.9217568e+032 1.5407319e+014 -1.571632e-001 9.103647e-002 3.249388e-003 3.249388e-011
9.69142972e-001 1.084565e+001 5.8641570e+032 1.5356364e+014 -1.571218e-001 9.073685e-002 3.233814e-003 3.233814e-011
9.69425752e-001 1.084813e+001 5.8071091e+032 1.5305263e+014 -1.570805e-001 9.043636e-002 3.218208e-003 3.218208e-011
9.69706011e-001 1.085059e+001 5.7506079e+032 1.5253997e+014 -1.570396e-001 9.013489e-002 3.202566e-003 3.202566e-011
9.69983771e-001 1.085304e+001 5.6946484e+032 1.5202549e+014 -1.569988e-001 8.983232e-002 3.186880e-003 3.186880e-011
9.70259052e-001 1.085548e+001 5.6392254e+032 1.5150897e+014 -1.569584e-001 8.952855e-002 3.171146e-003 3.171146e-011
9.70531875e-001 1.085790e+001 5.5843341e+032 1.5099021e+014 -1.569182e-001 8.922345e-002 3.155358e-003 3.155358e-011
9.70802259e-001 1.086031e+001 5.5299694e+032 1.5046900e+014 -1.568782e-001 8.891690e-002 3.139510e-003 3.139510e-011
9.71070224e-001 1.086270e+001 5.4761265e+032 1.4994508e+014 -1.568385e-001 8.860874e-002 3.123593e-003 3.123593e-011
9.71335792e-001 1.086508e+001 5.4228005e+032 1.4941824e+014 -1.567990e-001 8.829885e-002 3.107602e-003 3.107602e-011
9.71598982e-001 1.086745e+001 5.3699866e+032 1.4888819e+014 -1.567598e-001 8.798707e-002 3.091529e-003 3.091529e-011
9.71859813e-001 1.086980e+001 5.3176800e+032 1.4835468e+014 -1.567208e-001 8.767323e-002 3.075367e-003 3.075367e-011
9.72118305e-001 1.087214e+001 5.2658761e+032 1.4781743e+014 -1.566820e-001 8.735718e-002 3.059106e-003 3.059106e-011
9.72374477e-001 1.087446e+001 5.2145701e+032 1.4727614e+014 -1.566434e-001 8.703873e-002 3.042739e-003 3.042739e-011
9.72628350e-001 1.087677e+001 5.1637574e+032 1.4673048e+014 -1.566051e-001 8.671770e-002 3.026255e-003 3.026256e-011
9.72879941e-001 1.087907e+001 5.1134334e+032 1.4618012e+014 -1.565671e-001 8.639390e-002 3.009647e-003 3.009647e-011
9.73129271e-001 1.088136e+001 5.0635936e+032 1.4562472e+014 -1.565292e-001 8.606712e-002 2.992904e-003 2.992904e-011
9.73376357e-001 1.088363e+001 5.0142334e+032 1.4506391e+014 -1.564916e-001 8.573713e-002 2.976016e-003 2.976016e-011
9.73621220e-001 1.088589e+001 4.9653484e+032 1.4449731e+014 -1.564541e-001 8.540373e-002 2.958971e-003 2.958971e-011
9.73863876e-001 1.088813e+001 4.9169342e+032 1.4392453e+014 -1.564169e-001 8.506667e-002 2.941759e-003 2.941759e-011
9.74104345e-001 1.089037e+001 4.8689863e+032 1.4334515e+014 -1.563799e-001 8.472571e-002 2.924368e-003 2.924368e-011
9.74342645e-001 1.089259e+001 4.8215005e+032 1.4275873e+014 -1.563431e-001 8.438060e-002 2.906786e-003 2.906786e-011
9.74578795e-001 1.089480e+001 4.7744723e+032 1.4216482e+014 -1.563065e-001 8.403108e-002 2.889000e-003 2.889000e-011
9.74812812e-001 1.089700e+001 4.7278977e+032 1.4156297e+014 -1.562701e-001 8.367686e-002 2.870998e-003 2.870998e-011
9.75044714e-001 1.089919e+001 4.6817722e+032 1.4095271e+014 -1.562339e-001 8.331767e-002 2.852766e-003 2.852766e-011
9.75274519e-001 1.090137e+001 4.6360919e+032 1.4033355e+014 -1.561979e-001 8.295323e-002 2.834292e-003 2.834292e-011
9.75502245e-001 1.090353e+001 4.5908524e+032 1.3970501e+014 -1.561621e-001 8.258325e-002 2.815562e-003 2.815562e-011
9.75727909e-001 1.090569e+001 4.5460497e+032 1.3906660e+014 -1.561265e-001 8.220744e-002 2.796562e-003 2.796562e-011
9.75951529e-001 1.090783e+001 4.5016798e+032 1.3841784e+014 -1.560910e-001 8.182552e-002 2.777281e-003 2.777281e-011
9.76173122e-001 1.090996e+001 4.4577385e+032 1.3775825e+014 -1.560557e-001 8.143721e-002 2.757705e-003 2.757705e-011
9.76392704e-001 1.091209e+001 4.4142220e+032 1.3708739e+014 -1.560206e-001 8.104225e-002 2.737823e-003 2.737823e-011
9.76610294e-001 1.091420e+001 4.3711262e+032 1.3640486e+014 -1.559857e-001 8.064039e-002 2.717625e-003 2.717626e-011
9.76825908e-001 1.091631e+001 4.3284473e+032 1.3571029e+014 -1.559509e-001 8.023143e-002 2.697102e-003 2.697102e-011
9.77039563e-001 1.091840e+001 4.2861813e+032 1.3500337e+014 -1.559163e-001 7.981517e-002 2.676247e-003 2.676247e-011
9.77251275e-001 1.092049e+001 4.2443245e+032 1.3428385e+014 -1.558818e-001 7.939148e-002 2.655055e-003 2.655055e-011
9.77461061e-001 1.092257e+001 4.2028729e+032 1.3355162e+014 -1.558475e-001 7.896029e-002 2.633524e-003 2.633524e-011
9.77668938e-001 1.092464e+001 4.1618228e+032 1.3280665e+014 -1.558133e-001 7.852156e-002 2.611655e-003 2.611655e-011
9.77874921e-001 1.092670e+001 4.1211706e+032 1.3204905e+014 -1.557793e-001 7.807537e-002 2.589455e-003 2.589455e-011
9.78079028e-001 1.092876e+001 4.0809123e+032 1.3127902e+014 -1.557454e-001 7.762185e-002 2.566933e-003 2.566933e-011
9.78281273e-001 1.093081e+001 4.0410445e+032 1.3049697e+014 -1.557116e-001 7.716123e-002 2.544102e-003 2.544102e-011
9.78481674e-001 1.093285e+001 4.0015634e+032 1.2970345e+014 -1.556780e-001 7.669382e-002 2.520980e-003 2.520980e-011
9.78680246e-001 1.093488e+001 3.9624653e+032 1.2889918e+014 -1.556444e-001 7.622005e-002 2.497592e-003 2.497592e-011
9.78877005e-001 1.093690e+001 3.9237468e+032 1.2808500e+014 -1.556110e-001 7.574042e-002 2.473964e-003 2.473964e-011
9.79071967e-001 1.093892e+001 3.8854042e+032 1.2726193e+014 -1.555777e-001 7.525554e-002 2.450129e-003 2.450129e-011
9.79265147e-001 1.094094e+001 3.8474340e+032 1.2643108e+014 -1.555445e-001 7.476604e-002 2.426120e-003 2.426120e-011
9.79456562e-001 1.094295e+001 3.8098326e+032 1.2559367e+014 -1.555114e-001 7.427265e-002 2.401975e-003 2.401975e-011
9.79646226e-001 1.094495e+001 3.7725966e+032 1.2475099e+014 -1.554785e-001 7.377613e-002 2.377733e-003 2.377733e-011
9.79834156e-001 1.094695e+001 3.7357225e+032 1.2390433e+014 -1.554456e-001 7.327724e-002 2.353432e-003 2.353432e-011
9.80020366e-001 1.094894e+001 3.6992069e+032 1.2305500e+014 -1.554128e-001 7.277675e-002 2.329112e-003 2.329112e-011
9.80204872e-001 1.095092e+001 3.6630464e+032 1.2220425e+014 -1.553801e-001 7.227540e-002 2.304810e-003 2.304810e-011
9.80387689e-001 1.095290e+001 3.6272374e+032 1.2135330e+014 -1.553475e-001 7.177390e-002 2.280562e-003 2.280562e-011
9.80568833e-001 1.095488e+001 3.5917768e+032 1.2050325e+014 -1.553150e-001 7.127291e-002 2.256399e-003 2.256399e-011
9.80748318e-001 1.095685e+001 3.5566611e+032 1.1965509e+014 -1.552825e-001 7.077301e-002 2.232350e-003 2.232350e-011
9.80926159e-001 1.095882e+001 3.5218871e+032 1.1880973e+014 -1.552502e-001 7.027474e-002 2.208441e-003 2.208441e-011
9.81102371e-001 1.096078e+001 3.4874514e+032 1.1796794e+014 -1.552179e-001 6.977854e-002 2.184695e-003 2.184695e-011
9.81276969e-001 1.096274e+001 3.4533508e+032 1.1713036e+014 -1.551857e-001 6.928481e-002 2.161129e-003 2.161129e-011
9.81449968e-001 1.096469e+001 3.4195820e+032 1.1629754e+014 -1.551537e-001 6.879385e-002 2.137758e-003 2.137758e-011
9.81621382e-001 1.096663e+001 3.3861419e+032 1.1546990e+014 -1.551217e-001 6.830593e-002 2.114595e-003 2.114595e-011
9.81791225e-001 1.096858e+001 3.3530272e+032 1.1464779e+014 -1.550897e-001 6.782125e-002 2.091649e-003 2.091649e-011
9.81959511e-001 1.097051e+001 3.3202349e+032 1.1383146e+014 -1.550579e-001 6.733996e-002 2.068925e-003 2.068925e-011
9.82126256e-001 1.097245e+001 3.2877618e+032 1.1302109e+014 -1.550262e-001 6.686214e-002 2.046428e-003 2.046428e-011
9.82291472e-001 1.097437e+001 3.2556048e+032 1.1221676e+014 -1.549945e-001 6.638787e-002 2.024160e-003 2.024160e-011
9.82455174e-001 1.097630e+001 3.2237608e+032 1.1141852e+014 -1.549629e-001 6.591718e-002 2.002122e-003 2.002122e-011
9.82617376e-001 1.097822e+001 3.1922269e+032 1.1062639e+014 -1.549314e-001 6.545007e-002 1.980314e-003 1.980314e-011
9.82778090e-001 1.098013e+001 3.1610000e+032 1.0984034e+014 -1.549000e-001 6.498653e-002 1.958735e-003 1.958735e-011
9.82937332e-001 1.098204e+001 3.1300771e+032 1.0906030e+014 -1.548686e-001 6.452651e-002 1.937380e-003 1.937380e-011
9.83095113e-001 1.098395e+001 3.0994554e+032 1.0828618e+014 -1.548374e-001 6.406996e-002 1.916249e-003 1.916249e-011
9.83251448e-001 1.098585e+001 3.0691318e+032 1.0751787e+014 -1.548062e-001 6.361682e-002 1.895336e-003 1.895336e-011
9.83406349e-001 1.098774e+001 3.0391036e+032 1.0675526e+014 -1.547751e-001 6.316702e-002 1.874638e-003 1.874638e-011
9.83559829e-001 1.098963e+001 3.0093677e+032 1.0599821e+014 -1.547441e-001 6.272049e-002 1.854151e-003 1.854151e-011
9.83711902e-001 1.099152e+001 2.9799215e+032 1.0524657e+014 -1.547132e-001 6.227713e-002 1.833871e-003 1.833871e-011
9.83862581e-001 1.099340e+001 2.9507621e+032 1.0450021e+014 -1.546824e-001 6.183687e-002 1.813792e-003 1.813792e-011
9.84011877e-001 1.099528e+001 2.9218867e+032 1.0375899e+014 -1.546516e-001 6.139963e-002 1.793907e-003 1.793907e-011
9.84159803e-001 1.099715e+001 2.8932927e+032 1.0302277e+014 -1.546209e-001 6.096531e-002 1.774214e-003 1.774214e-011
9.84306372e-001 1.099902e+001 2.8649771e+032 1.0229139e+014 -1.545903e-001 6.053384e-002 1.754710e-003 1.754710e-011
9.84451597e-001 1.100088e+001 2.8369375e+032 1.0156473e+014 -1.545598e-001 6.010514e-002 1.735391e-003 1.735391e-011
9.84595488e-001 1.100274e+001 2.8091710e+032 1.0084265e+014 -1.545294e-001 5.967912e-002 1.716257e-003 1.716257e-011
9.84738059e-001 1.100460e+001 2.7816750e+032 1.0012501e+014 -1.544990e-001 5.925571e-002 1.697302e-003 1.697303e-011
9.85431522e-001 1.101380e+001 2.6481629e+032 9.6599177e+013 -1.543485e-001 5.717523e-002 1.605127e-003 1.605127e-011
9.87329829e-001 1.104080e+001 2.2847204e+032 8.6551354e+013 -1.539081e-001 5.124444e-002 1.351634e-003 1.351634e-011
9.88982370e-001 1.106696e+001 1.9709978e+032 7.7174564e+013 -1.534827e-001 4.570726e-002 1.188080e-003 1.188080e-011
9.90420624e-001 1.109244e+001 1.7002403e+032 6.8448793e+013 -1.530699e-001 4.055237e-002 1.053644e-003 1.053644e-011
9.91672147e-001 1.111738e+001 1.4665986e+032 6.0433017e+013 -1.526673e-001 3.581502e-002 9.305289e-004 9.305289e-012
9.92761044e-001 1.114190e+001 1.2650079e+032 5.3191615e+013 -1.522732e-001 3.153365e-002 8.192906e-004 8.192906e-012
9.93708368e-001 1.116605e+001 1.0910855e+032 4.6752253e+013 -1.518865e-001 2.772499e-002 7.203359e-004 7.203359e-012
9.94532482e-001 1.118985e+001 9.4104156e+031 4.1094794e+013 -1.515070e-001 2.437752e-002 6.333637e-004 6.333637e-012
9.95249373e-001 1.121329e+001 8.1160190e+031 3.6161750e+013 -1.511346e-001 2.145758e-002 5.574996e-004 5.574996e-012
9.95872953e-001 1.123634e+001 6.9993957e+031 3.1875752e+013 -1.507698e-001 1.891973e-002 4.915623e-004 4.915623e-012
9.96415319e-001 1.125898e+001 6.0361491e+031 2.8154313e+013 -1.504132e-001 1.671539e-002 4.342905e-004 4.342905e-012
9.96886994e-001 1.128116e+001 5.2052298e+031 2.4918939e+013 -1.500652e-001 1.479833e-002 3.844824e-004 3.844824e-012
9.97297132e-001 1.130284e+001 4.4884779e+031 2.2099371e+013 -1.497264e-001 1.312712e-002 3.410618e-004 3.410618e-012
9.97653698e-001 1.132399e+001 3.8702270e+031 1.9634826e+013 -1.493971e-001 1.166589e-002 3.030969e-004 3.030969e-012
9.97963627e-001 1.134459e+001 3.3369607e+031 1.7473653e+013 -1.490777e-001 1.038416e-002 2.697958e-004 2.697958e-012
9.98232959e-001 1.136462e+001 2.8770172e+031 1.5572335e+013 -1.487684e-001 9.256238e-003 2.404907e-004 2.404907e-012
9.98466957e-001 1.138407e+001 2.4803343e+031 1.3894305e+013 -1.484691e-001 8.260518e-003 2.146204e-004 2.146204e-012
9.98670205e-001 1.140293e+001 2.1382291e+031 1.2408827e+013 -1.481800e-001 7.378838e-003 1.917131e-004 1.917131e-012
9.98846697e-001 1.142120e+001 1.8432092e+031 1.1089994e+013 -1.479010e-001 6.595882e-003 1.713707e-004 1.713707e-012
9.98999915e-001 1.143888e+001 1.5888091e+031 9.9158911e+012 -1.476318e-001 5.898690e-003 1.532566e-004 1.532566e-012
9.99132892e-001 1.145600e+001 1.3694494e+031 8.8678959e+012 -1.473722e-001 5.276248e-003 1.370847e-004 1.370847e-012
9.99248272e-001 1.147255e+001 1.1803154e+031 7.9301193e+012 -1.471219e-001 4.719151e-003 1.226105e-004 1.226105e-012
9.99348356e-001 1.148857e+001 1.0172526e+031 7.0889409e+012 -1.468805e-001 4.219338e-003 1.096246e-004 1.096246e-012
9.99435150e-001 1.150407e+001 8.7667613e+030 6.3326349e+012 -1.466476e-001 3.769866e-003 9.794667e-005 9.794667e-013
9.99510400e-001 1.151908e+001 7.5549267e+030 5.6510650e+012 -1.464228e-001 3.364731e-003 8.742066e-005 8.742066e-013
9.99575626e-001 1.153363e+001 6.5103346e+030 5.0354412e+012 -1.462054e-001 2.998725e-003 7.791129e-005 7.791129e-013
9.99632149e-001 1.154776e+001 5.6099600e+030 4.4781138e+012 -1.459950e-001 2.667316e-003 6.930079e-005 6.930079e-013
9.99681121e-001 1.156151e+001 4.8339397e+030 3.9724161e+012 -1.457908e-001 2.366550e-003 6.148646e-005 6.148645e-013
9.99723542e-001 1.157493e+001 4.1651390e+030 3.5125283e+012 -1.455921e-001 2.092978e-003 5.437864e-005 5.437864e-013
9.99760282e-001 1.158806e+001 3.5887784e+030 3.0933740e+012 -1.453980e-001 1.843588e-003 4.789914e-005 4.789914e-013
9.99792096e-001 1.160098e+001 3.0921109e+030 2.7105370e+012 -1.452077e-001 1.615761e-003 4.197986e-005 4.197986e-013
9.99819641e-001 1.161376e+001 2.6641431e+030 2.3601886e+012 -1.450199e-001 1.407225e-003 3.656179e-005 3.656179e-013
9.99843487e-001 1.162648e+001 2.2953953e+030 2.0390320e+012 -1.448335e-001 1.216023e-003 3.159408e-005 3.159408e-013
9.99864130e-001 1.163926e+001 1.9776939e+030 1.7442379e+012 -1.446466e-001 1.040476e-003 2.703310e-005 2.703310e-013
9.99881998e-001 1.165224e+001 1.7039924e+030 1.4733816e+012 -1.444573e-001 8.791431e-004 2.284143e-005 2.284143e-013
9.99897465e-001 1.166562e+001 1.4682176e+030 1.2243546e+012 -1.442627e-001 7.307721e-004 1.898653e-005 1.898653e-013
9.99910855e-001 1.167967e+001 1.2651374e+030 9.9512446e+011 -1.440589e-001 5.941541e-004 1.543700e-005 1.543700e-013
9.99922446e-001 1.169483e+001 1.0902486e+030 7.8276542e+011 -1.438396e-001 4.675462e-004 1.214754e-005 1.214754e-013
9.99932483e-001 1.171187e+001 9.3968594e+029 5.8702800e+011 -1.435938e-001 3.507984e-004 9.114259e-006 9.114258e-014
9.99941179e-001 1.173137e+001 8.1008363e+029 4.5859267e+011 -1.433138e-001 2.741589e-004 7.123053e-006 7.123053e-014
9.99948727e-001 1.175188e+001 6.9841569e+029 3.9153693e+011 -1.430202e-001 2.341319e-004 6.083092e-006 6.083092e-014
9.99955284e-001 1.177233e+001 6.0213550e+029 3.4400725e+011 -1.427288e-001 2.057535e-004 5.345778e-006 5.345778e-014
9.99960982e-001 1.179239e+001 5.1910953e+029 3.0431421e+011 -1.424440e-001 1.820489e-004 4.729899e-006 4.729899e-014
9.99965931e-001 1.181202e+001 4.4751389e+029 2.6921584e+011 -1.421665e-001 1.610840e-004 4.185198e-006 4.185198e-014
9.99970229e-001 1.183124e+001 3.8577831e+029 2.3780687e+011 -1.418958e-001 1.423188e-004 3.697651e-006 3.697651e-014
9.99973961e-001 1.185009e+001 3.3254784e+029 2.0982160e+011 -1.416314e-001 1.255955e-004 3.263156e-006 3.263156e-014
9.99977201e-001 1.186858e+001 2.8665284e+029 1.8506530e+011 -1.413729e-001 1.107986e-004 2.878711e-006 2.878711e-014
9.99980013e-001 1.188671e+001 2.4708388e+029 1.6327988e+011 -1.411203e-001 9.777462e-005 2.540328e-006 2.540328e-014
9.99982454e-001 1.190449e+001 2.1297004e+029 1.4415895e+011 -1.408735e-001 8.634112e-005 2.243269e-006 2.243269e-014
9.99984571e-001 1.192190e+001 1.8356010e+029 1.2738761e+011 -1.406326e-001 7.631046e-005 1.982658e-006 1.982658e-014
9.99986408e-001 1.193894e+001 1.5820619e+029 1.1266912e+011 -1.403977e-001 6.750576e-005 1.753899e-006 1.753899e-014
9.99988002e-001 1.195560e+001 1.3634958e+029 9.9737257e+010 -1.401688e-001 5.976825e-005 1.552867e-006 1.552867e-014
9.99989384e-001 1.197186e+001 1.1750845e+029 8.8359125e+010 -1.399461e-001 5.295901e-005 1.375953e-006 1.375953e-014
9.99990582e-001 1.198773e+001 1.0126731e+029 7.8333528e+010 -1.397293e-001 4.695801e-005 1.220038e-006 1.220038e-014
9.99991620e-001 1.200320e+001 8.7267848e+028 6.9487496e+010 -1.395187e-001 4.166203e-005 1.082441e-006 1.082441e-014
9.99992521e-001 1.201828e+001 7.5201094e+028 6.1672439e+010 -1.393141e-001 3.698238e-005 9.608567e-007 9.608567e-015
9.99993301e-001 1.203296e+001 6.4800602e+028 5.4760532e+010 -1.391154e-001 3.284277e-005 8.533033e-007 8.533033e-015
9.99993977e-001 1.204725e+001 5.5836614e+028 4.8641488e+010 -1.389225e-001 2.917732e-005 7.580698e-007 7.580698e-015
9.99994562e-001 1.206115e+001 4.8111009e+028 4.3219859e+010 -1.387354e-001 2.592906e-005 6.736752e-007 6.736752e-015
9.99995069e-001 1.207466e+001 4.1452949e+028 3.8412767e+010 -1.385540e-001 2.304848e-005 5.988334e-007 5.988334e-015
9.99995509e-001 1.208780e+001 3.5715131e+028 3.4148018e+010 -1.383781e-001 2.049244e-005 5.324237e-007 5.324238e-015
9.99995889e-001 1.210057e+001 3.0770544e+028 3.0362529e+010 -1.382076e-001 1.822326e-005 4.734670e-007 4.734670e-015
9.99996218e-001 1.211297e+001 2.6509683e+028 2.7001034e+010 -1.380423e-001 1.620790e-005 4.211051e-007 4.211051e-015
9.99996503e-001 1.212501e+001 2.2838133e+028 2.4015013e+010 -1.378822e-001 1.441736e-005 3.745843e-007 3.745842e-015
9.99996749e-001 1.213671e+001 1.9674500e+028 2.1361754e+010 -1.377271e-001 1.282611e-005 3.332412e-007 3.332412e-015
9.99996963e-001 1.214806e+001 1.6948612e+028 1.9003613e+010 -1.375769e-001 1.141163e-005 2.964909e-007 2.964909e-015
9.99997147e-001 1.215908e+001 1.4599979e+028 1.6907347e+010 -1.374313e-001 1.015404e-005 2.638168e-007 2.638168e-015
9.99997307e-001 1.216977e+001 1.2576456e+028 1.5043569e+010 -1.372904e-001 9.035755e-006 2.347622e-007 2.347622e-015
9.99997445e-001 1.218015e+001 1.0833097e+028 1.3386272e+010 -1.371540e-001 8.041220e-006 2.089227e-007 2.089227e-015
9.99997564e-001 1.219021e+001 9.3311581e+027 1.1912410e+010 -1.370219e-001 7.156641e-006 1.859400e-007 1.859400e-015
9.99997667e-001 1.219997e+001 8.0372479e+027 1.0601558e+010 -1.368940e-001 6.369788e-006 1.654965e-007 1.654965e-015
9.99997756e-001 1.220944e+001 6.9225862e+027 9.4355923e+009 -1.367702e-001 5.669813e-006 1.473101e-007 1.473101e-015
