7.254635e+06 3.170979e-08 1.217975e+10 4.938782e+48 4.614692e+36
7.247301e+06 6.341958e-08 1.214861e+10 4.102600e+48 4.596060e+36
7.240088e+06 9.512938e-08 1.211804e+10 3.477588e+48 4.577792e+36
7.232994e+06 1.268392e-07 1.208801e+10 2.997041e+48 4.559875e+36
7.226014e+06 1.585490e-07 1.205851e+10 2.618650e+48 4.542298e+36
7.219144e+06 1.902588e-07 1.202952e+10 2.314607e+48 4.525050e+36
7.212389e+06 2.219685e-07 1.200105e+10 2.066036e+48 4.508137e+36
7.205745e+06 2.536783e-07 1.197309e+10 1.859763e+48 4.491550e+36
7.199211e+06 2.853881e-07 1.194563e+10 1.686356e+48 4.475279e+36
7.192781e+06 3.170979e-07 1.191865e+10 1.538913e+48 4.459312e+36
7.186453e+06 3.488077e-07 1.189213e+10 1.412286e+48 4.443640e+36
7.180221e+06 3.805175e-07 1.186605e+10 1.302565e+48 4.428248e+36
7.174084e+06 4.122273e-07 1.184040e+10 1.206735e+48 4.413126e+36
7.168037e+06 4.439371e-07 1.181515e+10 1.122440e+48 4.398266e+36
7.162078e+06 4.756469e-07 1.179031e+10 1.047811e+48 4.383659e+36
7.156205e+06 5.073567e-07 1.176586e+10 9.813552e+47 4.369298e+36
7.150415e+06 5.390665e-07 1.174178e+10 9.218614e+47 4.355175e+36
7.144707e+06 5.707763e-07 1.171807e+10 8.683413e+47 4.341284e+36
7.139077e+06 6.024860e-07 1.169472e+10 8.199802e+47 4.327618e+36
7.133525e+06 6.341958e-07 1.167171e+10 7.761011e+47 4.314170e+36
7.128047e+06 6.659056e-07 1.164905e+10 7.361376e+47 4.300934e+36
7.122642e+06 6.976154e-07 1.162670e+10 6.996125e+47 4.287904e+36
7.117308e+06 7.293252e-07 1.160468e+10 6.661209e+47 4.275075e+36
7.112044e+06 7.610350e-07 1.158297e+10 6.353176e+47 4.262441e+36
7.106847e+06 7.927448e-07 1.156156e+10 6.069065e+47 4.249996e+36
7.101717e+06 8.244546e-07 1.154045e+10 5.806323e+47 4.237736e+36
7.096650e+06 8.561644e-07 1.151963e+10 5.562740e+47 4.225656e+36
7.091647e+06 8.878742e-07 1.149908e+10 5.336391e+47 4.213752e+36
7.086704e+06 9.195840e-07 1.147881e+10 5.125595e+47 4.202017e+36
7.081822e+06 9.512938e-07 1.145881e+10 4.928876e+47 4.190449e+36
7.076998e+06 9.830036e-07 1.143906e+10 4.744936e+47 4.179043e+36
7.072231e+06 1.014713e-06 1.141957e+10 4.572628e+47 4.167795e+36
6.964239e+06 4.185693e-06 1.098340e+10 4.362693e+47 3.919001e+36
6.847526e+06 7.356672e-06 1.052351e+10 4.126176e+47 3.662818e+36
6.732402e+06 1.052765e-05 1.008149e+10 3.858083e+47 3.422635e+36
6.628591e+06 1.369863e-05 9.692695e+09 3.552887e+47 3.216366e+36
6.538754e+06 1.686961e-05 9.363674e+09 3.205264e+47 3.045514e+36
6.463003e+06 2.004059e-05 9.091567e+09 2.811902e+47 2.906820e+36
6.399097e+06 2.321157e-05 8.865771e+09 2.375209e+47 2.793543e+36
6.344358e+06 2.638255e-05 8.675091e+09 1.909165e+47 2.699177e+36
6.296905e+06 2.955353e-05 8.511815e+09 1.444891e+47 2.619324e+36
6.255323e+06 3.272451e-05 8.370280e+09 1.028050e+47 2.550819e+36
6.218597e+06 3.589548e-05 8.246465e+09 6.999119e+46 2.491439e+36
6.185818e+06 3.906646e-05 8.136898e+09 4.725947e+46 2.439322e+36
6.156272e+06 4.223744e-05 8.038897e+09 3.274995e+46 2.393050e+36
6.129423e+06 4.540842e-05 7.950463e+09 2.368149e+46 2.351576e+36
6.104852e+06 4.857940e-05 7.870050e+09 1.789521e+46 2.314095e+36
6.082229e+06 5.175038e-05 7.796451e+09 1.405670e+46 2.279984e+36
6.061294e+06 5.492136e-05 7.728712e+09 1.139924e+46 2.248754e+36
6.041828e+06 5.809234e-05 7.666050e+09 9.485163e+45 2.220006e+36
6.023681e+06 6.126332e-05 7.607910e+09 8.058344e+45 2.193454e+36
6.006710e+06 6.443430e-05 7.553779e+09 6.963311e+45 2.168838e+36
5.990819e+06 6.760528e-05 7.503306e+09 6.101992e+45 2.145978e+36
5.975870e+06 7.077626e-05 7.456012e+09 5.410201e+45 2.124639e+36
5.961754e+06 7.394723e-05 7.411519e+09 4.844462e+45 2.104635e+36
5.948389e+06 7.711821e-05 7.369543e+09 4.374726e+45 2.085826e+36
5.935705e+06 8.028919e-05 7.329838e+09 3.979507e+45 2.068092e+36
5.923640e+06 8.346017e-05 7.292189e+09 3.643105e+45 2.051328e+36
5.912137e+06 8.663115e-05 7.256403e+09 3.353828e+45 2.035441e+36
5.901148e+06 8.980213e-05 7.222316e+09 3.102814e+45 2.020349e+36
5.890630e+06 9.297311e-05 7.189783e+09 2.883240e+45 2.005984e+36
5.880546e+06 9.614409e-05 7.158677e+09 2.689781e+45 1.992284e+36
5.870865e+06 9.931507e-05 7.128885e+09 2.518219e+45 1.979196e+36
5.861555e+06 1.024860e-04 7.100310e+09 2.365170e+45 1.966672e+36
5.852591e+06 1.056570e-04 7.072862e+09 2.227901e+45 1.954669e+36
5.843949e+06 1.088280e-04 7.046461e+09 2.104183e+45 1.943150e+36
5.835608e+06 1.119990e-04 7.021034e+09 1.992179e+45 1.932080e+36
5.827548e+06 1.151700e-04 6.996518e+09 1.890361e+45 1.921427e+36
5.819751e+06 1.183409e-04 6.972852e+09 1.797452e+45 1.911165e+36
5.812202e+06 1.215119e-04 6.949984e+09 1.712377e+45 1.901268e+36
5.804886e+06 1.246829e-04 6.927865e+09 1.634218e+45 1.891714e+36
5.797790e+06 1.278539e-04 6.906452e+09 1.562171e+45 1.882480e+36
5.790905e+06 1.310249e-04 6.885715e+09 1.495546e+45 1.873555e+36
5.784227e+06 1.341958e-04 6.865635e+09 1.433803e+45 1.864927e+36
5.777743e+06 1.373668e-04 6.846174e+09 1.376441e+45 1.856579e+36
5.771442e+06 1.405378e-04 6.827296e+09 1.323031e+45 1.848494e+36
5.765316e+06 1.437088e-04 6.808971e+09 1.273195e+45 1.840658e+36
5.759356e+06 1.468798e-04 6.791168e+09 1.226598e+45 1.833058e+36
5.753552e+06 1.500507e-04 6.773863e+09 1.182947e+45 1.825680e+36
5.747898e+06 1.532217e-04 6.757028e+09 1.141981e+45 1.818514e+36
5.742386e+06 1.563927e-04 6.740641e+09 1.103471e+45 1.811549e+36
5.737010e+06 1.595637e-04 6.724682e+09 1.067209e+45 1.804775e+36
5.731763e+06 1.627347e-04 6.709128e+09 1.033009e+45 1.798182e+36
5.726641e+06 1.659056e-04 6.693964e+09 1.000709e+45 1.791762e+36
5.721637e+06 1.690766e-04 6.679170e+09 9.701600e+44 1.785507e+36
5.716746e+06 1.722476e-04 6.664730e+09 9.412288e+44 1.779410e+36
5.711964e+06 1.754186e-04 6.650630e+09 9.137942e+44 1.773464e+36
5.707286e+06 1.785895e-04 6.636855e+09 8.877483e+44 1.767662e+36
5.702709e+06 1.817605e-04 6.623391e+09 8.629895e+44 1.761997e+36
5.698227e+06 1.849315e-04 6.610226e+09 8.394283e+44 1.756466e+36
5.693838e+06 1.881025e-04 6.597349e+09 8.169852e+44 1.751060e+36
5.689539e+06 1.912735e-04 6.584748e+09 7.955856e+44 1.745777e+36
5.685325e+06 1.944444e-04 6.572412e+09 7.751602e+44 1.740611e+36
5.681194e+06 1.976154e-04 6.560332e+09 7.556467e+44 1.735557e+36
5.677142e+06 2.007864e-04 6.548499e+09 7.369869e+44 1.730612e+36
5.673168e+06 2.039574e-04 6.536902e+09 7.191273e+44 1.725771e+36
5.669268e+06 2.071284e-04 6.525535e+09 7.020200e+44 1.721030e+36
5.665439e+06 2.102993e-04 6.514388e+09 6.856207e+44 1.716386e+36
5.661680e+06 2.134703e-04 6.503453e+09 6.698876e+44 1.711835e+36
5.657987e+06 2.166413e-04 6.492725e+09 6.547837e+44 1.707373e+36
5.654360e+06 2.198123e-04 6.482195e+09 6.402724e+44 1.702999e+36
5.650796e+06 2.229833e-04 6.471859e+09 6.263214e+44 1.698709e+36
5.647292e+06 2.261542e-04 6.461709e+09 6.128883e+44 1.694500e+36
5.643848e+06 2.293252e-04 6.451740e+09 5.999429e+44 1.690370e+36
5.640461e+06 2.324962e-04 6.441946e+09 5.874964e+44 1.686316e+36
5.637130e+06 2.356672e-04 6.432321e+09 5.755286e+44 1.682336e+36
5.633852e+06 2.388382e-04 6.422860e+09 5.640358e+44 1.678427e+36
5.630627e+06 2.420091e-04 6.413558e+09 5.529944e+44 1.674587e+36
5.627452e+06 2.451801e-04 6.404410e+09 5.423740e+44 1.670813e+36
5.624327e+06 2.483511e-04 6.395412e+09 5.321482e+44 1.667104e+36
5.621249e+06 2.515221e-04 6.386558e+09 5.222935e+44 1.663458e+36
5.618217e+06 2.546930e-04 6.377845e+09 5.127906e+44 1.659872e+36
5.615231e+06 2.578640e-04 6.369268e+09 5.036227e+44 1.656346e+36
5.612288e+06 2.610350e-04 6.360824e+09 4.947738e+44 1.652877e+36
5.609389e+06 2.642060e-04 6.352511e+09 4.862342e+44 1.649464e+36
5.606531e+06 2.673770e-04 6.344325e+09 4.779812e+44 1.646105e+36
5.603715e+06 2.705479e-04 6.336262e+09 4.700010e+44 1.642800e+36
5.600939e+06 2.737189e-04 6.328320e+09 4.622913e+44 1.639547e+36
5.598201e+06 2.768899e-04 6.320495e+09 4.548405e+44 1.636344e+36
5.595501e+06 2.800609e-04 6.312782e+09 4.476263e+44 1.633189e+36
5.592837e+06 2.832319e-04 6.305180e+09 4.406477e+44 1.630082e+36
5.590210e+06 2.864028e-04 6.297685e+09 4.338781e+44 1.627020e+36
5.587617e+06 2.895738e-04 6.290295e+09 4.273072e+44 1.624003e+36
5.585057e+06 2.927448e-04 6.283006e+09 4.209226e+44 1.621030e+36
5.582532e+06 2.959158e-04 6.275819e+09 4.147227e+44 1.618101e+36
5.580041e+06 2.990868e-04 6.268732e+09 4.086995e+44 1.615214e+36
5.577581e+06 3.022577e-04 6.261742e+09 4.028461e+44 1.612368e+36
5.575153e+06 3.054287e-04 6.254846e+09 3.971566e+44 1.609562e+36
5.572756e+06 3.085997e-04 6.248043e+09 3.916244e+44 1.606796e+36
5.570389e+06 3.117707e-04 6.241329e+09 3.862414e+44 1.604068e+36
5.568052e+06 3.149417e-04 6.234703e+09 3.809983e+44 1.601377e+36
5.565743e+06 3.181126e-04 6.228162e+09 3.758972e+44 1.598723e+36
5.563462e+06 3.212836e-04 6.221705e+09 3.709348e+44 1.596104e+36
5.561209e+06 3.244546e-04 6.215329e+09 3.661022e+44 1.593520e+36
5.558982e+06 3.276256e-04 6.209032e+09 3.613950e+44 1.590969e+36
5.556781e+06 3.307965e-04 6.202812e+09 3.568089e+44 1.588451e+36
5.554605e+06 3.339675e-04 6.196668e+09 3.523394e+44 1.585964e+36
5.552454e+06 3.371385e-04 6.190596e+09 3.479835e+44 1.583509e+36
5.550328e+06 3.403095e-04 6.184597e+09 3.437376e+44 1.581084e+36
5.548224e+06 3.434805e-04 6.178668e+09 3.395964e+44 1.578689e+36
5.546145e+06 3.466514e-04 6.172808e+09 3.355569e+44 1.576323e+36
5.544088e+06 3.498224e-04 6.167015e+09 3.316154e+44 1.573986e+36
5.542053e+06 3.529934e-04 6.161289e+09 3.277696e+44 1.571677e+36
5.540040e+06 3.561644e-04 6.155627e+09 3.240158e+44 1.569395e+36
5.538049e+06 3.593354e-04 6.150029e+09 3.203547e+44 1.567139e+36
5.536078e+06 3.625063e-04 6.144492e+09 3.167850e+44 1.564910e+36
5.534129e+06 3.656773e-04 6.139017e+09 3.132988e+44 1.562707e+36
5.532199e+06 3.688483e-04 6.133601e+09 3.098936e+44 1.560529e+36
5.530289e+06 3.720193e-04 6.128244e+09 3.065696e+44 1.558375e+36
5.528399e+06 3.751903e-04 6.122944e+09 3.033412e+44 1.556245e+36
5.526528e+06 3.783612e-04 6.117701e+09 3.001985e+44 1.554139e+36
5.524675e+06 3.815322e-04 6.112512e+09 2.971425e+44 1.552057e+36
5.522841e+06 3.847032e-04 6.107377e+09 2.941668e+44 1.549997e+36
5.521025e+06 3.878742e-04 6.102296e+09 2.912662e+44 1.547959e+36
5.519226e+06 3.910452e-04 6.097266e+09 2.884379e+44 1.545943e+36
5.517445e+06 3.942161e-04 6.092288e+09 2.856803e+44 1.543948e+36
5.515681e+06 3.973871e-04 6.087359e+09 2.830510e+44 1.541975e+36
5.513934e+06 4.005581e-04 6.082480e+09 2.805042e+44 1.540022e+36
5.512203e+06 4.037291e-04 6.077649e+09 2.780416e+44 1.538089e+36
5.510489e+06 4.069001e-04 6.072866e+09 2.756597e+44 1.536176e+36
5.508790e+06 4.100710e-04 6.068129e+09 2.733453e+44 1.534283e+36
5.507107e+06 4.132420e-04 6.063438e+09 2.710964e+44 1.532408e+36
5.505439e+06 4.164130e-04 6.058791e+09 2.689188e+44 1.530553e+36
5.503786e+06 4.195840e-04 6.054189e+09 2.668103e+44 1.528716e+36
5.502148e+06 4.227549e-04 6.049630e+09 2.647769e+44 1.526897e+36
5.500525e+06 4.259259e-04 6.045114e+09 2.628253e+44 1.525095e+36
5.498915e+06 4.290969e-04 6.040639e+09 2.609558e+44 1.523312e+36
5.497320e+06 4.322679e-04 6.036205e+09 2.591577e+44 1.521545e+36
5.495739e+06 4.354389e-04 6.031812e+09 2.574318e+44 1.519795e+36
5.494171e+06 4.386098e-04 6.027458e+09 2.557920e+44 1.518061e+36
5.491075e+06 4.449518e-04 6.018866e+09 2.527676e+44 1.514643e+36
5.476342e+06 4.766616e-04 5.978079e+09 2.409006e+44 1.498452e+36
5.461416e+06 5.115424e-04 5.936930e+09 2.279012e+44 1.482183e+36
5.447645e+06 5.464231e-04 5.899114e+09 2.141749e+44 1.467289e+36
5.432643e+06 5.876459e-04 5.858087e+09 1.960462e+44 1.451193e+36
5.418825e+06 6.288686e-04 5.820452e+09 1.791641e+44 1.436485e+36
5.405081e+06 6.732623e-04 5.783163e+09 1.634758e+44 1.421967e+36
5.391483e+06 7.208270e-04 5.746413e+09 1.487302e+44 1.407712e+36
5.377287e+06 7.747336e-04 5.708198e+09 1.342424e+44 1.392944e+36
5.364216e+06 8.286403e-04 5.673145e+09 1.206747e+44 1.379449e+36
5.350749e+06 8.888889e-04 5.637169e+09 1.060654e+44 1.365648e+36
5.337686e+06 9.523085e-04 5.602406e+09 9.277920e+43 1.352361e+36
5.303761e+06 1.161593e-03 5.512726e+09 6.980073e+43 1.318306e+36
5.282315e+06 1.320142e-03 5.456486e+09 6.093940e+43 1.297113e+36
5.263135e+06 1.478691e-03 5.406483e+09 5.182213e+43 1.278376e+36
5.245828e+06 1.637240e-03 5.361602e+09 4.361438e+43 1.261643e+36
5.230085e+06 1.795789e-03 5.320975e+09 3.722593e+43 1.246567e+36
5.215662e+06 1.954338e-03 5.283916e+09 3.248794e+43 1.232873e+36
5.202357e+06 2.112887e-03 5.249869e+09 2.907465e+43 1.220341e+36
5.190005e+06 2.271436e-03 5.218381e+09 2.661634e+43 1.208792e+36
5.178436e+06 2.429985e-03 5.188992e+09 2.469754e+43 1.198050e+36
5.167543e+06 2.588534e-03 5.161413e+09 2.245337e+43 1.188002e+36
5.157250e+06 2.747083e-03 5.135432e+09 2.015508e+43 1.178564e+36
5.147475e+06 2.905632e-03 5.110834e+09 1.817373e+43 1.169654e+36
5.138161e+06 3.064181e-03 5.087461e+09 1.662687e+43 1.161211e+36
5.129255e+06 3.222730e-03 5.065174e+09 1.537151e+43 1.153181e+36
5.120713e+06 3.381279e-03 5.043852e+09 1.435614e+43 1.145519e+36
5.112499e+06 3.539827e-03 5.023402e+09 1.346953e+43 1.138187e+36
5.104581e+06 3.698376e-03 5.003736e+09 1.271699e+43 1.131152e+36
5.096928e+06 3.856925e-03 4.984773e+09 1.202748e+43 1.124384e+36
5.089516e+06 4.015474e-03 4.966447e+09 1.141424e+43 1.117858e+36
5.082321e+06 4.174023e-03 4.948698e+09 1.090648e+43 1.111550e+36
5.075323e+06 4.332572e-03 4.931471e+09 1.055419e+43 1.105441e+36
5.068503e+06 4.491121e-03 4.914717e+09 1.004778e+43 1.099511e+36
5.055338e+06 4.808219e-03 4.882474e+09 9.144391e+42 1.088132e+36
5.042715e+06 5.125317e-03 4.851678e+09 8.198196e+42 1.077304e+36
5.030543e+06 5.442415e-03 4.822093e+09 7.389487e+42 1.066940e+36
5.012961e+06 5.918062e-03 4.779556e+09 6.476508e+42 1.052102e+36
4.996003e+06 6.393709e-03 4.738742e+09 5.766529e+42 1.037938e+36
4.984913e+06 6.710807e-03 4.712167e+09 5.350030e+42 1.028753e+36
4.968495e+06 7.186454e-03 4.672988e+09 4.801798e+42 1.015267e+36
4.946861e+06 7.820649e-03 4.621664e+09 4.228492e+42 9.976990e+35
4.930736e+06 8.296296e-03 4.583632e+09 3.916653e+42 9.847540e+35
4.909280e+06 8.930492e-03 4.533321e+09 3.675746e+42 9.677247e+35
4.887844e+06 9.564688e-03 4.483391e+09 3.524442e+42 9.509328e+35
4.861086e+06 1.035743e-02 4.421535e+09 3.160397e+42 9.302802e+35
4.839746e+06 1.099163e-02 4.372575e+09 2.797431e+42 9.140516e+35
4.807717e+06 1.194292e-02 4.299712e+09 2.387671e+42 8.900949e+35
4.786218e+06 1.257712e-02 4.251217e+09 2.191045e+42 8.742800e+35
4.753860e+06 1.352841e-02 4.178855e+09 1.965424e+42 8.508759e+35
4.721549e+06 1.447971e-02 4.107344e+09 1.791008e+42 8.279773e+35
4.678781e+06 1.574810e-02 4.013838e+09 1.590127e+42 7.983831e+35
4.647065e+06 1.669939e-02 3.945336e+09 1.461082e+42 7.769547e+35
4.605037e+06 1.796778e-02 3.855655e+09 1.314071e+42 7.492262e+35
4.563454e+06 1.923617e-02 3.768151e+09 1.192653e+42 7.225290e+35
4.522557e+06 2.050457e-02 3.683272e+09 1.093539e+42 6.969745e+35
4.472598e+06 2.209006e-02 3.581167e+09 9.920101e+41 6.666840e+35
4.423922e+06 2.367555e-02 3.483348e+09 9.092080e+41 6.381316e+35
4.376658e+06 2.526104e-02 3.389933e+09 8.444526e+41 6.112952e+35
4.321935e+06 2.716362e-02 3.283687e+09 8.639581e+41 5.812910e+35
4.269367e+06 2.906621e-02 3.183545e+09 8.286857e+41 5.535214e+35
4.210727e+06 3.128590e-02 3.074043e+09 6.706246e+41 5.237320e+35
4.154930e+06 3.350558e-02 2.971994e+09 5.755891e+41 4.965185e+35
4.101863e+06 3.572527e-02 2.876865e+09 5.161413e+41 4.716342e+35
4.044390e+06 3.826205e-02 2.775940e+09 4.659720e+41 4.457513e+35
3.983529e+06 4.111593e-02 2.671435e+09 4.193463e+41 4.195198e+35
3.926423e+06 4.396981e-02 2.575573e+09 3.799530e+41 3.959759e+35
3.865947e+06 4.714079e-02 2.478117e+09 3.435831e+41 3.721381e+35
3.803608e+06 5.062887e-02 2.380709e+09 3.107148e+41 3.487094e+35
3.740639e+06 5.443404e-02 2.284666e+09 2.812874e+41 3.261850e+35
3.682395e+06 5.823922e-02 2.197914e+09 2.566093e+41 3.063388e+35
3.623869e+06 6.236149e-02 2.113085e+09 2.333524e+41 2.873232e+35
3.565309e+06 6.680086e-02 2.030950e+09 2.118630e+41 2.691963e+35
3.504114e+06 7.187443e-02 1.947161e+09 1.913360e+41 2.511848e+35
3.448282e+06 7.694800e-02 1.872523e+09 1.740583e+41 2.355545e+35
3.394136e+06 8.233866e-02 1.801776e+09 1.586810e+41 2.211044e+35
3.336317e+06 8.836352e-02 1.731701e+09 1.441875e+41 2.064190e+35
3.281239e+06 9.470548e-02 1.666550e+09 1.313182e+41 1.931220e+35
3.215707e+06 1.032671e-01 1.590871e+09 1.169380e+41 1.781503e+35
3.172895e+06 1.096091e-01 1.542502e+09 1.079806e+41 1.688509e+35
3.114764e+06 1.191220e-01 1.478843e+09 9.654983e+40 1.568127e+35
3.079817e+06 1.254640e-01 1.441414e+09 9.016972e+40 1.498926e+35
3.032433e+06 1.349769e-01 1.391521e+09 8.185646e+40 1.408786e+35
2.990311e+06 1.444899e-01 1.347994e+09 7.478939e+40 1.332128e+35
2.940942e+06 1.571738e-01 1.298025e+09 6.686846e+40 1.246311e+35
2.907372e+06 1.666867e-01 1.265558e+09 6.178016e+40 1.190372e+35
2.867664e+06 1.793706e-01 1.227737e+09 5.597926e+40 1.126662e+35
2.832833e+06 1.920545e-01 1.195076e+09 5.108942e+40 1.072913e+35
2.802076e+06 2.047385e-01 1.166635e+09 4.691900e+40 1.027071e+35
2.768408e+06 2.205934e-01 1.135931e+09 4.247652e+40 9.785910e+34
2.739123e+06 2.364482e-01 1.109619e+09 3.864998e+40 9.378360e+34
2.713186e+06 2.523031e-01 1.086897e+09 3.540449e+40 9.028150e+34
2.686134e+06 2.713290e-01 1.063468e+09 3.212792e+40 8.673436e+34
2.662752e+06 2.903549e-01 1.043441e+09 2.933514e+40 8.375363e+34
2.642395e+06 3.093808e-01 1.026170e+09 2.693094e+40 8.122154e+34
2.619107e+06 3.347486e-01 1.006605e+09 2.421132e+40 7.839589e+34
2.601694e+06 3.569455e-01 9.921092e+08 2.219980e+40 7.633181e+34
2.584551e+06 3.823133e-01 9.779480e+08 2.024464e+40 7.433972e+34
2.568142e+06 4.108521e-01 9.644966e+08 1.838384e+40 7.246976e+34
2.554213e+06 4.393909e-01 9.531566e+08 1.679759e+40 7.091021e+34
2.540538e+06 4.711007e-01 9.425739e+08 1.529023e+40 6.940381e+34
2.527920e+06 5.059815e-01 9.328782e+08 1.389234e+40 6.803519e+34
2.517353e+06 5.408623e-01 9.247993e+08 1.270397e+40 6.690479e+34
2.506976e+06 5.820850e-01 9.169000e+08 1.150838e+40 6.580835e+34
2.498417e+06 6.233077e-01 9.104120e+08 1.049470e+40 6.491431e+34
2.490806e+06 6.677014e-01 9.046619e+08 9.565087e+39 6.412687e+34
2.484108e+06 7.152661e-01 8.996175e+08 8.718396e+39 6.343987e+34
2.478263e+06 7.660018e-01 8.952279e+08 7.950989e+39 6.284495e+34
2.472927e+06 8.230794e-01 8.912295e+08 7.217080e+39 6.230540e+34
2.468594e+06 8.801570e-01 8.879900e+08 6.594113e+39 6.186989e+34
2.464667e+06 9.435766e-01 8.850594e+08 6.004535e+39 6.147717e+34
2.460365e+06 1.032364e+00 8.818543e+08 5.324389e+39 6.104906e+34
2.457891e+06 1.095784e+00 8.800133e+08 4.920424e+39 6.080380e+34
2.454677e+06 1.190913e+00 8.776256e+08 4.403891e+39 6.048641e+34
2.452741e+06 1.254333e+00 8.761890e+08 4.110816e+39 6.029584e+34
2.449974e+06 1.349462e+00 8.741375e+08 3.730082e+39 6.002419e+34
2.447202e+06 1.444591e+00 8.720848e+08 3.405996e+39 5.975297e+34
2.444264e+06 1.539721e+00 8.699128e+08 3.127204e+39 5.946664e+34
2.439866e+06 1.666560e+00 8.666649e+08 2.812623e+39 5.903971e+34
2.434695e+06 1.793399e+00 8.628555e+08 2.548840e+39 5.854084e+34
2.428603e+06 1.920238e+00 8.583783e+08 2.325811e+39 5.795714e+34
2.421555e+06 2.047077e+00 8.532135e+08 2.134733e+39 5.728729e+34
2.411472e+06 2.205626e+00 8.458521e+08 1.930871e+39 5.633901e+34
2.400047e+06 2.364175e+00 8.375517e+08 1.758443e+39 5.527891e+34
2.387392e+06 2.522724e+00 8.284074e+08 1.611754e+39 5.412223e+34
2.370629e+06 2.712983e+00 8.164652e+08 1.461352e+39 5.261806e+34
2.352019e+06 2.903242e+00 8.034177e+08 1.333309e+39 5.098521e+34
2.331425e+06 3.093501e+00 7.891032e+08 1.223520e+39 4.922279e+34
2.304908e+06 3.315469e+00 7.708663e+08 1.113891e+39 4.702135e+34
2.272036e+06 3.569147e+00 7.485606e+08 1.008129e+39 4.439576e+34
2.237639e+06 3.822826e+00 7.255783e+08 9.187725e+38 4.176772e+34
2.202735e+06 4.076504e+00 7.027636e+08 8.423949e+38 3.922198e+34
2.159906e+06 4.393602e+00 6.755372e+08 7.613988e+38 3.625933e+34
2.119788e+06 4.710700e+00 6.505249e+08 6.931035e+38 3.363954e+34
2.083218e+06 5.027798e+00 6.281387e+08 6.348290e+38 3.137760e+34
2.043809e+06 5.408315e+00 6.048470e+08 5.753512e+38 2.906980e+34
2.009469e+06 5.788833e+00 5.852195e+08 5.248761e+38 2.716473e+34
1.978071e+06 6.201060e+00 5.675501e+08 4.783717e+38 2.550635e+34
1.950042e+06 6.644997e+00 5.519985e+08 4.358194e+38 2.409106e+34
1.925464e+06 7.120644e+00 5.385349e+08 3.970686e+38 2.289928e+34
1.902364e+06 7.659711e+00 5.263918e+08 3.599079e+38 2.182003e+34
1.883669e+06 8.198777e+00 5.166988e+08 3.284246e+38 2.097486e+34
1.866721e+06 8.801263e+00 5.079846e+08 2.985391e+38 2.023009e+34
1.852867e+06 9.403749e+00 5.009131e+08 2.730939e+38 1.963620e+34
1.836209e+06 1.032333e+01 4.924718e+08 2.410306e+38 1.893951e+34
1.826943e+06 1.095753e+01 4.878056e+08 2.227271e+38 1.856012e+34
1.818837e+06 1.159172e+01 4.837405e+08 2.067075e+38 1.823291e+34
1.808344e+06 1.254302e+01 4.785018e+08 1.861419e+38 1.781577e+34
1.799339e+06 1.349431e+01 4.740278e+08 1.688888e+38 1.746357e+34
1.791448e+06 1.444561e+01 4.701228e+08 1.542368e+38 1.715920e+34
1.784433e+06 1.539690e+01 4.666635e+08 1.416490e+38 1.689202e+34
1.776145e+06 1.666529e+01 4.625915e+08 1.274273e+38 1.658037e+34
1.770556e+06 1.761659e+01 4.598551e+08 1.183012e+38 1.637266e+34
1.763752e+06 1.888498e+01 4.565340e+08 1.077997e+38 1.612243e+34
1.756053e+06 2.047047e+01 4.527899e+08 9.680654e+37 1.584278e+34
1.750397e+06 2.173886e+01 4.500483e+08 8.934529e+37 1.563964e+34
1.743821e+06 2.332435e+01 4.468706e+08 8.133821e+37 1.540594e+34
1.736508e+06 2.522694e+01 4.433495e+08 7.326456e+37 1.514914e+34
1.730809e+06 2.681242e+01 4.406142e+08 6.754955e+37 1.495123e+34
1.724361e+06 2.871501e+01 4.375294e+08 6.165621e+37 1.472969e+34
1.717293e+06 3.093470e+01 4.341592e+08 5.583694e+37 1.448966e+34
1.710640e+06 3.315438e+01 4.309985e+08 5.091577e+37 1.426644e+34
1.704345e+06 3.537407e+01 4.280174e+08 4.670757e+37 1.405758e+34
1.697580e+06 3.791085e+01 4.248251e+08 4.259286e+37 1.383573e+34
1.690447e+06 4.076473e+01 4.214709e+08 3.866883e+37 1.360464e+34
1.683728e+06 4.361861e+01 4.183227e+08 3.533675e+37 1.338963e+34
1.676664e+06 4.678959e+01 4.150247e+08 3.217370e+37 1.316632e+34
1.669317e+06 5.027767e+01 4.116077e+08 2.922200e+37 1.293705e+34
1.662290e+06 5.376575e+01 4.084012e+08 2.672406e+37 1.272061e+34
1.655017e+06 5.757092e+01 4.051024e+08 2.439706e+37 1.249942e+34
1.646980e+06 6.201029e+01 4.014719e+08 2.209813e+37 1.225841e+34
1.639383e+06 6.644966e+01 3.980533e+08 2.015334e+37 1.203377e+34
1.631674e+06 7.120613e+01 3.945986e+08 1.838003e+37 1.180903e+34
1.623937e+06 7.627970e+01 3.911451e+08 1.676949e+37 1.158663e+34
1.616248e+06 8.167037e+01 3.877268e+08 1.531483e+37 1.136874e+34
1.608153e+06 8.769523e+01 3.841431e+08 1.393487e+37 1.114270e+34
1.600105e+06 9.403718e+01 3.805949e+08 1.269312e+37 1.092129e+34
1.592125e+06 1.006962e+02 3.770921e+08 1.158395e+37 1.070506e+34
1.583884e+06 1.079895e+02 3.734901e+08 1.055064e+37 1.048513e+34
1.575782e+06 1.155998e+02 3.699646e+08 9.633148e+36 1.027225e+34
1.567209e+06 1.241615e+02 3.662507e+08 8.756404e+36 1.005052e+34
1.558854e+06 1.330402e+02 3.626477e+08 7.984972e+36 9.837904e+33
1.550411e+06 1.425532e+02 3.590502e+08 7.284620e+36 9.626498e+33
1.541962e+06 1.527003e+02 3.555014e+08 6.649037e+36 9.418352e+33
1.533299e+06 1.637987e+02 3.518795e+08 6.052218e+36 9.208472e+33
1.524723e+06 1.755313e+02 3.483105e+08 5.516382e+36 9.004180e+33
1.516041e+06 1.882153e+02 3.447141e+08 5.024151e+36 8.800842e+33
1.507314e+06 2.018505e+02 3.411158e+08 4.574894e+36 8.599934e+33
1.498590e+06 2.164370e+02 3.375360e+08 4.166846e+36 8.402572e+33
1.489910e+06 2.319748e+02 3.339910e+08 3.797536e+36 8.209585e+33
1.481146e+06 2.487810e+02 3.304284e+08 3.460108e+36 8.018100e+33
1.472365e+06 2.668556e+02 3.268769e+08 3.151558e+36 7.829663e+33
1.463757e+06 2.858814e+02 3.234117e+08 2.872993e+36 7.648162e+33
1.455122e+06 3.064928e+02 3.199520e+08 2.616805e+36 7.469265e+33
1.446452e+06 3.286896e+02 3.165038e+08 2.383262e+36 7.292834e+33
1.437124e+06 3.540575e+02 3.128706e+08 2.157650e+36 7.106527e+33
1.428462e+06 3.794253e+02 3.095135e+08 1.966815e+36 6.936744e+33
1.419410e+06 4.079641e+02 3.060219e+08 1.784836e+36 6.762572e+33
1.410991e+06 4.365029e+02 3.027902e+08 1.631418e+36 6.603549e+33
1.402288e+06 4.682127e+02 2.994654e+08 1.485860e+36 6.442127e+33
1.394177e+06 4.999225e+02 2.963815e+08 1.361205e+36 6.294374e+33
1.385128e+06 5.379743e+02 2.929572e+08 1.233236e+36 6.132538e+33
1.376733e+06 5.760260e+02 2.897961e+08 1.124708e+36 5.985210e+33
1.368279e+06 6.172488e+02 2.866280e+08 1.024659e+36 5.839542e+33
1.359823e+06 6.616425e+02 2.834746e+08 9.330872e+35 5.696520e+33
1.351408e+06 7.092071e+02 2.803519e+08 8.497352e+35 5.556828e+33
1.342988e+06 7.599428e+02 2.772788e+08 7.741668e+35 5.419628e+33
1.334637e+06 8.138495e+02 2.742646e+08 7.056943e+35 5.286067e+33
1.325982e+06 8.740981e+02 2.711560e+08 6.406412e+35 5.150277e+33
1.317542e+06 9.375177e+02 2.681393e+08 5.826763e+35 5.020402e+33
1.308937e+06 1.004108e+03 2.650784e+08 5.287158e+35 4.890521e+33
1.300616e+06 1.077041e+03 2.621331e+08 4.809798e+35 4.767351e+33
1.292553e+06 1.153144e+03 2.592926e+08 4.386373e+35 4.650232e+33
1.284442e+06 1.235590e+03 2.564484e+08 3.996626e+35 4.534602e+33
1.276332e+06 1.324377e+03 2.536178e+08 3.641703e+35 4.421144e+33
1.268009e+06 1.422677e+03 2.507275e+08 3.305510e+35 4.306957e+33
1.260049e+06 1.524149e+03 2.479760e+08 3.010213e+35 4.199813e+33
1.252198e+06 1.631962e+03 2.452749e+08 2.743376e+35 4.096120e+33
1.244065e+06 1.752459e+03 2.424896e+08 2.490417e+35 3.990732e+33
1.236326e+06 1.876127e+03 2.398519e+08 2.270162e+35 3.892356e+33
1.221013e+06 2.161516e+03 2.346695e+08 1.882486e+35 3.703069e+33
1.207390e+06 2.478614e+03 2.300998e+08 1.589486e+35 3.540551e+33
1.194870e+06 2.795711e+03 2.259342e+08 1.363635e+35 3.395964e+33
1.183620e+06 3.112809e+03 2.222191e+08 1.185846e+35 3.269863e+33
1.173429e+06 3.429907e+03 2.188764e+08 1.043614e+35 3.158693e+33
1.164033e+06 3.747005e+03 2.158508e+08 9.277922e+34 3.058739e+33
1.155339e+06 4.064103e+03 2.130857e+08 8.320230e+34 2.968367e+33
1.147301e+06 4.381201e+03 2.105427e+08 7.518453e+34 2.886621e+33
1.139834e+06 4.698299e+03 2.081917e+08 6.838884e+34 2.812201e+33
1.132868e+06 5.015397e+03 2.060087e+08 6.253541e+34 2.744088e+33
1.126343e+06 5.332495e+03 2.039723e+08 5.748032e+34 2.681406e+33
1.120207e+06 5.649593e+03 2.020655e+08 5.307860e+34 2.623459e+33
1.114421e+06 5.966691e+03 2.002739e+08 4.921746e+34 2.569673e+33
1.108947e+06 6.283789e+03 1.985852e+08 4.580793e+34 2.519556e+33
1.103755e+06 6.600886e+03 1.969889e+08 4.277904e+34 2.472696e+33
1.098816e+06 6.917984e+03 1.954756e+08 4.007352e+34 2.428738e+33
1.094110e+06 7.235082e+03 1.940383e+08 3.764462e+34 2.387400e+33
1.089618e+06 7.552180e+03 1.926701e+08 3.544579e+34 2.348426e+33
1.085319e+06 7.869278e+03 1.913648e+08 3.345548e+34 2.311585e+33
1.081198e+06 8.186376e+03 1.901171e+08 3.164678e+34 2.276680e+33
1.077242e+06 8.503474e+03 1.889225e+08 2.999714e+34 2.243542e+33
1.073439e+06 8.820572e+03 1.877768e+08 2.848747e+34 2.212024e+33
1.066245e+06 9.454768e+03 1.856180e+08 2.582551e+34 2.153319e+33
1.059542e+06 1.008896e+04 1.836158e+08 2.355698e+34 2.099678e+33
1.053268e+06 1.072316e+04 1.817501e+08 2.160436e+34 2.050388e+33
1.044551e+06 1.167445e+04 1.791711e+08 1.914926e+34 1.983348e+33
1.036546e+06 1.262575e+04 1.768165e+08 1.712836e+34 1.923248e+33
1.031553e+06 1.325994e+04 1.753543e+08 1.596810e+34 1.886458e+33
1.024513e+06 1.421124e+04 1.733013e+08 1.445329e+34 1.835482e+33
1.015855e+06 1.547963e+04 1.707904e+08 1.277295e+34 1.774219e+33
1.009741e+06 1.643092e+04 1.690559e+08 1.171451e+34 1.731894e+33
1.002124e+06 1.769931e+04 1.669091e+08 1.051309e+34 1.680223e+33
9.950529e+05 1.896771e+04 1.649261e+08 9.502135e+33 1.633297e+33
9.884531e+05 2.023610e+04 1.630841e+08 8.641577e+33 1.590394e+33
9.822663e+05 2.150449e+04 1.613650e+08 7.901957e+33 1.550949e+33
9.750367e+05 2.308998e+04 1.593656e+08 7.112848e+33 1.505790e+33
9.669997e+05 2.499257e+04 1.571548e+08 6.321120e+33 1.456753e+33
9.607611e+05 2.657806e+04 1.554474e+08 5.764543e+33 1.419522e+33
9.537512e+05 2.848064e+04 1.535380e+08 5.194207e+33 1.378545e+33
9.461421e+05 3.070033e+04 1.514763e+08 4.635308e+33 1.335076e+33
9.391728e+05 3.292001e+04 1.495649e+08 4.166322e+33 1.296172e+33
9.326593e+05 3.513970e+04 1.477856e+08 3.768000e+33 1.260586e+33
9.256898e+05 3.767648e+04 1.458916e+08 3.381436e+33 1.223327e+33
9.183721e+05 4.053036e+04 1.439139e+08 3.015869e+33 1.185101e+33
9.115324e+05 4.338425e+04 1.420757e+08 2.708066e+33 1.150189e+33
9.044167e+05 4.655522e+04 1.401738e+08 2.419328e+33 1.114692e+33
8.977437e+05 4.972620e+04 1.384000e+08 2.175029e+33 1.082156e+33
8.908465e+05 5.321428e+04 1.365765e+08 1.947146e+33 1.049282e+33
8.832157e+05 5.733655e+04 1.345709e+08 1.720994e+33 1.013789e+33
8.765267e+05 6.114173e+04 1.328446e+08 1.545186e+33 9.834250e+32
8.691372e+05 6.558110e+04 1.309605e+08 1.371654e+33 9.506791e+32
8.616995e+05 7.033757e+04 1.290752e+08 1.215563e+33 9.185522e+32
8.542395e+05 7.541114e+04 1.271954e+08 1.075835e+33 8.871544e+32
8.467774e+05 8.080180e+04 1.253264e+08 9.512154e+32 8.565598e+32
8.389289e+05 8.682666e+04 1.233727e+08 8.347442e+32 8.252417e+32
8.311500e+05 9.316862e+04 1.214488e+08 7.325962e+32 7.950570e+32
8.234410e+05 9.982767e+04 1.195543e+08 6.430660e+32 7.659680e+32
8.157171e+05 1.068038e+05 1.176905e+08 5.645280e+32 7.376306e+32
8.073643e+05 1.147313e+05 1.157024e+08 4.901925e+32 7.078784e+32
7.991517e+05 1.229758e+05 1.137607e+08 4.260883e+32 6.795125e+32
7.907777e+05 1.318546e+05 1.117943e+08 3.688729e+32 6.514758e+32
7.822711e+05 1.413675e+05 1.098106e+08 3.181511e+32 6.238924e+32
7.736578e+05 1.515146e+05 1.078164e+08 2.734782e+32 5.968650e+32
7.649591e+05 1.622960e+05 1.058172e+08 2.343509e+32 5.704708e+32
7.561028e+05 1.740286e+05 1.037610e+08 1.993382e+32 5.445077e+32
7.469988e+05 1.867125e+05 1.016618e+08 1.684593e+32 5.187523e+32
7.378811e+05 2.000306e+05 9.957699e+07 1.420764e+32 4.938852e+32
7.283469e+05 2.146171e+05 9.741581e+07 1.186428e+32 4.688498e+32
7.188381e+05 2.298378e+05 9.527964e+07 9.889987e+31 4.448410e+32
7.087997e+05 2.466440e+05 9.304528e+07 8.140411e+31 4.205084e+32
6.986487e+05 2.644015e+05 9.080736e+07 6.667679e+31 3.969319e+32
6.882253e+05 2.834274e+05 8.853255e+07 5.416627e+31 3.737689e+32
6.775628e+05 3.037216e+05 8.622993e+07 4.365154e+31 3.511387e+32
6.665328e+05 3.256014e+05 8.387405e+07 3.480050e+31 3.288263e+32
6.550260e+05 3.490666e+05 8.147825e+07 2.745810e+31 3.067007e+32
6.430340e+05 3.744345e+05 7.902469e+07 2.138703e+31 2.848501e+32
6.308196e+05 4.013878e+05 7.655623e+07 1.650365e+31 2.638160e+32
6.182763e+05 4.302437e+05 7.405369e+07 1.258380e+31 2.434507e+32
6.055480e+05 4.613193e+05 7.150151e+07 9.462230e+30 2.240139e+32
5.924883e+05 4.946146e+05 6.891905e+07 7.021176e+30 2.053051e+32
5.790057e+05 5.304467e+05 6.629371e+07 5.119094e+30 1.872458e+32
5.652822e+05 5.684984e+05 6.366362e+07 3.683484e+30 1.701146e+32
5.510401e+05 6.097211e+05 6.098000e+07 2.601432e+30 1.536078e+32
5.364688e+05 6.537977e+05 5.828329e+07 1.811113e+30 1.379935e+32
5.216388e+05 7.007282e+05 5.559077e+07 1.234094e+30 1.233559e+32
5.063506e+05 7.514639e+05 5.286964e+07 8.216691e+29 1.095181e+32
4.907979e+05 8.056876e+05 5.015876e+07 5.377896e+29 9.666990e+31
4.749870e+05 8.637166e+05 4.746276e+07 3.439112e+29 8.480230e+31
4.589678e+05 9.261849e+05 4.477370e+07 2.152552e+29 7.392811e+31
4.429966e+05 9.927754e+05 4.212722e+07 1.383205e+29 6.416263e+31
4.267892e+05 1.064440e+06 3.951130e+07 8.667510e+28 5.527572e+31
4.103969e+05 1.141177e+06 3.693780e+07 5.535422e+28 4.726034e+31
3.938129e+05 1.223623e+06 3.440841e+07 3.298998e+28 4.007192e+31
3.771082e+05 1.312093e+06 3.193699e+07 1.937348e+28 3.369339e+31
3.609234e+05 1.406588e+06 2.953744e+07 1.081537e+28 2.827097e+31
3.446275e+05 1.508060e+06 2.719931e+07 5.966958e+27 2.350067e+31
3.282610e+05 1.616824e+06 2.493728e+07 3.003273e+27 1.934450e+31
3.121009e+05 1.733516e+06 2.275567e+07 1.369091e+27 1.580740e+31
2.961907e+05 1.858770e+06 2.065724e+07 6.060345e+26 1.282230e+31
2.805371e+05 1.992902e+06 1.864530e+07 2.505280e+26 1.031909e+31
2.650394e+05 2.136548e+06 1.672337e+07 9.763269e+25 8.220957e+30
2.498629e+05 2.290974e+06 1.488572e+07 3.516874e+25 6.493632e+30
2.349507e+05 2.456182e+06 1.314075e+07 1.206429e+25 5.076770e+30
2.202157e+05 2.633440e+06 1.148277e+07 3.925935e+24 3.918085e+30
2.059224e+05 2.823382e+06 9.911795e+06 1.181467e+24 2.995677e+30
1.918649e+05 3.027276e+06 8.413076e+06 3.132857e+23 2.257682e+30
1.779609e+05 3.245439e+06 6.987411e+06 7.061245e+22 1.671009e+30
1.641970e+05 3.479774e+06 5.614319e+06 1.224273e+22 1.210994e+30
1.501953e+05 3.730916e+06 4.272887e+06 1.376208e+21 8.478253e+29
1.358223e+05 4.000132e+06 2.914811e+06 6.444957e+19 5.669764e+29
