7.224976e+14 7.172028e+09 2.329112e+09 1.582076e+09 1.074484e+09 7.319714e+08 5.001639e+08 2.840381e+08 2.058625e+08 2.033445e+08 1.005285e+08 3.451461e+07
6.896336e+14 7.182624e+09 2.333131e+09 1.584849e+09 1.076367e+09 7.332178e+08 5.006317e+08 2.840394e+08 2.058624e+08 2.033444e+08 1.005285e+08 3.451461e+07
6.631217e+14 7.190681e+09 2.336192e+09 1.586959e+09 1.077800e+09 7.341625e+08 5.009726e+08 2.840400e+08 2.058623e+08 2.033443e+08 1.005285e+08 3.451460e+07
6.377392e+14 7.197870e+09 2.338925e+09 1.588845e+09 1.079081e+09 7.350067e+08 5.012692e+08 2.840401e+08 2.058621e+08 2.033442e+08 1.005285e+08 3.451460e+07
6.135404e+14 7.204171e+09 2.341324e+09 1.590499e+09 1.080204e+09 7.357453e+08 5.015212e+08 2.840398e+08 2.058619e+08 2.033440e+08 1.005285e+08 3.451460e+07
5.903072e+14 7.209620e+09 2.343400e+09 1.591931e+09 1.081176e+09 7.363776e+08 5.017309e+08 2.840392e+08 2.058617e+08 2.033438e+08 1.005285e+08 3.451460e+07
5.679026e+14 7.214130e+09 2.345119e+09 1.593117e+09 1.081981e+09 7.368975e+08 5.019006e+08 2.840383e+08 2.058615e+08 2.033436e+08 1.005285e+08 3.451460e+07
5.463817e+14 7.217662e+09 2.346467e+09 1.594046e+09 1.082611e+09 7.373026e+08 5.020333e+08 2.840371e+08 2.058612e+08 2.033434e+08 1.005285e+08 3.451460e+07
5.256802e+14 7.220259e+09 2.347458e+09 1.594730e+09 1.083074e+09 7.375969e+08 5.021329e+08 2.840356e+08 2.058610e+08 2.033431e+08 1.005285e+08 3.451460e+07
5.057664e+14 7.221957e+09 2.348107e+09 1.595177e+09 1.083377e+09 7.377855e+08 5.022031e+08 2.840338e+08 2.058607e+08 2.033429e+08 1.005285e+08 3.451460e+07
4.866100e+14 7.222812e+09 2.348433e+09 1.595402e+09 1.083529e+09 7.378761e+08 5.022479e+08 2.840319e+08 2.058604e+08 2.033426e+08 1.005285e+08 3.451460e+07
4.681815e+14 7.222897e+09 2.348465e+09 1.595424e+09 1.083544e+09 7.378791e+08 5.022713e+08 2.840298e+08 2.058601e+08 2.033423e+08 1.005284e+08 3.451460e+07
4.504529e+14 7.222308e+09 2.348240e+09 1.595269e+09 1.083438e+09 7.378072e+08 5.022769e+08 2.840276e+08 2.058598e+08 2.033420e+08 1.005284e+08 3.451460e+07
4.333970e+14 7.221157e+09 2.347801e+09 1.594966e+09 1.083232e+09 7.376754e+08 5.022685e+08 2.840253e+08 2.058595e+08 2.033418e+08 1.005284e+08 3.451460e+07
4.169882e+14 7.219563e+09 2.347192e+09 1.594546e+09 1.082947e+09 7.375010e+08 5.022492e+08 2.840229e+08 2.058591e+08 2.033415e+08 1.005284e+08 3.451460e+07
4.012014e+14 7.217656e+09 2.346465e+09 1.594044e+09 1.082608e+09 7.373043e+08 5.022220e+08 2.840204e+08 2.058588e+08 2.033412e+08 1.005284e+08 3.451460e+07
3.860131e+14 7.215602e+09 2.345681e+09 1.593504e+09 1.082244e+09 7.371085e+08 5.021891e+08 2.840179e+08 2.058585e+08 2.033409e+08 1.005284e+08 3.451460e+07
3.714053e+14 7.213588e+09 2.344913e+09 1.592975e+09 1.081888e+09 7.369398e+08 5.021528e+08 2.840154e+08 2.058582e+08 2.033406e+08 1.005284e+08 3.451460e+07
3.573321e+14 7.211833e+09 2.344244e+09 1.592514e+09 1.081581e+09 7.368259e+08 5.021145e+08 2.840128e+08 2.058578e+08 2.033403e+08 1.005284e+08 3.451460e+07
3.438057e+14 7.210576e+09 2.343765e+09 1.592184e+09 1.081366e+09 7.367938e+08 5.020753e+08 2.840103e+08 2.058575e+08 2.033400e+08 1.005284e+08 3.451460e+07
3.307915e+14 7.210066e+09 2.343570e+09 1.592050e+09 1.081287e+09 7.368682e+08 5.020356e+08 2.840078e+08 2.058572e+08 2.033396e+08 1.005283e+08 3.451460e+07
3.182702e+14 7.210591e+09 2.343770e+09 1.592190e+09 1.081398e+09 7.370700e+08 5.019954e+08 2.840053e+08 2.058568e+08 2.033393e+08 1.005283e+08 3.451460e+07
3.062162e+14 7.212492e+09 2.344495e+09 1.592691e+09 1.081758e+09 7.374145e+08 5.019541e+08 2.840028e+08 2.058565e+08 2.033390e+08 1.005283e+08 3.451460e+07
2.946304e+14 7.215948e+09 2.345814e+09 1.593606e+09 1.082434e+09 7.379077e+08 5.019110e+08 2.840003e+08 2.058562e+08 2.033387e+08 1.005283e+08 3.451460e+07
2.834751e+14 7.222643e+09 2.348368e+09 1.595358e+09 1.083588e+09 7.385453e+08 5.018647e+08 2.839978e+08 2.058558e+08 2.033384e+08 1.005283e+08 3.451460e+07
2.727434e+14 7.228891e+09 2.350761e+09 1.597070e+09 1.085078e+09 7.392968e+08 5.018131e+08 2.839953e+08 2.058555e+08 2.033381e+08 1.005283e+08 3.451460e+07
2.624179e+14 7.251383e+09 2.359355e+09 1.602780e+09 1.087515e+09 7.401437e+08 5.017548e+08 2.839927e+08 2.058552e+08 2.033378e+08 1.005283e+08 3.451460e+07
2.524825e+14 7.235121e+09 2.353193e+09 1.599311e+09 1.086920e+09 7.409228e+08 5.016849e+08 2.839901e+08 2.058548e+08 2.033375e+08 1.005283e+08 3.451460e+07
2.429231e+14 7.361452e+09 2.401618e+09 1.627985e+09 1.085306e+09 7.418028e+08 5.016077e+08 2.839875e+08 2.058545e+08 2.033372e+08 1.005283e+08 3.451460e+07
2.337248e+14 6.763973e+09 2.179089e+09 1.487149e+09 1.056720e+09 7.419505e+08 5.015052e+08 2.839848e+08 2.058541e+08 2.033369e+08 1.005283e+08 3.451460e+07
2.248753e+14 7.530419e+09 2.468584e+09 1.673487e+09 1.110727e+09 7.460652e+08 5.015174e+08 2.839828e+08 2.058538e+08 2.033366e+08 1.005282e+08 3.451460e+07
2.163600e+14 7.521408e+09 2.465355e+09 1.675962e+09 1.130423e+09 7.486593e+08 5.014788e+08 2.839804e+08 2.058535e+08 2.033363e+08 1.005282e+08 3.451460e+07
2.081663e+14 7.513855e+09 2.462319e+09 1.673963e+09 1.135201e+09 7.498712e+08 5.013970e+08 2.839778e+08 2.058532e+08 2.033360e+08 1.005282e+08 3.451460e+07
2.002824e+14 7.507855e+09 2.459910e+09 1.672306e+09 1.135625e+09 7.498495e+08 5.012782e+08 2.839750e+08 2.058528e+08 2.033357e+08 1.005282e+08 3.451460e+07
1.926976e+14 7.503493e+09 2.458161e+09 1.671103e+09 1.135147e+09 7.487407e+08 5.011275e+08 2.839719e+08 2.058525e+08 2.033354e+08 1.005282e+08 3.451460e+07
1.853995e+14 7.500855e+09 2.457104e+09 1.670378e+09 1.134426e+09 7.466827e+08 5.009493e+08 2.839687e+08 2.058521e+08 2.033350e+08 1.005282e+08 3.451459e+07
1.783790e+14 7.500017e+09 2.456768e+09 1.670151e+09 1.132439e+09 7.438030e+08 5.007468e+08 2.839653e+08 2.058517e+08 2.033347e+08 1.005282e+08 3.451459e+07
1.716274e+14 7.501050e+09 2.457183e+09 1.670479e+09 1.125615e+09 7.402240e+08 5.005232e+08 2.839617e+08 2.058513e+08 2.033343e+08 1.005282e+08 3.451459e+07
1.651366e+14 7.504014e+09 2.458371e+09 1.672834e+09 1.108663e+09 7.360758e+08 5.002821e+08 2.839611e+08 2.058512e+08 2.033342e+08 1.005282e+08 3.451459e+07
1.588991e+14 7.508951e+09 2.460434e+09 1.715535e+09 1.048245e+09 7.348322e+08 5.002826e+08 2.839610e+08 2.058511e+08 2.033341e+08 1.005281e+08 3.451459e+07
1.529056e+14 7.515889e+09 2.514159e+09 1.710367e+09 1.025877e+09 7.367620e+08 5.003428e+08 2.839612e+08 2.058511e+08 2.033341e+08 1.005281e+08 3.451459e+07
1.471424e+14 9.904748e+09 4.963985e+09 3.705517e+09 1.049863e+09 7.527780e+08 5.011062e+08 2.839694e+08 2.058501e+08 2.033331e+08 1.005278e+08 3.451458e+07
1.415888e+14 9.906141e+09 4.959575e+09 3.043331e+09 1.081903e+09 7.655318e+08 5.016817e+08 2.839751e+08 2.058492e+08 2.033321e+08 1.005275e+08 3.451458e+07
1.362239e+14 9.907617e+09 4.947597e+09 1.788674e+09 1.110052e+09 7.754042e+08 5.021134e+08 2.839790e+08 2.058483e+08 2.033312e+08 1.005273e+08 3.451457e+07
1.310400e+14 9.909156e+09 4.935754e+09 1.616986e+09 1.132300e+09 7.831729e+08 5.024453e+08 2.839817e+08 2.058474e+08 2.033303e+08 1.005270e+08 3.451456e+07
1.260397e+14 9.910779e+09 4.867741e+09 1.574914e+09 1.149903e+09 7.896126e+08 5.027151e+08 2.839837e+08 2.058466e+08 2.033295e+08 1.005268e+08 3.451456e+07
1.212376e+14 9.912451e+09 4.714680e+09 1.564324e+09 1.164400e+09 7.953243e+08 5.029506e+08 2.839853e+08 2.058459e+08 2.033288e+08 1.005266e+08 3.451455e+07
1.166316e+14 9.914185e+09 4.024684e+09 1.563396e+09 1.176834e+09 8.007211e+08 5.031712e+08 2.839866e+08 2.058451e+08 2.033279e+08 1.005264e+08 3.451455e+07
1.122110e+14 9.915956e+09 3.264461e+09 1.565046e+09 1.187588e+09 8.059656e+08 5.033836e+08 2.839877e+08 2.058442e+08 2.033271e+08 1.005262e+08 3.451454e+07
1.079627e+14 9.917767e+09 3.014765e+09 1.567111e+09 1.196781e+09 8.111083e+08 5.035902e+08 2.839886e+08 2.058433e+08 2.033262e+08 1.005260e+08 3.451454e+07
1.038768e+14 9.919612e+09 2.890839e+09 1.569079e+09 1.204459e+09 8.161439e+08 5.037908e+08 2.839892e+08 2.058423e+08 2.033252e+08 1.005258e+08 3.451453e+07
9.995053e+13 9.921503e+09 3.049930e+09 1.570296e+09 1.210672e+09 8.210409e+08 5.039844e+08 2.839897e+08 2.058412e+08 2.033241e+08 1.005256e+08 3.451453e+07
9.615241e+13 9.923475e+09 2.851459e+09 1.570207e+09 1.215495e+09 8.257523e+08 5.041692e+08 2.839899e+08 2.058401e+08 2.033231e+08 1.005254e+08 3.451452e+07
9.251186e+13 9.925347e+09 2.736717e+09 1.569225e+09 1.219133e+09 8.303264e+08 5.043472e+08 2.839899e+08 2.058390e+08 2.033219e+08 1.005252e+08 3.451452e+07
8.902522e+13 9.927204e+09 2.663191e+09 1.567642e+09 1.221649e+09 8.347130e+08 5.045167e+08 2.839897e+08 2.058378e+08 2.033207e+08 1.005249e+08 3.451451e+07
8.563907e+13 9.929107e+09 2.633612e+09 1.565567e+09 1.223184e+09 8.388968e+08 5.046771e+08 2.839893e+08 2.058365e+08 2.033195e+08 1.005247e+08 3.451450e+07
8.244565e+13 9.930993e+09 2.611865e+09 1.563281e+09 1.223856e+09 8.429164e+08 5.048301e+08 2.839887e+08 2.058352e+08 2.033182e+08 1.005245e+08 3.451450e+07
7.927687e+13 9.932983e+09 2.606722e+09 1.560605e+09 1.223759e+09 8.467294e+08 5.049742e+08 2.839879e+08 2.058338e+08 2.033168e+08 1.005242e+08 3.451449e+07
7.628211e+13 9.934817e+09 2.601343e+09 1.557806e+09 1.223001e+09 8.503890e+08 5.051113e+08 2.839869e+08 2.058324e+08 2.033154e+08 1.005240e+08 3.451449e+07
7.338732e+13 9.936719e+09 2.603539e+09 1.554878e+09 1.221651e+09 8.538523e+08 5.052399e+08 2.839857e+08 2.058309e+08 2.033140e+08 1.005237e+08 3.451448e+07
7.060871e+13 9.938531e+09 2.611493e+09 1.551687e+09 1.219799e+09 8.571326e+08 5.053607e+08 2.839843e+08 2.058294e+08 2.033125e+08 1.005234e+08 3.451447e+07
6.796352e+13 9.940287e+09 2.620569e+09 1.548311e+09 1.217476e+09 8.602685e+08 5.054749e+08 2.839827e+08 2.058278e+08 2.033109e+08 1.005232e+08 3.451447e+07
6.536312e+13 9.942126e+09 2.647713e+09 1.544810e+09 1.214752e+09 8.632250e+08 5.055813e+08 2.839809e+08 2.058261e+08 2.033093e+08 1.005229e+08 3.451446e+07
6.288832e+13 9.943843e+09 2.670841e+09 1.541406e+09 1.211648e+09 8.660409e+08 5.056814e+08 2.839789e+08 2.058244e+08 2.033076e+08 1.005226e+08 3.451445e+07
6.050823e+13 9.945530e+09 2.693591e+09 1.538271e+09 1.208220e+09 8.686884e+08 5.057740e+08 2.839767e+08 2.058226e+08 2.033058e+08 1.005223e+08 3.451445e+07
5.821629e+13 9.947191e+09 2.739978e+09 1.535395e+09 1.204508e+09 8.711657e+08 5.058590e+08 2.839743e+08 2.058207e+08 2.033040e+08 1.005220e+08 3.451444e+07
5.602165e+13 9.948821e+09 2.818302e+09 1.532950e+09 1.200489e+09 8.735014e+08 5.059374e+08 2.839716e+08 2.058187e+08 2.033021e+08 1.005217e+08 3.451443e+07
5.389134e+13 9.950485e+09 3.026077e+09 1.530882e+09 1.196228e+09 8.756684e+08 5.060081e+08 2.839687e+08 2.058167e+08 2.033001e+08 1.005213e+08 3.451443e+07
5.185089e+13 9.952026e+09 3.320258e+09 1.528611e+09 1.191748e+09 8.776719e+08 5.060712e+08 2.839655e+08 2.058145e+08 2.032980e+08 1.005210e+08 3.451442e+07
4.989380e+13 9.953517e+09 3.546776e+09 1.525380e+09 1.187060e+09 8.795110e+08 5.061264e+08 2.839620e+08 2.058122e+08 2.032958e+08 1.005206e+08 3.451441e+07
4.799883e+13 9.954988e+09 3.426092e+09 1.520811e+09 1.182192e+09 8.811731e+08 5.061732e+08 2.839583e+08 2.058099e+08 2.032934e+08 1.005202e+08 3.451440e+07
4.618149e+13 9.956408e+09 3.159150e+09 1.515276e+09 1.177138e+09 8.826606e+08 5.062113e+08 2.839543e+08 2.058074e+08 2.032910e+08 1.005198e+08 3.451439e+07
4.443333e+13 9.957862e+09 3.058939e+09 1.509841e+09 1.171934e+09 8.839622e+08 5.062403e+08 2.839500e+08 2.058048e+08 2.032885e+08 1.005194e+08 3.451438e+07
4.275062e+13 9.959202e+09 3.138696e+09 1.505337e+09 1.166610e+09 8.850705e+08 5.062595e+08 2.839453e+08 2.058021e+08 2.032858e+08 1.005190e+08 3.451437e+07
4.113349e+13 9.960498e+09 3.257606e+09 1.501805e+09 1.161167e+09 8.859829e+08 5.062686e+08 2.839404e+08 2.057992e+08 2.032831e+08 1.005185e+08 3.451436e+07
3.957463e+13 9.961788e+09 3.448596e+09 1.498810e+09 1.155628e+09 8.866894e+08 5.062669e+08 2.839350e+08 2.057962e+08 2.032801e+08 1.005181e+08 3.451435e+07
3.807624e+13 9.963007e+09 3.648149e+09 1.496019e+09 1.150012e+09 8.871839e+08 5.062539e+08 2.839294e+08 2.057931e+08 2.032771e+08 1.005176e+08 3.451434e+07
3.663583e+13 9.964193e+09 3.818959e+09 1.493045e+09 1.144321e+09 8.874596e+08 5.062288e+08 2.839233e+08 2.057898e+08 2.032739e+08 1.005171e+08 3.451433e+07
3.524752e+13 9.965352e+09 4.067478e+09 1.490084e+09 1.138570e+09 8.875102e+08 5.061911e+08 2.839168e+08 2.057863e+08 2.032705e+08 1.005165e+08 3.451432e+07
3.391297e+13 9.966456e+09 4.460686e+09 1.487390e+09 1.132756e+09 8.873299e+08 5.061401e+08 2.839100e+08 2.057827e+08 2.032670e+08 1.005160e+08 3.451431e+07
3.262900e+13 9.967522e+09 4.936891e+09 1.485141e+09 1.126886e+09 8.869130e+08 5.060751e+08 2.839027e+08 2.057790e+08 2.032634e+08 1.005154e+08 3.451429e+07
3.139354e+13 9.968551e+09 5.128562e+09 1.483233e+09 1.120978e+09 8.862564e+08 5.059955e+08 2.838949e+08 2.057750e+08 2.032595e+08 1.005148e+08 3.451428e+07
3.020581e+13 9.969561e+09 5.178819e+09 1.480546e+09 1.115013e+09 8.853553e+08 5.059005e+08 2.838868e+08 2.057709e+08 2.032555e+08 1.005141e+08 3.451426e+07
2.906128e+13 9.970526e+09 5.183146e+09 1.476533e+09 1.109020e+09 8.842080e+08 5.057895e+08 2.838781e+08 2.057666e+08 2.032514e+08 1.005134e+08 3.451425e+07
2.796095e+13 9.971453e+09 5.149088e+09 1.471956e+09 1.103016e+09 8.828130e+08 5.056620e+08 2.838690e+08 2.057621e+08 2.032470e+08 1.005127e+08 3.451423e+07
2.690284e+13 9.972376e+09 5.106903e+09 1.467730e+09 1.097007e+09 8.811693e+08 5.055171e+08 2.838594e+08 2.057575e+08 2.032425e+08 1.005120e+08 3.451422e+07
2.588370e+13 9.973239e+09 5.129429e+09 1.464578e+09 1.090993e+09 8.792807e+08 5.053544e+08 2.838494e+08 2.057526e+08 2.032378e+08 1.005112e+08 3.451420e+07
2.490460e+13 9.974071e+09 5.152299e+09 1.462384e+09 1.084978e+09 8.771459e+08 5.051732e+08 2.838388e+08 2.057476e+08 2.032329e+08 1.005105e+08 3.451418e+07
2.396078e+13 9.974883e+09 5.175776e+09 1.461057e+09 1.078970e+09 8.747722e+08 5.049730e+08 2.838277e+08 2.057423e+08 2.032278e+08 1.005096e+08 3.451416e+07
2.305357e+13 9.975654e+09 5.199388e+09 1.460646e+09 1.072968e+09 8.721626e+08 5.047532e+08 2.838161e+08 2.057369e+08 2.032225e+08 1.005088e+08 3.451414e+07
2.218160e+13 9.976406e+09 5.223613e+09 1.461679e+09 1.066984e+09 8.693225e+08 5.045134e+08 2.838040e+08 2.057313e+08 2.032170e+08 1.005079e+08 3.451412e+07
2.134089e+13 9.977124e+09 5.248816e+09 1.465811e+09 1.061024e+09 8.662635e+08 5.042534e+08 2.837913e+08 2.057254e+08 2.032113e+08 1.005070e+08 3.451410e+07
2.053419e+13 9.977816e+09 5.274049e+09 1.471489e+09 1.055090e+09 8.629858e+08 5.039721e+08 2.837781e+08 2.057194e+08 2.032055e+08 1.005060e+08 3.451408e+07
1.975546e+13 9.978489e+09 5.300031e+09 1.471455e+09 1.049199e+09 8.595059e+08 5.036699e+08 2.837644e+08 2.057132e+08 2.031994e+08 1.005050e+08 3.451405e+07
1.900747e+13 9.979130e+09 5.326741e+09 1.467432e+09 1.043355e+09 8.558296e+08 5.033461e+08 2.837502e+08 2.057067e+08 2.031932e+08 1.005040e+08 3.451403e+07
1.828847e+13 9.979747e+09 5.354193e+09 1.465021e+09 1.037561e+09 8.519704e+08 5.030004e+08 2.837354e+08 2.057001e+08 2.031867e+08 1.005029e+08 3.451400e+07
1.759539e+13 9.980341e+09 5.382215e+09 1.466108e+09 1.031821e+09 8.479436e+08 5.026334e+08 2.837201e+08 2.056933e+08 2.031801e+08 1.005018e+08 3.451398e+07
1.693140e+13 9.980921e+09 5.410069e+09 1.470779e+09 1.026100e+09 8.437490e+08 5.022436e+08 2.837043e+08 2.056862e+08 2.031733e+08 1.005007e+08 3.451395e+07
1.628821e+13 9.981479e+09 5.438343e+09 1.479980e+09 1.020446e+09 8.394096e+08 5.018322e+08 2.836879e+08 2.056790e+08 2.031662e+08 1.004995e+08 3.451392e+07
1.567177e+13 9.982011e+09 5.467758e+09 1.489404e+09 1.014817e+09 8.349234e+08 5.013978e+08 2.836710e+08 2.056716e+08 2.031590e+08 1.004983e+08 3.451389e+07
1.507814e+13 9.982523e+09 5.497818e+09 1.497894e+09 1.009249e+09 8.303150e+08 5.009416e+08 2.836536e+08 2.056640e+08 2.031516e+08 1.004971e+08 3.451386e+07
1.450725e+13 9.983016e+09 5.527966e+09 1.506760e+09 1.003772e+09 8.255974e+08 5.004640e+08 2.836358e+08 2.056562e+08 2.031441e+08 1.004958e+08 3.451383e+07
1.395967e+13 9.983499e+09 5.557931e+09 1.516143e+09 9.983966e+08 8.207702e+08 4.999635e+08 2.836174e+08 2.056482e+08 2.031363e+08 1.004945e+08 3.451380e+07
1.342949e+13 9.983959e+09 5.588418e+09 1.527163e+09 9.931012e+08 8.158598e+08 4.994421e+08 2.835985e+08 2.056400e+08 2.031284e+08 1.004932e+08 3.451376e+07
1.292272e+13 9.984401e+09 5.619799e+09 1.540308e+09 9.878568e+08 8.108608e+08 4.988980e+08 2.835791e+08 2.056317e+08 2.031203e+08 1.004918e+08 3.451373e+07
1.243180e+13 9.984826e+09 5.651542e+09 1.564743e+09 9.827126e+08 8.058030e+08 4.983333e+08 2.835593e+08 2.056232e+08 2.031121e+08 1.004904e+08 3.451369e+07
1.196110e+13 9.985236e+09 5.683209e+09 1.592058e+09 9.776453e+08 8.006807e+08 4.977464e+08 2.835390e+08 2.056145e+08 2.031036e+08 1.004890e+08 3.451366e+07
1.150833e+13 9.985639e+09 5.714968e+09 1.618969e+09 9.727045e+08 7.955227e+08 4.971395e+08 2.835183e+08 2.056057e+08 2.030951e+08 1.004875e+08 3.451362e+07
1.107250e+13 9.986020e+09 5.746983e+09 1.660391e+09 9.679211e+08 7.903429e+08 4.965137e+08 2.834972e+08 2.055967e+08 2.030863e+08 1.004860e+08 3.451358e+07
1.065511e+13 9.986348e+09 5.774817e+09 1.716139e+09 9.633038e+08 7.851309e+08 4.958665e+08 2.834756e+08 2.055875e+08 2.030775e+08 1.004845e+08 3.451354e+07
1.024991e+13 9.986425e+09 5.776461e+09 1.740872e+09 9.588805e+08 7.799183e+08 4.952011e+08 2.834536e+08 2.055783e+08 2.030685e+08 1.004829e+08 3.451350e+07
9.863444e+12 9.986499e+09 5.777946e+09 1.783325e+09 9.546039e+08 7.746909e+08 4.945151e+08 2.834313e+08 2.055688e+08 2.030593e+08 1.004813e+08 3.451346e+07
9.488436e+12 9.986793e+09 5.803931e+09 1.847673e+09 9.504749e+08 7.694782e+08 4.938120e+08 2.834085e+08 2.055593e+08 2.030500e+08 1.004797e+08 3.451342e+07
9.129182e+12 9.987123e+09 5.835785e+09 1.981325e+09 9.464795e+08 7.642661e+08 4.930893e+08 2.833854e+08 2.055496e+08 2.030406e+08 1.004780e+08 3.451337e+07
8.783539e+12 9.987441e+09 5.867588e+09 2.198499e+09 9.426339e+08 7.590870e+08 4.923507e+08 2.833620e+08 2.055398e+08 2.030311e+08 1.004763e+08 3.451333e+07
8.450966e+12 9.987747e+09 5.899444e+09 2.484485e+09 9.390207e+08 7.539501e+08 4.915973e+08 2.833383e+08 2.055299e+08 2.030215e+08 1.004746e+08 3.451328e+07
8.132554e+12 9.988045e+09 5.931113e+09 2.876520e+09 9.356373e+08 7.488406e+08 4.908257e+08 2.833143e+08 2.055199e+08 2.030118e+08 1.004729e+08 3.451323e+07
7.823135e+12 9.988329e+09 5.962922e+09 3.043889e+09 9.324941e+08 7.437922e+08 4.900404e+08 2.832900e+08 2.055098e+08 2.030020e+08 1.004711e+08 3.451319e+07
7.528505e+12 9.988606e+09 5.994630e+09 3.183761e+09 9.295583e+08 7.387889e+08 4.892382e+08 2.832654e+08 2.054995e+08 2.029920e+08 1.004693e+08 3.451314e+07
7.241946e+12 9.988875e+09 6.026080e+09 3.319779e+09 9.269160e+08 7.338648e+08 4.884237e+08 2.832406e+08 2.054893e+08 2.029820e+08 1.004675e+08 3.451309e+07
6.967793e+12 9.989131e+09 6.057753e+09 3.347379e+09 9.246364e+08 7.290016e+08 4.875933e+08 2.832155e+08 2.054789e+08 2.029720e+08 1.004657e+08 3.451304e+07
6.703935e+12 9.989378e+09 6.089359e+09 3.354487e+09 9.227586e+08 7.242339e+08 4.867521e+08 2.831902e+08 2.054684e+08 2.029618e+08 1.004638e+08 3.451299e+07
6.450109e+12 9.989615e+09 6.120631e+09 3.363514e+09 9.213232e+08 7.195691e+08 4.859012e+08 2.831648e+08 2.054579e+08 2.029516e+08 1.004620e+08 3.451293e+07
6.207335e+12 9.989848e+09 6.151599e+09 3.377717e+09 9.204099e+08 7.149885e+08 4.850361e+08 2.831391e+08 2.054473e+08 2.029414e+08 1.004601e+08 3.451288e+07
5.970924e+12 9.990071e+09 6.182369e+09 3.384535e+09 9.200331e+08 7.105264e+08 4.841629e+08 2.831133e+08 2.054367e+08 2.029311e+08 1.004582e+08 3.451283e+07
5.746008e+12 9.990286e+09 6.213320e+09 3.391308e+09 9.202043e+08 7.061623e+08 4.832764e+08 2.830873e+08 2.054261e+08 2.029207e+08 1.004563e+08 3.451277e+07
5.527338e+12 9.990493e+09 6.244062e+09 3.398190e+09 9.210672e+08 7.019318e+08 4.823832e+08 2.830612e+08 2.054154e+08 2.029103e+08 1.004543e+08 3.451271e+07
5.318060e+12 9.990693e+09 6.274363e+09 3.405151e+09 9.227661e+08 6.978209e+08 4.814794e+08 2.830350e+08 2.054046e+08 2.028998e+08 1.004524e+08 3.451266e+07
5.117085e+12 9.990890e+09 6.304237e+09 3.412128e+09 9.254092e+08 6.938529e+08 4.805688e+08 2.830086e+08 2.053938e+08 2.028894e+08 1.004504e+08 3.451260e+07
4.922976e+12 9.991075e+09 6.333859e+09 3.419252e+09 9.290218e+08 6.900393e+08 4.796544e+08 2.829823e+08 2.053831e+08 2.028789e+08 1.004484e+08 3.451254e+07
4.738274e+12 9.991255e+09 6.363449e+09 3.426242e+09 9.337223e+08 6.863584e+08 4.787290e+08 2.829558e+08 2.053723e+08 2.028684e+08 1.004464e+08 3.451248e+07
4.557243e+12 9.991429e+09 6.392512e+09 3.433251e+09 9.397424e+08 6.828507e+08 4.778010e+08 2.829294e+08 2.053615e+08 2.028580e+08 1.004444e+08 3.451242e+07
4.384763e+12 9.991597e+09 6.421464e+09 3.440553e+09 9.474416e+08 6.794937e+08 4.768629e+08 2.829027e+08 2.053506e+08 2.028474e+08 1.004424e+08 3.451236e+07
4.218681e+12 9.991761e+09 6.450069e+09 3.447950e+09 9.570762e+08 6.763306e+08 4.759236e+08 2.828762e+08 2.053398e+08 2.028369e+08 1.004404e+08 3.451230e+07
4.058952e+12 9.991917e+09 6.478203e+09 3.455279e+09 9.690366e+08 6.733631e+08 4.749842e+08 2.828497e+08 2.053290e+08 2.028265e+08 1.004383e+08 3.451224e+07
3.906854e+12 9.992071e+09 6.505897e+09 3.462410e+09 9.841446e+08 6.705761e+08 4.740358e+08 2.828231e+08 2.053182e+08 2.028159e+08 1.004363e+08 3.451218e+07
3.757408e+12 9.992217e+09 6.533191e+09 3.469549e+09 1.002990e+09 6.680090e+08 4.730890e+08 2.827963e+08 2.053075e+08 2.028055e+08 1.004342e+08 3.451212e+07
3.615144e+12 9.992358e+09 6.560403e+09 3.476891e+09 1.026696e+09 6.656441e+08 4.721342e+08 2.827689e+08 2.052967e+08 2.027950e+08 1.004322e+08 3.451205e+07
3.478399e+12 9.992499e+09 6.587009e+09 3.484231e+09 1.057157e+09 6.635198e+08 4.711813e+08 2.827415e+08 2.052859e+08 2.027846e+08 1.004301e+08 3.451199e+07
3.346572e+12 9.992630e+09 6.613072e+09 3.491461e+09 1.097636e+09 6.616430e+08 4.702326e+08 2.827143e+08 2.052753e+08 2.027742e+08 1.004281e+08 3.451192e+07
3.220773e+12 9.992757e+09 6.639149e+09 3.498650e+09 1.154167e+09 6.600027e+08 4.692752e+08 2.826869e+08 2.052646e+08 2.027638e+08 1.004260e+08 3.451186e+07
3.097951e+12 9.992882e+09 6.664606e+09 3.505673e+09 1.237410e+09 6.586372e+08 4.683234e+08 2.826598e+08 2.052539e+08 2.027535e+08 1.004240e+08 3.451179e+07
2.980656e+12 9.993000e+09 6.689599e+09 3.512758e+09 1.365344e+09 6.575500e+08 4.673711e+08 2.826327e+08 2.052433e+08 2.027432e+08 1.004219e+08 3.451173e+07
2.868793e+12 9.993116e+09 6.714174e+09 3.519927e+09 1.565240e+09 6.567605e+08 4.664175e+08 2.826056e+08 2.052327e+08 2.027329e+08 1.004198e+08 3.451166e+07
2.759220e+12 9.993227e+09 6.738062e+09 3.526901e+09 1.837619e+09 6.562889e+08 4.654720e+08 2.825788e+08 2.052223e+08 2.027228e+08 1.004178e+08 3.451159e+07
2.654750e+12 9.993334e+09 6.761848e+09 3.533773e+09 2.005313e+09 6.561494e+08 4.645215e+08 2.825518e+08 2.052118e+08 2.027125e+08 1.004157e+08 3.451153e+07
2.554655e+12 9.993438e+09 6.785241e+09 3.540494e+09 2.067853e+09 6.563714e+08 4.635764e+08 2.825251e+08 2.052013e+08 2.027024e+08 1.004137e+08 3.451146e+07
2.457526e+12 9.993536e+09 6.807850e+09 3.547039e+09 2.103513e+09 6.569639e+08 4.626422e+08 2.824983e+08 2.051910e+08 2.026924e+08 1.004116e+08 3.451139e+07
2.364478e+12 9.993633e+09 6.830188e+09 3.553651e+09 2.114385e+09 6.579676e+08 4.617006e+08 2.824713e+08 2.051806e+08 2.026823e+08 1.004095e+08 3.451132e+07
2.275143e+12 9.993727e+09 6.851783e+09 3.560237e+09 2.115362e+09 6.594035e+08 4.607690e+08 2.824445e+08 2.051703e+08 2.026723e+08 1.004075e+08 3.451125e+07
2.188819e+12 9.993815e+09 6.872675e+09 3.566522e+09 2.113960e+09 6.612860e+08 4.598509e+08 2.824181e+08 2.051602e+08 2.026625e+08 1.004055e+08 3.451119e+07
2.105945e+12 9.993902e+09 6.893607e+09 3.572608e+09 2.111876e+09 6.637017e+08 4.589259e+08 2.823914e+08 2.051500e+08 2.026525e+08 1.004034e+08 3.451112e+07
2.026476e+12 9.993988e+09 6.913891e+09 3.578363e+09 2.109615e+09 6.666618e+08 4.580124e+08 2.823650e+08 2.051398e+08 2.026427e+08 1.004014e+08 3.451105e+07
1.949492e+12 9.994067e+09 6.933182e+09 3.583895e+09 2.107333e+09 6.701839e+08 4.571149e+08 2.823390e+08 2.051299e+08 2.026330e+08 1.003993e+08 3.451098e+07
1.875680e+12 9.994144e+09 6.952436e+09 3.589525e+09 2.105045e+09 6.744033e+08 4.562145e+08 2.823128e+08 2.051198e+08 2.026232e+08 1.003973e+08 3.451091e+07
1.805283e+12 9.994218e+09 6.971215e+09 3.595073e+09 2.102768e+09 6.793455e+08 4.553237e+08 2.822868e+08 2.051098e+08 2.026135e+08 1.003953e+08 3.451084e+07
1.736334e+12 9.994289e+09 6.988750e+09 3.599987e+09 2.100470e+09 6.850132e+08 4.544516e+08 2.822611e+08 2.051000e+08 2.026040e+08 1.003932e+08 3.451077e+07
1.670592e+12 9.994357e+09 7.006140e+09 3.604886e+09 2.098064e+09 6.915598e+08 4.535848e+08 2.822355e+08 2.050902e+08 2.025944e+08 1.003912e+08 3.451069e+07
1.607727e+12 9.994423e+09 7.023414e+09 3.609810e+09 2.095553e+09 6.991242e+08 4.527218e+08 2.822097e+08 2.050803e+08 2.025848e+08 1.003892e+08 3.451062e+07
1.546482e+12 9.994484e+09 7.039461e+09 3.614145e+09 2.093000e+09 7.076822e+08 4.518802e+08 2.821843e+08 2.050706e+08 2.025754e+08 1.003872e+08 3.451055e+07
1.487929e+12 9.994542e+09 7.054844e+09 3.618168e+09 2.090416e+09 7.173715e+08 4.510561e+08 2.821593e+08 2.050610e+08 2.025661e+08 1.003852e+08 3.451048e+07
1.431592e+12 9.994600e+09 7.070086e+09 3.622169e+09 2.087761e+09 7.285564e+08 4.502344e+08 2.821339e+08 2.050513e+08 2.025567e+08 1.003832e+08 3.451040e+07
1.377951e+12 9.994658e+09 7.084790e+09 3.625907e+09 2.085061e+09 7.412747e+08 4.494288e+08 2.821088e+08 2.050417e+08 2.025473e+08 1.003812e+08 3.451033e+07
1.325238e+12 9.994709e+09 7.097673e+09 3.628788e+09 2.082291e+09 7.555294e+08 4.486488e+08 2.820841e+08 2.050322e+08 2.025381e+08 1.003792e+08 3.451025e+07
1.275061e+12 9.994757e+09 7.110527e+09 3.631590e+09 2.079447e+09 7.716580e+08 4.478836e+08 2.820594e+08 2.050228e+08 2.025290e+08 1.003772e+08 3.451018e+07
1.226785e+12 9.994804e+09 7.123472e+09 3.634471e+09 2.076516e+09 7.900981e+08 4.471263e+08 2.820346e+08 2.050133e+08 2.025197e+08 1.003752e+08 3.451010e+07
1.180765e+12 9.994850e+09 7.135861e+09 3.637112e+09 2.073541e+09 8.108819e+08 4.463910e+08 2.820100e+08 2.050039e+08 2.025106e+08 1.003732e+08 3.451003e+07
1.135646e+12 9.994888e+09 7.146014e+09 3.638976e+09 2.070498e+09 8.340274e+08 4.456855e+08 2.819858e+08 2.049946e+08 2.025016e+08 1.003713e+08 3.450995e+07
1.092647e+12 9.994925e+09 7.156037e+09 3.640436e+09 2.067312e+09 8.600755e+08 4.449987e+08 2.819617e+08 2.049854e+08 2.024926e+08 1.003693e+08 3.450988e+07
1.051277e+12 9.994962e+09 7.166025e+09 3.641575e+09 2.063956e+09 8.895245e+08 4.443256e+08 2.819375e+08 2.049761e+08 2.024836e+08 1.003673e+08 3.450980e+07
1.011815e+12 9.995000e+09 7.175773e+09 3.642248e+09 2.060454e+09 9.221872e+08 4.436737e+08 2.819133e+08 2.049668e+08 2.024746e+08 1.003654e+08 3.450973e+07
9.731768e+11 9.995032e+09 7.182883e+09 3.642041e+09 2.056871e+09 9.571450e+08 4.430561e+08 2.818897e+08 2.049577e+08 2.024657e+08 1.003634e+08 3.450965e+07
9.363301e+11 9.995057e+09 7.189216e+09 3.641411e+09 2.053194e+09 9.940764e+08 4.424674e+08 2.818665e+08 2.049487e+08 2.024570e+08 1.003615e+08 3.450958e+07
9.008784e+11 9.995082e+09 7.195583e+09 3.640636e+09 2.049354e+09 1.031926e+09 4.418966e+08 2.818431e+08 2.049395e+08 2.024482e+08 1.003596e+08 3.450950e+07
8.667691e+11 9.995107e+09 7.201987e+09 3.639703e+09 2.045337e+09 1.069153e+09 4.413450e+08 2.818197e+08 2.049304e+08 2.024394e+08 1.003576e+08 3.450942e+07
8.344080e+11 9.995131e+09 7.208084e+09 3.638224e+09 2.041174e+09 1.103960e+09 4.408222e+08 2.817965e+08 2.049213e+08 2.024306e+08 1.003557e+08 3.450934e+07
8.023760e+11 9.995142e+09 7.209908e+09 3.635426e+09 2.036910e+09 1.132745e+09 4.403380e+08 2.817740e+08 2.049124e+08 2.024220e+08 1.003538e+08 3.450927e+07
7.719962e+11 9.995152e+09 7.211243e+09 3.632026e+09 2.032502e+09 1.156157e+09 4.398848e+08 2.817520e+08 2.049037e+08 2.024136e+08 1.003519e+08 3.450919e+07
7.427666e+11 9.995162e+09 7.212621e+09 3.628290e+09 2.027868e+09 1.175525e+09 4.394550e+08 2.817299e+08 2.048949e+08 2.024051e+08 1.003501e+08 3.450912e+07
7.146438e+11 9.995172e+09 7.214063e+09 3.624271e+09 2.022983e+09 1.191655e+09 4.390500e+08 2.817079e+08 2.048861e+08 2.023966e+08 1.003482e+08 3.450904e+07
6.875857e+11 9.995182e+09 7.215401e+09 3.619739e+09 2.017798e+09 1.205198e+09 4.386707e+08 2.816859e+08 2.048772e+08 2.023881e+08 1.003463e+08 3.450896e+07
6.614603e+11 9.995189e+09 7.214555e+09 3.614009e+09 2.012153e+09 1.216838e+09 4.383131e+08 2.816638e+08 2.048682e+08 2.023793e+08 1.003443e+08 3.450888e+07
6.365042e+11 9.995180e+09 7.208996e+09 3.606637e+09 2.005920e+09 1.226842e+09 4.379787e+08 2.816413e+08 2.048589e+08 2.023704e+08 1.003423e+08 3.450880e+07
6.124047e+11 9.995168e+09 7.203107e+09 3.598565e+09 1.999062e+09 1.235156e+09 4.376740e+08 2.816190e+08 2.048496e+08 2.023614e+08 1.003403e+08 3.450872e+07
5.892177e+11 9.995157e+09 7.197156e+09 3.590240e+09 1.991443e+09 1.241877e+09 4.374009e+08 2.815969e+08 2.048402e+08 2.023524e+08 1.003383e+08 3.450863e+07
5.669085e+11 9.995145e+09 7.191127e+09 3.581786e+09 1.982853e+09 1.247128e+09 4.371602e+08 2.815752e+08 2.048308e+08 2.023433e+08 1.003362e+08 3.450855e+07
5.454441e+11 9.995133e+09 7.184940e+09 3.573161e+09 1.973016e+09 1.251021e+09 4.369521e+08 2.815537e+08 2.048214e+08 2.023342e+08 1.003342e+08 3.450846e+07
5.237831e+11 9.995115e+09 7.176044e+09 3.562669e+09 1.959697e+09 1.254104e+09 4.367471e+08 2.815291e+08 2.048103e+08 2.023235e+08 1.003317e+08 3.450836e+07
5.049223e+11 9.995078e+09 7.161150e+09 3.548769e+09 1.939880e+09 1.255653e+09 4.365617e+08 2.815003e+08 2.047969e+08 2.023105e+08 1.003288e+08 3.450823e+07
4.858048e+11 9.995038e+09 7.145330e+09 3.530501e+09 1.913243e+09 1.254990e+09 4.364373e+08 2.814711e+08 2.047827e+08 2.022967e+08 1.003257e+08 3.450810e+07
4.674111e+11 9.994997e+09 7.128786e+09 3.493991e+09 1.879274e+09 1.252262e+09 4.363821e+08 2.814433e+08 2.047683e+08 2.022826e+08 1.003226e+08 3.450797e+07
4.489239e+11 9.994954e+09 7.079241e+09 3.376283e+09 1.834686e+09 1.247459e+09 4.363962e+08 2.814157e+08 2.047530e+08 2.022678e+08 1.003193e+08 3.450783e+07
4.326864e+11 9.989093e+09 5.763572e+09 2.910930e+09 1.768126e+09 1.239395e+09 4.365061e+08 2.813848e+08 2.047345e+08 2.022498e+08 1.003154e+08 3.450766e+07
4.163039e+11 9.967702e+09 4.196127e+09 2.484544e+09 1.697072e+09 1.229278e+09 4.366419e+08 2.813522e+08 2.047147e+08 2.022306e+08 1.003112e+08 3.450748e+07
4.005320e+11 9.904931e+09 3.259513e+09 2.215154e+09 1.638250e+09 1.219463e+09 4.367635e+08 2.813212e+08 2.046961e+08 2.022127e+08 1.003072e+08 3.450731e+07
3.853762e+11 9.841799e+09 2.858761e+09 2.041723e+09 1.587126e+09 1.209580e+09 4.368823e+08 2.812891e+08 2.046772e+08 2.021944e+08 1.003031e+08 3.450714e+07
3.707850e+11 9.846884e+09 2.762956e+09 1.930324e+09 1.540999e+09 1.199146e+09 4.370068e+08 2.812537e+08 2.046560e+08 2.021739e+08 1.002985e+08 3.450695e+07
3.566619e+11 9.851870e+09 2.749979e+09 1.860493e+09 1.501437e+09 1.188850e+09 4.371284e+08 2.812171e+08 2.046337e+08 2.021524e+08 1.002938e+08 3.450675e+07
3.432389e+11 9.856707e+09 2.754174e+09 1.816293e+09 1.466509e+09 1.178542e+09 4.372488e+08 2.811789e+08 2.046105e+08 2.021298e+08 1.002889e+08 3.450654e+07
3.302431e+11 9.861390e+09 2.761870e+09 1.788886e+09 1.435670e+09 1.168297e+09 4.373666e+08 2.811390e+08 2.045864e+08 2.021063e+08 1.002837e+08 3.450631e+07
3.177531e+11 9.865941e+09 2.770534e+09 1.771942e+09 1.408669e+09 1.158294e+09 4.374797e+08 2.810983e+08 2.045619e+08 2.020825e+08 1.002784e+08 3.450608e+07
3.057090e+11 9.870375e+09 2.779617e+09 1.761237e+09 1.384861e+09 1.148535e+09 4.375878e+08 2.810568e+08 2.045369e+08 2.020582e+08 1.002730e+08 3.450584e+07
2.941589e+11 9.874646e+09 2.789595e+09 1.754180e+09 1.363712e+09 1.139008e+09 4.376911e+08 2.810143e+08 2.045115e+08 2.020334e+08 1.002675e+08 3.450558e+07
2.829976e+11 9.878818e+09 2.800398e+09 1.749179e+09 1.344986e+09 1.129791e+09 4.377883e+08 2.809714e+08 2.044859e+08 2.020085e+08 1.002619e+08 3.450532e+07
2.722827e+11 9.882856e+09 2.811508e+09 1.745194e+09 1.328236e+09 1.120848e+09 4.378799e+08 2.809279e+08 2.044600e+08 2.019833e+08 1.002562e+08 3.450505e+07
2.620304e+11 9.886767e+09 2.822765e+09 1.741767e+09 1.313154e+09 1.112152e+09 4.379662e+08 2.808838e+08 2.044338e+08 2.019578e+08 1.002504e+08 3.450478e+07
2.520545e+11 9.890603e+09 2.835142e+09 1.738784e+09 1.299581e+09 1.103736e+09 4.380466e+08 2.808393e+08 2.044074e+08 2.019321e+08 1.002446e+08 3.450449e+07
2.425144e+11 9.894281e+09 2.848216e+09 1.736167e+09 1.287214e+09 1.095518e+09 4.381220e+08 2.807939e+08 2.043806e+08 2.019061e+08 1.002386e+08 3.450420e+07
2.333291e+11 9.897852e+09 2.861999e+09 1.733872e+09 1.275985e+09 1.087544e+09 4.381918e+08 2.807481e+08 2.043536e+08 2.018798e+08 1.002325e+08 3.450389e+07
2.244947e+11 9.901314e+09 2.876539e+09 1.731731e+09 1.265732e+09 1.079799e+09 4.382562e+08 2.807017e+08 2.043264e+08 2.018533e+08 1.002263e+08 3.450358e+07
2.160306e+11 9.904656e+09 2.891615e+09 1.729734e+09 1.256259e+09 1.072217e+09 4.383158e+08 2.806544e+08 2.042987e+08 2.018264e+08 1.002200e+08 3.450326e+07
2.078168e+11 9.907940e+09 2.907760e+09 1.727987e+09 1.247524e+09 1.064836e+09 4.383702e+08 2.806066e+08 2.042708e+08 2.017992e+08 1.002135e+08 3.450292e+07
1.999484e+11 9.911086e+09 2.924485e+09 1.726377e+09 1.239407e+09 1.057617e+09 4.384196e+08 2.805579e+08 2.042424e+08 2.017716e+08 1.002070e+08 3.450258e+07
1.923894e+11 9.914126e+09 2.941843e+09 1.724963e+09 1.231843e+09 1.050563e+09 4.384641e+08 2.805084e+08 2.042136e+08 2.017436e+08 1.002003e+08 3.450222e+07
1.850940e+11 9.917085e+09 2.960140e+09 1.723808e+09 1.224777e+09 1.043677e+09 4.385035e+08 2.804582e+08 2.041845e+08 2.017153e+08 1.001935e+08 3.450186e+07
1.780957e+11 9.919935e+09 2.979422e+09 1.722949e+09 1.218125e+09 1.036920e+09 4.385380e+08 2.804070e+08 2.041549e+08 2.016864e+08 1.001867e+08 3.450149e+07
1.713432e+11 9.922721e+09 2.999836e+09 1.722378e+09 1.211866e+09 1.030316e+09 4.385676e+08 2.803549e+08 2.041248e+08 2.016572e+08 1.001797e+08 3.450110e+07
1.648557e+11 9.925397e+09 3.020754e+09 1.721960e+09 1.205941e+09 1.023849e+09 4.385923e+08 2.803020e+08 2.040943e+08 2.016276e+08 1.001727e+08 3.450071e+07
1.586297e+11 9.927976e+09 3.042200e+09 1.721732e+09 1.200310e+09 1.017505e+09 4.386120e+08 2.802481e+08 2.040633e+08 2.015974e+08 1.001655e+08 3.450030e+07
1.526084e+11 9.930490e+09 3.064954e+09 1.721757e+09 1.194960e+09 1.011296e+09 4.386267e+08 2.801933e+08 2.040319e+08 2.015669e+08 1.001582e+08 3.449987e+07
1.468308e+11 9.932911e+09 3.088552e+09 1.722059e+09 1.189851e+09 1.005197e+09 4.386364e+08 2.801374e+08 2.039999e+08 2.015357e+08 1.001508e+08 3.449943e+07
1.412710e+11 9.935256e+09 3.113083e+09 1.722657e+09 1.184982e+09 9.992281e+08 4.386412e+08 2.800806e+08 2.039675e+08 2.015042e+08 1.001432e+08 3.449898e+07
1.359222e+11 9.937522e+09 3.138630e+09 1.723504e+09 1.180327e+09 9.933842e+08 4.386409e+08 2.800229e+08 2.039345e+08 2.014722e+08 1.001356e+08 3.449851e+07
1.307901e+11 9.939701e+09 3.165259e+09 1.724651e+09 1.175856e+09 9.876435e+08 4.386356e+08 2.799640e+08 2.039010e+08 2.014396e+08 1.001277e+08 3.449803e+07
1.258244e+11 9.941816e+09 3.193132e+09 1.726062e+09 1.171576e+09 9.820248e+08 4.386253e+08 2.799042e+08 2.038671e+08 2.014066e+08 1.001198e+08 3.449753e+07
1.210604e+11 9.943859e+09 3.221795e+09 1.727776e+09 1.167465e+09 9.765090e+08 4.386099e+08 2.798434e+08 2.038326e+08 2.013730e+08 1.001117e+08 3.449702e+07
1.164805e+11 9.945830e+09 3.251433e+09 1.729841e+09 1.163525e+09 9.711077e+08 4.385895e+08 2.797815e+08 2.037975e+08 2.013390e+08 1.001035e+08 3.449649e+07
1.120667e+11 9.947736e+09 3.282230e+09 1.732168e+09 1.159753e+09 9.658220e+08 4.385640e+08 2.797187e+08 2.037620e+08 2.013044e+08 1.000951e+08 3.449595e+07
1.078337e+11 9.949563e+09 3.313994e+09 1.734766e+09 1.156130e+09 9.606312e+08 4.385334e+08 2.796547e+08 2.037259e+08 2.012693e+08 1.000867e+08 3.449538e+07
1.037411e+11 9.951312e+09 3.346930e+09 1.737702e+09 1.152665e+09 9.555540e+08 4.384978e+08 2.795897e+08 2.036893e+08 2.012338e+08 1.000780e+08 3.449480e+07
9.981323e+10 9.953023e+09 3.381070e+09 1.740912e+09 1.149343e+09 9.505748e+08 4.384571e+08 2.795236e+08 2.036521e+08 2.011976e+08 1.000693e+08 3.449420e+07
9.603973e+10 9.954641e+09 3.416260e+09 1.744432e+09 1.146167e+09 9.456981e+08 4.384114e+08 2.794565e+08 2.036144e+08 2.011610e+08 1.000604e+08 3.449359e+07
9.239800e+10 9.956225e+09 3.452570e+09 1.748306e+09 1.143139e+09 9.409281e+08 4.383607e+08 2.793885e+08 2.035763e+08 2.011239e+08 1.000514e+08 3.449296e+07
8.890774e+10 9.957754e+09 3.490066e+09 1.752596e+09 1.140245e+09 9.362456e+08 4.383049e+08 2.793192e+08 2.035375e+08 2.010862e+08 1.000423e+08 3.449231e+07
8.553366e+10 9.959226e+09 3.528752e+09 1.757243e+09 1.137497e+09 9.316685e+08 4.382441e+08 2.792490e+08 2.034982e+08 2.010480e+08 1.000330e+08 3.449164e+07
8.229516e+10 9.960640e+09 3.568643e+09 1.762294e+09 1.134893e+09 9.271829e+08 4.381784e+08 2.791777e+08 2.034583e+08 2.010093e+08 1.000233e+08 3.449095e+07
7.918512e+10 9.961903e+09 3.609732e+09 1.767764e+09 1.132434e+09 9.227902e+08 4.381076e+08 2.791053e+08 2.034179e+08 2.009701e+08 1.000136e+08 3.449025e+07
7.618137e+10 9.963192e+09 3.651865e+09 1.773602e+09 1.130123e+09 9.184967e+08 4.380321e+08 2.790320e+08 2.033771e+08 2.009303e+08 1.000037e+08 3.448952e+07
7.330441e+10 9.964446e+09 3.695398e+09 1.779793e+09 1.127948e+09 9.142833e+08 4.379514e+08 2.789574e+08 2.033356e+08 2.008900e+08 9.999366e+07 3.448878e+07
7.052178e+10 9.965639e+09 3.740141e+09 1.786382e+09 1.125923e+09 9.101678e+08 4.378661e+08 2.788819e+08 2.032936e+08 2.008492e+08 9.998353e+07 3.448802e+07
6.785166e+10 9.966782e+09 3.785890e+09 1.793456e+09 1.124042e+09 9.061361e+08 4.377758e+08 2.788053e+08 2.032510e+08 2.008078e+08 9.997326e+07 3.448724e+07
6.528743e+10 9.967703e+09 3.832639e+09 1.801000e+09 1.122308e+09 9.021926e+08 4.376807e+08 2.787276e+08 2.032079e+08 2.007659e+08 9.996266e+07 3.448643e+07
6.281089e+10 9.968718e+09 3.880618e+09 1.808985e+09 1.120730e+09 8.983412e+08 4.375810e+08 2.786490e+08 2.031643e+08 2.007236e+08 9.995191e+07 3.448561e+07
6.044024e+10 9.969714e+09 3.929976e+09 1.817438e+09 1.119305e+09 8.945633e+08 4.374764e+08 2.785691e+08 2.031200e+08 2.006806e+08 9.994100e+07 3.448477e+07
5.814461e+10 9.970502e+09 3.980513e+09 1.826353e+09 1.118040e+09 8.908759e+08 4.373672e+08 2.784883e+08 2.030753e+08 2.006371e+08 9.993000e+07 3.448391e+07
5.594312e+10 9.971388e+09 4.031941e+09 1.835787e+09 1.116928e+09 8.872644e+08 4.372532e+08 2.784063e+08 2.030299e+08 2.005930e+08 9.991885e+07 3.448303e+07
5.382807e+10 9.972219e+09 4.084319e+09 1.845722e+09 1.115975e+09 8.837352e+08 4.371346e+08 2.783232e+08 2.029840e+08 2.005485e+08 9.990759e+07 3.448213e+07
5.178705e+10 9.972980e+09 4.137713e+09 1.856167e+09 1.115186e+09 8.802912e+08 4.370117e+08 2.782393e+08 2.029377e+08 2.005034e+08 9.989622e+07 3.448121e+07
4.983419e+10 9.973605e+09 4.192072e+09 1.867190e+09 1.114563e+09 8.769149e+08 4.368839e+08 2.781540e+08 2.028906e+08 2.004577e+08 9.988470e+07 3.448027e+07
4.793973e+10 9.974197e+09 4.247373e+09 1.878754e+09 1.114107e+09 8.736207e+08 4.367519e+08 2.780678e+08 2.028431e+08 2.004115e+08 9.987308e+07 3.447931e+07
4.612462e+10 9.974808e+09 4.303656e+09 1.890912e+09 1.113820e+09 8.703934e+08 4.366152e+08 2.779803e+08 2.027949e+08 2.003647e+08 9.986131e+07 3.447832e+07
4.437945e+10 9.974946e+09 4.360704e+09 1.903661e+09 1.113706e+09 8.672437e+08 4.364741e+08 2.778919e+08 2.027462e+08 2.003174e+08 9.984943e+07 3.447732e+07
4.269798e+10 9.975417e+09 4.418248e+09 1.916936e+09 1.113760e+09 8.641709e+08 4.363290e+08 2.778026e+08 2.026970e+08 2.002696e+08 9.983745e+07 3.447630e+07
4.108971e+10 9.975877e+09 4.476415e+09 1.930812e+09 1.113984e+09 8.611592e+08 4.361792e+08 2.777119e+08 2.026471e+08 2.002212e+08 9.982531e+07 3.447525e+07
3.952590e+10 9.975950e+09 4.535116e+09 1.945275e+09 1.114380e+09 8.582216e+08 4.360253e+08 2.776203e+08 2.025967e+08 2.001722e+08 9.981306e+07 3.447419e+07
3.802991e+10 9.976255e+09 4.594317e+09 1.960441e+09 1.114948e+09 8.553422e+08 4.358668e+08 2.775273e+08 2.025456e+08 2.001226e+08 9.980066e+07 3.447310e+07
3.658948e+10 9.976463e+09 4.653648e+09 1.976233e+09 1.115689e+09 8.525349e+08 4.357043e+08 2.774334e+08 2.024940e+08 2.000725e+08 9.978816e+07 3.447199e+07
3.520412e+10 9.976587e+09 4.713066e+09 1.992643e+09 1.116603e+09 8.497956e+08 4.355380e+08 2.773385e+08 2.024419e+08 2.000219e+08 9.977554e+07 3.447087e+07
3.387743e+10 9.976385e+09 4.772644e+09 2.009753e+09 1.117697e+09 8.471112e+08 4.353671e+08 2.772423e+08 2.023891e+08 1.999706e+08 9.976277e+07 3.446972e+07
3.258877e+10 9.976108e+09 4.831932e+09 2.027526e+09 1.118962e+09 8.444930e+08 4.351925e+08 2.771452e+08 2.023357e+08 1.999188e+08 9.974990e+07 3.446855e+07
3.135693e+10 9.976030e+09 4.891043e+09 2.046049e+09 1.120401e+09 8.419267e+08 4.350132e+08 2.770466e+08 2.022817e+08 1.998662e+08 9.973685e+07 3.446736e+07
3.016772e+10 9.975808e+09 4.949542e+09 2.065230e+09 1.122010e+09 8.394248e+08 4.348304e+08 2.769471e+08 2.022271e+08 1.998132e+08 9.972371e+07 3.446615e+07
2.902550e+10 9.975503e+09 5.007397e+09 2.085067e+09 1.123786e+09 8.369805e+08 4.346436e+08 2.768466e+08 2.021719e+08 1.997597e+08 9.971043e+07 3.446492e+07
2.793026e+10 9.974766e+09 5.064449e+09 2.105612e+09 1.125733e+09 8.345883e+08 4.344526e+08 2.767447e+08 2.021161e+08 1.997054e+08 9.969701e+07 3.446366e+07
2.686916e+10 9.974099e+09 5.120412e+09 2.126816e+09 1.127842e+09 8.322552e+08 4.342582e+08 2.766420e+08 2.020597e+08 1.996507e+08 9.968348e+07 3.446239e+07
2.585502e+10 9.973528e+09 5.175327e+09 2.148810e+09 1.130125e+09 8.299676e+08 4.340592e+08 2.765377e+08 2.020026e+08 1.995952e+08 9.966977e+07 3.446110e+07
2.487303e+10 9.972752e+09 5.228873e+09 2.171465e+09 1.132566e+09 8.277363e+08 4.338569e+08 2.764325e+08 2.019450e+08 1.995392e+08 9.965596e+07 3.445978e+07
2.393128e+10 9.971898e+09 5.280983e+09 2.194863e+09 1.135166e+09 8.255526e+08 4.336505e+08 2.763261e+08 2.018866e+08 1.994826e+08 9.964199e+07 3.445845e+07
2.302692e+10 9.970560e+09 5.331522e+09 2.218966e+09 1.137919e+09 8.234189e+08 4.334404e+08 2.762185e+08 2.018276e+08 1.994253e+08 9.962789e+07 3.445709e+07
2.215340e+10 9.969377e+09 5.380357e+09 2.243716e+09 1.140819e+09 8.213372e+08 4.332270e+08 2.761099e+08 2.017681e+08 1.993675e+08 9.961367e+07 3.445571e+07
2.131860e+10 9.968171e+09 5.427499e+09 2.269225e+09 1.143876e+09 8.192958e+08 4.330092e+08 2.759999e+08 2.017078e+08 1.993089e+08 9.959927e+07 3.445432e+07
2.050760e+10 9.966704e+09 5.472594e+09 2.295354e+09 1.147069e+09 8.173042e+08 4.327882e+08 2.758888e+08 2.016470e+08 1.992499e+08 9.958476e+07 3.445290e+07
1.973113e+10 9.965153e+09 5.515632e+09 2.322219e+09 1.150409e+09 8.153511e+08 4.325629e+08 2.757763e+08 2.015853e+08 1.991900e+08 9.957006e+07 3.445146e+07
1.898428e+10 9.963287e+09 5.556310e+09 2.349686e+09 1.153877e+09 8.134448e+08 4.323344e+08 2.756628e+08 2.015231e+08 1.991295e+08 9.955524e+07 3.445000e+07
1.826529e+10 9.961377e+09 5.594625e+09 2.377724e+09 1.157462e+09 8.115839e+08 4.321028e+08 2.755483e+08 2.014603e+08 1.990686e+08 9.954031e+07 3.444853e+07
1.757751e+10 9.959266e+09 5.630648e+09 2.406466e+09 1.161179e+09 8.097576e+08 4.318669e+08 2.754322e+08 2.013967e+08 1.990068e+08 9.952518e+07 3.444703e+07
1.690834e+10 9.956976e+09 5.664163e+09 2.435738e+09 1.165003e+09 8.079744e+08 4.316280e+08 2.753151e+08 2.013325e+08 1.989445e+08 9.950993e+07 3.444551e+07
1.626908e+10 9.954577e+09 5.695173e+09 2.465670e+09 1.168946e+09 8.062237e+08 4.313848e+08 2.751965e+08 2.012675e+08 1.988813e+08 9.949448e+07 3.444397e+07
1.565220e+10 9.951871e+09 5.723433e+09 2.496079e+09 1.172983e+09 8.045138e+08 4.311386e+08 2.750769e+08 2.012019e+08 1.988176e+08 9.947891e+07 3.444241e+07
1.505957e+10 9.949064e+09 5.749212e+09 2.526935e+09 1.177108e+09 8.028406e+08 4.308891e+08 2.749561e+08 2.011356e+08 1.987532e+08 9.946319e+07 3.444083e+07
1.449151e+10 9.946102e+09 5.772364e+09 2.558289e+09 1.181326e+09 8.011994e+08 4.306358e+08 2.748338e+08 2.010686e+08 1.986881e+08 9.944728e+07 3.443923e+07
1.394078e+10 9.942881e+09 5.792747e+09 2.589983e+09 1.185611e+09 7.995950e+08 4.303796e+08 2.747105e+08 2.010009e+08 1.986224e+08 9.943125e+07 3.443761e+07
1.341468e+10 9.939494e+09 5.810757e+09 2.622131e+09 1.189980e+09 7.980180e+08 4.301192e+08 2.745856e+08 2.009324e+08 1.985558e+08 9.941501e+07 3.443597e+07
1.290511e+10 9.935862e+09 5.826204e+09 2.654546e+09 1.194401e+09 7.964756e+08 4.298560e+08 2.744597e+08 2.008633e+08 1.984887e+08 9.939864e+07 3.443432e+07
1.241649e+10 9.932026e+09 5.838950e+09 2.687281e+09 1.198877e+09 7.949613e+08 4.295891e+08 2.743323e+08 2.007933e+08 1.984208e+08 9.938208e+07 3.443264e+07
1.194725e+10 9.928032e+09 5.848897e+09 2.720242e+09 1.203398e+09 7.934764e+08 4.293188e+08 2.742036e+08 2.007227e+08 1.983522e+08 9.936536e+07 3.443094e+07
1.149406e+10 9.923752e+09 5.856393e+09 2.753288e+09 1.207945e+09 7.920223e+08 4.290459e+08 2.740740e+08 2.006514e+08 1.982830e+08 9.934850e+07 3.442922e+07
1.106112e+10 9.919323e+09 5.861681e+09 2.786542e+09 1.212535e+09 7.905905e+08 4.287688e+08 2.739426e+08 2.005792e+08 1.982128e+08 9.933141e+07 3.442748e+07
1.064015e+10 9.914716e+09 5.864227e+09 2.819784e+09 1.217134e+09 7.891871e+08 4.284890e+08 2.738102e+08 2.005064e+08 1.981421e+08 9.931419e+07 3.442573e+07
1.023734e+10 9.909753e+09 5.864995e+09 2.853129e+09 1.221759e+09 7.878043e+08 4.282051e+08 2.736760e+08 2.004326e+08 1.980704e+08 9.929674e+07 3.442395e+07
9.849684e+09 9.904795e+09 5.863981e+09 2.886210e+09 1.226357e+09 7.864540e+08 4.279196e+08 2.735413e+08 2.003585e+08 1.979985e+08 9.927922e+07 3.442216e+07
9.476752e+09 9.899447e+09 5.861005e+09 2.918959e+09 1.230922e+09 7.851343e+08 4.276327e+08 2.734061e+08 2.002841e+08 1.979262e+08 9.926162e+07 3.442036e+07
9.117941e+09 9.893799e+09 5.855724e+09 2.951867e+09 1.235522e+09 7.838224e+08 4.273396e+08 2.732682e+08 2.002082e+08 1.978525e+08 9.924366e+07 3.441853e+07
8.772714e+09 9.887852e+09 5.847943e+09 2.984874e+09 1.240147e+09 7.825177e+08 4.270401e+08 2.731275e+08 2.001306e+08 1.977771e+08 9.922532e+07 3.441665e+07
8.440717e+09 9.881736e+09 5.838157e+09 3.017253e+09 1.244695e+09 7.812458e+08 4.267404e+08 2.729867e+08 2.000531e+08 1.977018e+08 9.920697e+07 3.441478e+07
8.120981e+09 9.875461e+09 5.827047e+09 3.048915e+09 1.249157e+09 7.800056e+08 4.264407e+08 2.728461e+08 1.999755e+08 1.976265e+08 9.918863e+07 3.441288e+07
7.813502e+09 9.868881e+09 5.815551e+09 3.080457e+09 1.253617e+09 7.787710e+08 4.261348e+08 2.727027e+08 1.998964e+08 1.975496e+08 9.916992e+07 3.441092e+07
7.517664e+09 9.861988e+09 5.803184e+09 3.111831e+09 1.258068e+09 7.775411e+08 4.258225e+08 2.725563e+08 1.998157e+08 1.974712e+08 9.915081e+07 3.440889e+07
7.233329e+09 9.855201e+09 5.789515e+09 3.142372e+09 1.262417e+09 7.763395e+08 4.255099e+08 2.724099e+08 1.997348e+08 1.973927e+08 9.913167e+07 3.440684e+07
6.959169e+09 9.848040e+09 5.774183e+09 3.172015e+09 1.266652e+09 7.751660e+08 4.251975e+08 2.722636e+08 1.996541e+08 1.973142e+08 9.911255e+07 3.440479e+07
6.695679e+09 9.840562e+09 5.756734e+09 3.201303e+09 1.270854e+09 7.739960e+08 4.248790e+08 2.721145e+08 1.995717e+08 1.972342e+08 9.909304e+07 3.440270e+07
6.442165e+09 9.832757e+09 5.737024e+09 3.230201e+09 1.275017e+09 7.728275e+08 4.245540e+08 2.719624e+08 1.994876e+08 1.971525e+08 9.907312e+07 3.440057e+07
6.198632e+09 9.825084e+09 5.715814e+09 3.258106e+09 1.279056e+09 7.716826e+08 4.242286e+08 2.718101e+08 1.994034e+08 1.970707e+08 9.905316e+07 3.439844e+07
5.963570e+09 9.817092e+09 5.694788e+09 3.284953e+09 1.282959e+09 7.705618e+08 4.239037e+08 2.716581e+08 1.993192e+08 1.969889e+08 9.903321e+07 3.439631e+07
5.737776e+09 9.808782e+09 5.673812e+09 3.311233e+09 1.286799e+09 7.694424e+08 4.235726e+08 2.715032e+08 1.992335e+08 1.969056e+08 9.901287e+07 3.439415e+07
5.520531e+09 9.800143e+09 5.652548e+09 3.336932e+09 1.290574e+09 7.683226e+08 4.232349e+08 2.713451e+08 1.991459e+08 1.968206e+08 9.899210e+07 3.439194e+07
5.311928e+09 9.791886e+09 5.630857e+09 3.361521e+09 1.294206e+09 7.672228e+08 4.228969e+08 2.711869e+08 1.990583e+08 1.967354e+08 9.897128e+07 3.438972e+07
5.110405e+09 9.783194e+09 5.608491e+09 3.384958e+09 1.297686e+09 7.661442e+08 4.225595e+08 2.710290e+08 1.989706e+08 1.966503e+08 9.895047e+07 3.438752e+07
4.916913e+09 9.774159e+09 5.585102e+09 3.407675e+09 1.301080e+09 7.650651e+08 4.222160e+08 2.708681e+08 1.988814e+08 1.965635e+08 9.892925e+07 3.438527e+07
4.730747e+09 9.764795e+09 5.560665e+09 3.429669e+09 1.304385e+09 7.639831e+08 4.218657e+08 2.707040e+08 1.987903e+08 1.964750e+08 9.890758e+07 3.438298e+07
4.552052e+09 9.755270e+09 5.535667e+09 3.450504e+09 1.307535e+09 7.629181e+08 4.215151e+08 2.705397e+08 1.986990e+08 1.963863e+08 9.888586e+07 3.438068e+07
4.379295e+09 9.745908e+09 5.510064e+09 3.470155e+09 1.310524e+09 7.618718e+08 4.211652e+08 2.703757e+08 1.986078e+08 1.962977e+08 9.886415e+07 3.437839e+07
4.213485e+09 9.736262e+09 5.483347e+09 3.488990e+09 1.313405e+09 7.608234e+08 4.208092e+08 2.702087e+08 1.985150e+08 1.962075e+08 9.884202e+07 3.437606e+07
4.053953e+09 9.726303e+09 5.455686e+09 3.507019e+09 1.316180e+09 7.597697e+08 4.204464e+08 2.700384e+08 1.984202e+08 1.961154e+08 9.881941e+07 3.437368e+07
3.900863e+09 9.716125e+09 5.427716e+09 3.523900e+09 1.318795e+09 7.587298e+08 4.200832e+08 2.698679e+08 1.983252e+08 1.960231e+08 9.879674e+07 3.437130e+07
3.752781e+09 9.706195e+09 5.399797e+09 3.539629e+09 1.321244e+09 7.577060e+08 4.197209e+08 2.696977e+08 1.982303e+08 1.959309e+08 9.877408e+07 3.436892e+07
3.610692e+09 9.696029e+09 5.371940e+09 3.554506e+09 1.323572e+09 7.566783e+08 4.193525e+08 2.695245e+08 1.981337e+08 1.958370e+08 9.875099e+07 3.436650e+07
3.473983e+09 9.685571e+09 5.344255e+09 3.568553e+09 1.325782e+09 7.556436e+08 4.189770e+08 2.693478e+08 1.980352e+08 1.957412e+08 9.872741e+07 3.436404e+07
3.342818e+09 9.675352e+09 5.316812e+09 3.581510e+09 1.327829e+09 7.546209e+08 4.186013e+08 2.691709e+08 1.979364e+08 1.956452e+08 9.870375e+07 3.436156e+07
3.215897e+09 9.665131e+09 5.289426e+09 3.593398e+09 1.329714e+09 7.536127e+08 4.182266e+08 2.689943e+08 1.978377e+08 1.955493e+08 9.868010e+07 3.435910e+07
3.094136e+09 9.654670e+09 5.261560e+09 3.604458e+09 1.331470e+09 7.525991e+08 4.178457e+08 2.688147e+08 1.977373e+08 1.954517e+08 9.865601e+07 3.435659e+07
2.976985e+09 9.643889e+09 5.233098e+09 3.614712e+09 1.333099e+09 7.515768e+08 4.174576e+08 2.686314e+08 1.976348e+08 1.953520e+08 9.863139e+07 3.435402e+07
2.864594e+09 9.632903e+09 5.204579e+09 3.623980e+09 1.334569e+09 7.505644e+08 4.170693e+08 2.684480e+08 1.975321e+08 1.952522e+08 9.860671e+07 3.435146e+07
2.755821e+09 9.622468e+09 5.176281e+09 3.632291e+09 1.335881e+09 7.495647e+08 4.166821e+08 2.682649e+08 1.974295e+08 1.951525e+08 9.858203e+07 3.434889e+07
2.651480e+09 9.611824e+09 5.147693e+09 3.639822e+09 1.337060e+09 7.485582e+08 4.162888e+08 2.680787e+08 1.973251e+08 1.950510e+08 9.855689e+07 3.434628e+07
2.551088e+09 9.600793e+09 5.118686e+09 3.646594e+09 1.338107e+09 7.475416e+08 4.158880e+08 2.678888e+08 1.972186e+08 1.949475e+08 9.853120e+07 3.434362e+07
2.454774e+09 9.589558e+09 5.089774e+09 3.652499e+09 1.339002e+09 7.465334e+08 4.154870e+08 2.676987e+08 1.971119e+08 1.948437e+08 9.850544e+07 3.434096e+07
2.361565e+09 9.579062e+09 5.061099e+09 3.657588e+09 1.339749e+09 7.455367e+08 4.150874e+08 2.675090e+08 1.970053e+08 1.947401e+08 9.847969e+07 3.433829e+07
2.272151e+09 9.568385e+09 5.032276e+09 3.661982e+09 1.340363e+09 7.445318e+08 4.146814e+08 2.673161e+08 1.968969e+08 1.946347e+08 9.845345e+07 3.433558e+07
2.186122e+09 9.557217e+09 5.003387e+09 3.665695e+09 1.340843e+09 7.435156e+08 4.142678e+08 2.671193e+08 1.967862e+08 1.945271e+08 9.842664e+07 3.433281e+07
2.103575e+09 9.545570e+09 4.974958e+09 3.668688e+09 1.341181e+09 7.425068e+08 4.138542e+08 2.669224e+08 1.966753e+08 1.944193e+08 9.839976e+07 3.433004e+07
2.023713e+09 9.534574e+09 4.946980e+09 3.671028e+09 1.341382e+09 7.415082e+08 4.134419e+08 2.667259e+08 1.965646e+08 1.943117e+08 9.837289e+07 3.432727e+07
1.947091e+09 9.523936e+09 4.919091e+09 3.672813e+09 1.341452e+09 7.405003e+08 4.130231e+08 2.665261e+08 1.964520e+08 1.942022e+08 9.834551e+07 3.432445e+07
1.873369e+09 9.513115e+09 4.891333e+09 3.674052e+09 1.341390e+09 7.394800e+08 4.125965e+08 2.663223e+08 1.963370e+08 1.940904e+08 9.831753e+07 3.432157e+07
1.802613e+09 9.502529e+09 4.864176e+09 3.674737e+09 1.341196e+09 7.384666e+08 4.121702e+08 2.661185e+08 1.962219e+08 1.939784e+08 9.828949e+07 3.431868e+07
1.734195e+09 9.492349e+09 4.837664e+09 3.674923e+09 1.340879e+09 7.374627e+08 4.117453e+08 2.659151e+08 1.961070e+08 1.938667e+08 9.826145e+07 3.431580e+07
1.668534e+09 9.482033e+09 4.811352e+09 3.674667e+09 1.340435e+09 7.364483e+08 4.113136e+08 2.657083e+08 1.959900e+08 1.937529e+08 9.823288e+07 3.431286e+07
1.605360e+09 9.470924e+09 4.785260e+09 3.673976e+09 1.339861e+09 7.354205e+08 4.108740e+08 2.654974e+08 1.958707e+08 1.936368e+08 9.820368e+07 3.430986e+07
1.544702e+09 9.459508e+09 4.760006e+09 3.672877e+09 1.339169e+09 7.343993e+08 4.104349e+08 2.652864e+08 1.957512e+08 1.935206e+08 9.817443e+07 3.430686e+07
1.486096e+09 9.448809e+09 4.735755e+09 3.671409e+09 1.338368e+09 7.333869e+08 4.099975e+08 2.650761e+08 1.956320e+08 1.934047e+08 9.814519e+07 3.430385e+07
1.429829e+09 9.438713e+09 4.712156e+09 3.669564e+09 1.337444e+09 7.323628e+08 4.095530e+08 2.648620e+08 1.955106e+08 1.932866e+08 9.811537e+07 3.430079e+07
1.375692e+09 9.428567e+09 4.689323e+09 3.667347e+09 1.336394e+09 7.313246e+08 4.091003e+08 2.646437e+08 1.953867e+08 1.931661e+08 9.808489e+07 3.429767e+07
1.323685e+09 9.418220e+09 4.667871e+09 3.664838e+09 1.335239e+09 7.302930e+08 4.086484e+08 2.644256e+08 1.952628e+08 1.930456e+08 9.805438e+07 3.429454e+07
1.273491e+09 9.407907e+09 4.647947e+09 3.662090e+09 1.333990e+09 7.292698e+08 4.081981e+08 2.642082e+08 1.951392e+08 1.929253e+08 9.802389e+07 3.429141e+07
1.225273e+09 9.398232e+09 4.629345e+09 3.659065e+09 1.332623e+09 7.282337e+08 4.077404e+08 2.639868e+08 1.950133e+08 1.928028e+08 9.799277e+07 3.428821e+07
1.178882e+09 9.388617e+09 4.612299e+09 3.655769e+09 1.331134e+09 7.271828e+08 4.072742e+08 2.637610e+08 1.948847e+08 1.926777e+08 9.796098e+07 3.428495e+07
1.134284e+09 9.379477e+09 4.597408e+09 3.652303e+09 1.329555e+09 7.261388e+08 4.068094e+08 2.635356e+08 1.947563e+08 1.925528e+08 9.792916e+07 3.428169e+07
1.091301e+09 9.370711e+09 4.584785e+09 3.648710e+09 1.327897e+09 7.251032e+08 4.063466e+08 2.633109e+08 1.946282e+08 1.924281e+08 9.789738e+07 3.427842e+07
1.049982e+09 9.361617e+09 4.574422e+09 3.644933e+09 1.326124e+09 7.240534e+08 4.058758e+08 2.630820e+08 1.944975e+08 1.923010e+08 9.786492e+07 3.427509e+07
1.010227e+09 9.351511e+09 4.566664e+09 3.640980e+09 1.324234e+09 7.229881e+08 4.053964e+08 2.628486e+08 1.943642e+08 1.921713e+08 9.783175e+07 3.427169e+07
